 frequency                ac_re                    ac_im                   
 1.00000000000000000e+00  1.99575058546943893e+01 -8.19034185671229834e-06 
 1.02329299228075410e+00  1.99575058546943218e+01 -8.38111942635742086e-06 
 1.04712854805089939e+00  1.99575058546942294e+01 -8.57634077645961284e-06 
 1.07151930523760619e+00  1.99575058546941371e+01 -8.77610941596280508e-06 
 1.09647819614318465e+00  1.99575058546940518e+01 -8.98053126484387833e-06 
 1.12201845430196312e+00  1.99575058546939559e+01 -9.18971471027292638e-06 
 1.14815362149688238e+00  1.99575058546938635e+01 -9.40377066408164801e-06 
 1.17489755493952908e+00  1.99575058546937605e+01 -9.62281262157007133e-06 
 1.20226443461741250e+00  1.99575058546936575e+01 -9.84695672168342000e-06 
 1.23026877081238117e+00  1.99575058546935402e+01 -1.00763218085904733e-05 
 1.25892541179416684e+00  1.99575058546934230e+01 -1.03110294946963751e-05 
 1.28824955169313360e+00  1.99575058546933128e+01 -1.05512042251229556e-05 
 1.31825673855640679e+00  1.99575058546931707e+01 -1.07969733436913869e-05 
 1.34896288259165331e+00  1.99575058546930322e+01 -1.10484671604414681e-05 
 1.38038426460288455e+00  1.99575058546929114e+01 -1.13058190207237788e-05 
 1.41253754462275394e+00  1.99575058546927622e+01 -1.15691653759010656e-05 
 1.44543977074592700e+00  1.99575058546926023e+01 -1.18386458556967105e-05 
 1.47910838816820678e+00  1.99575058546924389e+01 -1.21144033422279858e-05 
 1.51356124843620754e+00  1.99575058546922719e+01 -1.23965840457644367e-05 
 1.54881661891248057e+00  1.99575058546920943e+01 -1.26853375822500717e-05 
 1.58489319246111271e+00  1.99575058546918989e+01 -1.29808170526321652e-05 
 1.62181009735892911e+00  1.99575058546917035e+01 -1.32831791240369664e-05 
 1.65958690743755977e+00  1.99575058546915081e+01 -1.35925841128370016e-05 
 1.69824365246174347e+00  1.99575058546912807e+01 -1.39091960696527606e-05 
 1.73780082874937447e+00  1.99575058546910604e+01 -1.42331828663346668e-05 
 1.77827941003892165e+00  1.99575058546908295e+01 -1.45647162849706759e-05 
 1.81970085860998210e+00  1.99575058546905879e+01 -1.49039721089678207e-05 
 1.86208713666286596e+00  1.99575058546903321e+01 -1.52511302162545511e-05 
 1.90546071796324568e+00  1.99575058546900692e+01 -1.56063746746544672e-05 
 1.94984459975804381e+00  1.99575058546897779e+01 -1.59698938394817114e-05 
 1.99526231496887796e+00  1.99575058546894937e+01 -1.63418804534091393e-05 
 2.04173794466952740e+00  1.99575058546891881e+01 -1.67225317486633580e-05 
 2.08929613085403743e+00  1.99575058546888577e+01 -1.71120495515995838e-05 
 2.13796208950222999e+00  1.99575058546885025e+01 -1.75106403897127820e-05 
 2.18776162394955032e+00  1.99575058546881543e+01 -1.79185156011412637e-05 
 2.23872113856833721e+00  1.99575058546877884e+01 -1.83358914467211619e-05 
 2.29086765276777049e+00  1.99575058546873940e+01 -1.87629892246503049e-05 
 2.34422881531991933e+00  1.99575058546869819e+01 -1.92000353878239569e-05 
 2.39883291901948770e+00  1.99575058546865591e+01 -1.96472616639027341e-05 
 2.45470891568502747e+00  1.99575058546861008e+01 -2.01049051781777765e-05 
 2.51188643150957702e+00  1.99575058546856248e+01 -2.05732085792982231e-05 
 2.57039578276886038e+00  1.99575058546851345e+01 -2.10524201679260063e-05 
 2.63026799189537819e+00  1.99575058546846300e+01 -2.15427940283885227e-05 
 2.69153480392691202e+00  1.99575058546841007e+01 -2.20445901633975429e-05 
 2.75422870333816272e+00  1.99575058546835393e+01 -2.25580746319057273e-05 
 2.81838293126444972e+00  1.99575058546829354e+01 -2.30835196901751836e-05 
 2.88403150312660150e+00  1.99575058546823314e+01 -2.36212039361309047e-05 
 2.95120922666638119e+00  1.99575058546816848e+01 -2.41714124570771013e-05 
 3.01995172040201165e+00  1.99575058546809956e+01 -2.47344369808544595e-05 
 3.09029543251358563e+00  1.99575058546803241e+01 -2.53105760305181454e-05 
 3.16227766016837419e+00  1.99575058546795781e+01 -2.59001350826181320e-05 
 3.23593656929627738e+00  1.99575058546787858e+01 -2.65034267291677795e-05 
 3.31131121482590540e+00  1.99575058546779971e+01 -2.71207708433835135e-05 
 3.38844156139201980e+00  1.99575058546771160e+01 -2.77524947492861711e-05 
 3.46736850452531042e+00  1.99575058546762669e+01 -2.83989333952527125e-05 
 3.54813389233574838e+00  1.99575058546753219e+01 -2.90604295316096106e-05 
 3.63078054770100689e+00  1.99575058546743307e+01 -2.97373338923643084e-05 
 3.71535229097171849e+00  1.99575058546733004e+01 -3.04300053811688772e-05 
 3.80189396320560480e+00  1.99575058546722346e+01 -3.11388112616156507e-05 
 3.89045144994279868e+00  1.99575058546711013e+01 -3.18641273519637780e-05 
 3.98107170553496470e+00  1.99575058546699502e+01 -3.26063382244055607e-05 
 4.07380277804111923e+00  1.99575058546686996e+01 -3.33658374089697393e-05 
 4.16869383470334576e+00  1.99575058546674100e+01 -3.41430276021771102e-05 
 4.26579518801591817e+00  1.99575058546660884e+01 -3.49383208805555961e-05 
 4.36515832240165125e+00  1.99575058546646602e+01 -3.57521389191281329e-05 
 4.46683592150962205e+00  1.99575058546657758e+01 -3.65849132150019714e-05 
 4.57088189614874096e+00  1.99575058546642481e+01 -3.74370853161103514e-05 
 4.67735141287197198e+00  1.99575058546625996e+01 -3.83091070553915244e-05 
 4.78630092322637335e+00  1.99575058546609228e+01 -3.92014407903144995e-05 
 4.89778819368445184e+00  1.99575058546591215e+01 -4.01145596480370151e-05 
 5.01187233627271223e+00  1.99575058546572741e+01 -4.10489477762635964e-05 
 5.12861383991363784e+00  1.99575058546553130e+01 -4.20051005999480312e-05 
 5.24807460249771474e+00  1.99575058546532773e+01 -4.29835250839736345e-05 
 5.37031796370251602e+00  1.99575058546511670e+01 -4.39847400019530092e-05 
 5.49540873857623335e+00  1.99575058546489075e+01 -4.50092762112880223e-05 
 5.62341325190347785e+00  1.99575058546465591e+01 -4.60576769346385348e-05 
 5.75439937337155616e+00  1.99575058546441042e+01 -4.71304980479454326e-05 
 5.88843655355587625e+00  1.99575058546415320e+01 -4.82283083751623804e-05 
 6.02559586074356357e+00  1.99575058546388462e+01 -4.93516899898571292e-05 
 6.16595001861480707e+00  1.99575058546360431e+01 -5.05012385238309998e-05 
 6.30957344480191740e+00  1.99575058546330837e+01 -5.16775634829330839e-05 
 6.45654229034653948e+00  1.99575058546300035e+01 -5.28812885702269561e-05 
 6.60693448007594419e+00  1.99575058546267670e+01 -5.41130520166876035e-05 
 6.76082975391980145e+00  1.99575058546233564e+01 -5.53735069195976406e-05 
 6.91830970918934796e+00  1.99575058546198321e+01 -5.66633215888313595e-05 
 7.07945784384136179e+00  1.99575058546161230e+01 -5.79831799011990034e-05 
 7.24435960074988294e+00  1.99575058546122222e+01 -5.93337816630484251e-05 
 7.41310241300915695e+00  1.99575058546081330e+01 -6.07158429813103298e-05 
 7.58577575029181883e+00  1.99575058546038662e+01 -6.21300966431897919e-05 
 7.76247116628689771e+00  1.99575058545994217e+01 -6.35772925046981341e-05 
 7.94328234724279447e+00  1.99575058545947357e+01 -6.50581978882376968e-05 
 8.12830516164097183e+00  1.99575058545898472e+01 -6.65735979894437437e-05 
 8.31763771102668947e+00  1.99575058545847135e+01 -6.81242962935090288e-05 
 8.51138038202374325e+00  1.99575058545793524e+01 -6.97111150012010098e-05 
 8.70963589956078366e+00  1.99575058545737249e+01 -7.13348954648012728e-05 
 8.91250938133743098e+00  1.99575058545678559e+01 -7.29964986342059101e-05 
 9.12010839355907166e+00  1.99575058545616741e+01 -7.46968055134082176e-05 
 9.33254300796988367e+00  1.99575058545552331e+01 -7.64367176276222414e-05 
 9.54992586021433176e+00  1.99575058545484758e+01 -7.82171575012819141e-05 
 9.77237220955807828e+00  1.99575058545413953e+01 -8.00390691471740000e-05 
 9.99999999999996980e+00  1.99575058545339985e+01 -8.19034185669703142e-05 
 1.02329299228075108e+01  1.99575058545262287e+01 -8.38111942634090981e-05 
 1.04712854805089641e+01  1.99575058545180930e+01 -8.57634077644183124e-05 
 1.07151930523760317e+01  1.99575058545095843e+01 -8.77610941594357167e-05 
 1.09647819614318163e+01  1.99575058545006812e+01 -8.98053126482319276e-05 
 1.12201845430195988e+01  1.99575058544913873e+01 -9.18971471025073310e-05 
 1.14815362149687914e+01  1.99575058544816315e+01 -9.40377066405765055e-05 
 1.17489755493952579e+01  1.99575058544713855e+01 -9.62281262154421379e-05 
 1.20226443461740899e+01  1.99575058544606776e+01 -9.84695672165566646e-05 
 1.23026877081237753e+01  1.99575058544494297e+01 -1.00763218085604857e-04 
 1.25892541179416302e+01  1.99575058544377022e+01 -1.03110294946641052e-04 
 1.28824955169312965e+01  1.99575058544254347e+01 -1.05512042250882957e-04 
 1.31825673855640257e+01  1.99575058544125454e+01 -1.07969733436540867e-04 
 1.34896288259164887e+01  1.99575058543990593e+01 -1.10484671604013621e-04 
 1.38038426460287997e+01  1.99575058543849408e+01 -1.13058190206806469e-04 
 1.41253754462274923e+01  1.99575058543701438e+01 -1.15691653758547000e-04 
 1.44543977074592220e+01  1.99575058543546859e+01 -1.18386458556468433e-04 
 1.47910838816820203e+01  1.99575058543384465e+01 -1.21144033421743350e-04 
 1.51356124843620261e+01  1.99575058543203099e+01 -1.23965840457057597e-04 
 1.54881661891247564e+01  1.99575058543025357e+01 -1.26853375821871277e-04 
 1.58489319246110760e+01  1.99575058542839088e+01 -1.29808170525644876e-04 
 1.62181009735892374e+01  1.99575058542644079e+01 -1.32831791239644120e-04 
 1.65958690743755426e+01  1.99575058542440047e+01 -1.35925841127590820e-04 
 1.69824365246173770e+01  1.99575058542226493e+01 -1.39091960695690955e-04 
 1.73780082874936852e+01  1.99575058542002672e+01 -1.42331828662448925e-04 
 1.77827941003891574e+01  1.99575058541768264e+01 -1.45647162848743005e-04 
 1.81970085860997628e+01  1.99575058541522985e+01 -1.49039721088644559e-04 
 1.86208713666286023e+01  1.99575058541266159e+01 -1.52511302161437124e-04 
 1.90546071796323986e+01  1.99575058540997254e+01 -1.56063746745354313e-04 
 1.94984459975803794e+01  1.99575058540715666e+01 -1.59698938393540554e-04 
 1.99526231496887192e+01  1.99575058540420471e+01 -1.63418804532721313e-04 
 2.04173794466952145e+01  1.99575058540111883e+01 -1.67225317485164527e-04 
 2.08929613085403147e+01  1.99575058539788586e+01 -1.71120495514423792e-04 
 2.13796208950222386e+01  1.99575058539449657e+01 -1.75106403895442604e-04 
 2.18776162394954419e+01  1.99575058539094954e+01 -1.79185156009605001e-04 
 2.23872113856833082e+01  1.99575058538723731e+01 -1.83358914465273391e-04 
 2.29086765276776383e+01  1.99575058538334922e+01 -1.87629892244422852e-04 
 2.34422881531991258e+01  1.99575058537927603e+01 -1.92000353876007875e-04 
 2.39883291901948077e+01  1.99575058537501100e+01 -1.96472616636633030e-04 
 2.45470891568502019e+01  1.99575058537092715e+01 -2.01049051779316314e-04 
 2.51188643150956956e+01  1.99575058536625107e+01 -2.05732085790336859e-04 
 2.57039578276885301e+01  1.99575058536135934e+01 -2.10524201676418369e-04 
 2.63026799189537073e+01  1.99575058535611518e+01 -2.15427940280816556e-04 
 2.69153480392690412e+01  1.99575058535074596e+01 -2.20445901630679888e-04 
 2.75422870333815446e+01  1.99575058534512415e+01 -2.25580746315519982e-04 
 2.81838293126444164e+01  1.99575058533923766e+01 -2.30835196897951754e-04 
 2.88403150312659342e+01  1.99575058533307406e+01 -2.36212039357231308e-04 
 2.95120922666637284e+01  1.99575058532688274e+01 -2.41714124566464589e-04 
 3.01995172040200295e+01  1.99575058532154124e+01 -2.47344369804334272e-04 
 3.09029543251357701e+01  1.99575058531446352e+01 -2.53105760300637711e-04 
 3.16227766016836540e+01  1.99575058530705434e+01 -2.59001350821281011e-04 
 3.23593656929626832e+01  1.99575058529929450e+01 -2.65034267286392547e-04 
 3.31131121482589634e+01  1.99575058529111438e+01 -2.71207708428127501e-04 
 3.38844156139201047e+01  1.99575058528260598e+01 -2.77524947486713241e-04 
 3.46736850452530092e+01  1.99575058527369720e+01 -2.83989333945902243e-04 
 3.54813389233573844e+01  1.99575058526450064e+01 -2.90604295309011373e-04 
 3.63078054770099712e+01  1.99575058525473459e+01 -2.97373338916015776e-04 
 3.71535229097170827e+01  1.99575058524450739e+01 -3.04300053803474070e-04 
 3.80189396320559467e+01  1.99575058523492856e+01 -3.11388112607713580e-04 
 3.89045144994278829e+01  1.99575058522359718e+01 -3.18641273510509367e-04 
 3.98107170553495422e+01  1.99575058521185547e+01 -3.26063382234213382e-04 
 4.07380277804110875e+01  1.99575058519955668e+01 -3.33658374079086090e-04 
 4.16869383470333474e+01  1.99575058518925772e+01 -3.41430276011381762e-04 
 4.26579518801590680e+01  1.99575058517565722e+01 -3.49383208794291141e-04 
 4.36515832240163917e+01  1.99575058516153980e+01 -3.57521389179092511e-04 
 4.46683592150961033e+01  1.99575058514675518e+01 -3.65849132136729415e-04 
 4.57088189614872888e+01  1.99575058513127281e+01 -3.74370853146745479e-04 
 4.67735141287195972e+01  1.99575058511506285e+01 -3.83091070538415612e-04 
 4.78630092322636074e+01  1.99575058509809153e+01 -3.92014407886411757e-04 
 4.89778819368443834e+01  1.99575058508031908e+01 -4.01145596462311720e-04 
 5.01187233627269819e+01  1.99575058506170429e+01 -4.10489477743154871e-04 
 5.12861383991362345e+01  1.99575058504221623e+01 -4.20051005978469842e-04 
 5.24807460249770017e+01  1.99575058502180696e+01 -4.29835250817087633e-04 
 5.37031796370250092e+01  1.99575058500044129e+01 -4.39847399995121815e-04 
 5.49540873857621861e+01  1.99575058497806346e+01 -4.50092762086608147e-04 
 5.62341325190346311e+01  1.99575058495765134e+01 -4.60576769319749591e-04 
 5.75439937337154106e+01  1.99575058493311417e+01 -4.71304980450679384e-04 
 5.88843655355586080e+01  1.99575058490742343e+01 -4.82283083720556655e-04 
 6.02559586074354741e+01  1.99575058488090349e+01 -4.93516899865283250e-04 
 6.16595001861479091e+01  1.99575058485261465e+01 -5.05012385202353842e-04 
 6.30957344480190088e+01  1.99575058482311682e+01 -5.16775634790540036e-04 
 6.45654229034652190e+01  1.99575058479249350e+01 -5.28812885660604349e-04 
 6.60693448007592536e+01  1.99575058476014675e+01 -5.41130520121936532e-04 
 6.76082975391978209e+01  1.99575058472628015e+01 -5.53735069147536299e-04 
 6.91830970918932877e+01  1.99575058469081306e+01 -5.66633215836120875e-04 
 7.07945784384134242e+01  1.99575058465439241e+01 -5.79831798956247785e-04 
 7.24435960074986269e+01  1.99575058461550583e+01 -5.93337816570414030e-04 
 7.41310241300913617e+01  1.99575058457645973e+01 -6.07158429749660991e-04 
 7.58577575029179769e+01  1.99575058453376570e+01 -6.21300966363480317e-04 
 7.76247116628687621e+01  1.99575058448888143e+01 -6.35772924973152052e-04 
 7.94328234724277280e+01  1.99575058444213091e+01 -6.50581978802852907e-04 
 8.12830516164094945e+01  1.99575058439530189e+01 -6.65735979810496066e-04 
 8.31763771102666567e+01  1.99575058434422523e+01 -6.81242962844779581e-04 
 8.51138038202371945e+01  1.99575058429031138e+01 -6.97111149914581224e-04 
 8.70963589956076021e+01  1.99575058423410354e+01 -7.13348954543063666e-04 
 8.91250938133740789e+01  1.99575058417937221e+01 -7.29964986232613309e-04 
 9.12010839355904892e+01  1.99575058411774293e+01 -7.46968055016072299e-04 
 9.33254300796986058e+01  1.99575058405347079e+01 -7.64367176149324465e-04 
 9.54992586021430867e+01  1.99575058398578093e+01 -7.82171574876011828e-04 
 9.77237220955805412e+01  1.99575058391501834e+01 -8.00390691324318645e-04 
 9.99999999999994600e+01  1.99575058384254547e+01 -8.19034185512461030e-04 
 1.02329299228074859e+02  1.99575058376591876e+01 -8.38111942465734469e-04 
 1.04712854805089378e+02  1.99575058368583704e+01 -8.57634077463903478e-04 
 1.07151930523760043e+02  1.99575058360047137e+01 -8.77610941399980127e-04 
 1.09647819614317882e+02  1.99575058351199566e+01 -8.98053126273673594e-04 
 1.12201845430195704e+02  1.99575058342278169e+01 -9.18971470804752911e-04 
 1.14815362149687616e+02  1.99575058332511190e+01 -9.40377066168302444e-04 
 1.17489755493952273e+02  1.99575058322287475e+01 -9.62281261898736040e-04 
 1.20226443461740587e+02  1.99575058311679321e+01 -9.84695671891243872e-04 
 1.23026877081237430e+02  1.99575058300754904e+01 -1.00763218056407265e-03 
 1.25892541179415971e+02  1.99575058289179452e+01 -1.03110294915390813e-03 
 1.28824955169312631e+02  1.99575058276969379e+01 -1.05512042217328602e-03 
 1.31825673855639934e+02  1.99575058264345842e+01 -1.07969733400715018e-03 
 1.34896288259164550e+02  1.99575058250992718e+01 -1.10484671565578424e-03 
 1.38038426460287639e+02  1.99575058236901235e+01 -1.13058190165427324e-03 
 1.41253754462274571e+02  1.99575058222493489e+01 -1.15691653714506434e-03 
 1.44543977074591879e+02  1.99575058207071301e+01 -1.18386458509085724e-03 
 1.47910838816819847e+02  1.99575058191049450e+01 -1.21144033370974586e-03 
 1.51356124843619909e+02  1.99575058174707287e+01 -1.23965840403288748e-03 
 1.54881661891247205e+02  1.99575058157229854e+01 -1.26853375764367834e-03 
 1.58489319246110398e+02  1.99575058138663408e+01 -1.29808170463711361e-03 
 1.62181009735892019e+02  1.99575058119252731e+01 -1.32831791173022309e-03 
 1.65958690743755056e+02  1.99575058099036617e+01 -1.35925841056107007e-03 
 1.69824365246173386e+02  1.99575058077788725e+01 -1.39091960618885238e-03 
 1.73780082874936454e+02  1.99575058055800127e+01 -1.42331828580361734e-03 
 1.77827941003891169e+02  1.99575058032563319e+01 -1.45647162760629417e-03 
 1.81970085860997187e+02  1.99575058008444515e+01 -1.49039720994435885e-03 
 1.86208713666285547e+02  1.99575057983096436e+01 -1.52511302060556004e-03 
 1.90546071796323474e+02  1.99575057956370649e+01 -1.56063746636985520e-03 
 1.94984459975803247e+02  1.99575057928196351e+01 -1.59698938276766267e-03 
 1.99526231496886652e+02  1.99575057899117709e+01 -1.63418804407772971e-03 
 2.04173794466951591e+02  1.99575057868773378e+01 -1.67225317351650310e-03 
 2.08929613085402565e+02  1.99575057836723673e+01 -1.71120495371190678e-03 
 2.13796208950221796e+02  1.99575057802877645e+01 -1.75106403741197162e-03 
 2.18776162394953815e+02  1.99575057768271051e+01 -1.79185155845277460e-03 
 2.23872113856832470e+02  1.99575057731275294e+01 -1.83358914288586465e-03 
 2.29086765276775765e+02  1.99575057692849249e+01 -1.87629892055137058e-03 
 2.34422881531990640e+02  1.99575057652412085e+01 -1.92000353672776075e-03 
 2.39883291901947445e+02  1.99575057610279281e+01 -1.96472616418923336e-03 
 2.45470891568501401e+02  1.99575057566165235e+01 -2.01049051546004637e-03 
 2.51188643150956324e+02  1.99575057520069556e+01 -2.05732085540633134e-03 
 2.57039578276884640e+02  1.99575057471581481e+01 -2.10524201408666088e-03 
 2.63026799189536405e+02  1.99575057421039510e+01 -2.15427939994283259e-03 
 2.69153480392689744e+02  1.99575057368074127e+01 -2.20445901323901988e-03 
 2.75422870333814785e+02  1.99575057312080553e+01 -2.25580745985664568e-03 
 2.81838293126443489e+02  1.99575057254065555e+01 -2.30835196545012625e-03 
 2.88403150312658624e+02  1.99575057193430965e+01 -2.36212038979839853e-03 
 2.95120922666636545e+02  1.99575057129577296e+01 -2.41714124161849413e-03 
 3.01995172040199520e+02  1.99575057062704388e+01 -2.47344369370128790e-03 
 3.09029543251356870e+02  1.99575056993041784e+01 -2.53105759836315652e-03 
 3.16227766016835687e+02  1.99575056919631457e+01 -2.59001350323238323e-03 
 3.23593656929625979e+02  1.99575056842744267e+01 -2.65034266752170976e-03 
 3.31131121482588753e+02  1.99575056762531062e+01 -2.71207707856039150e-03 
 3.38844156139200152e+02  1.99575056678480713e+01 -2.77524946873934772e-03 
 3.46736850452529154e+02  1.99575056590405886e+01 -2.83989333289260022e-03 
 3.54813389233572877e+02  1.99575056498325019e+01 -2.90604294605815994e-03 
 3.63078054770098674e+02  1.99575056401523554e+01 -2.97373338161696296e-03 
 3.71535229097169804e+02  1.99575056300646949e+01 -3.04300052996111462e-03 
 3.80189396320558387e+02  1.99575056194544018e+01 -3.11388111741369832e-03 
 3.89045144994277734e+02  1.99575056083569820e+01 -3.18641272581885642e-03 
 3.98107170553494313e+02  1.99575055967647650e+01 -3.26063381239901761e-03 
 4.07380277804109710e+02  1.99575055845962233e+01 -3.33658373013251495e-03 
 4.16869383470332309e+02  1.99575055718957444e+01 -3.41430274869470880e-03 
 4.26579518801589472e+02  1.99575055585374450e+01 -3.49383207569647480e-03 
 4.36515832240162695e+02  1.99575055445986891e+01 -3.57521387867776146e-03 
 4.46683592150959782e+02  1.99575055299348669e+01 -3.65849130729592725e-03 
 4.57088189614871624e+02  1.99575055146437137e+01 -3.74370851639701597e-03 
 4.67735141287194722e+02  1.99575054986085441e+01 -3.83091068923303553e-03 
 4.78630092322634766e+02  1.99575054818594708e+01 -3.92014406157435800e-03 
 4.89778819368442498e+02  1.99575054642552949e+01 -4.01145594608305449e-03 
 5.01187233627268483e+02  1.99575054458872998e+01 -4.10489475758252492e-03 
 5.12861383991360981e+02  1.99575054266489715e+01 -4.20051003853106307e-03 
 5.24807460249768610e+02  1.99575054064941675e+01 -4.29835248540809053e-03 
 5.37031796370248685e+02  1.99575053853255824e+01 -4.39847397553847289e-03 
 5.49540873857620340e+02  1.99575053632213439e+01 -4.50092759471726681e-03 
 5.62341325190344719e+02  1.99575053400305507e+01 -4.60576766514818672e-03 
 5.75439937337152401e+02  1.99575053157355384e+01 -4.71304977443181075e-03 
 5.88843655355584360e+02  1.99575052903503050e+01 -4.82283080499044427e-03 
 6.02559586074352978e+02  1.99575052637448778e+01 -4.93516896412901987e-03 
 6.16595001861477272e+02  1.99575052359281564e+01 -5.05012381505375550e-03 
 6.30957344480188226e+02  1.99575052067534848e+01 -5.16775630828614045e-03 
 6.45654229034650371e+02  1.99575051762022078e+01 -5.28812881414535575e-03 
 6.60693448007590746e+02  1.99575051442611091e+01 -5.41130515574769072e-03 
 6.76082975391976333e+02  1.99575051107776247e+01 -5.53735064275347275e-03 
 6.91830970918930916e+02  1.99575050756766856e+01 -5.66633210613123970e-03 
 7.07945784384132139e+02  1.99575050390307993e+01 -5.79831793364074793e-03 
 7.24435960074984109e+02  1.99575050005523487e+01 -5.93337810576118757e-03 
 7.41310241300911343e+02  1.99575049603133259e+01 -6.07158423326963417e-03 
 7.58577575029177410e+02  1.99575049181206481e+01 -6.21300959478864913e-03 
 7.76247116628685148e+02  1.99575048740338516e+01 -6.35772917600485946e-03 
 7.94328234724274694e+02  1.99575048277883234e+01 -6.50581970901170301e-03 
 8.12830516164092273e+02  1.99575047793601463e+01 -6.65735971340047916e-03 
 8.31763771102663895e+02  1.99575047287361897e+01 -6.81242953773229798e-03 
 8.51138038202369216e+02  1.99575046756845396e+01 -6.97111140195976961e-03 
 8.70963589956073179e+02  1.99575046201193871e+01 -7.13348944129939093e-03 
 8.91250938133737918e+02  1.99575045619137939e+01 -7.29964975069984610e-03 
 9.12010839355901908e+02  1.99575045009872341e+01 -7.46968043055826984e-03 
 9.33254300796982989e+02  1.99575044371614503e+01 -7.64367163331755931e-03 
 9.54992586021427655e+02  1.99575043703637007e+01 -7.82171561143250003e-03 
 9.77237220955802172e+02  1.99575043004521966e+01 -8.00390676614217041e-03 
 9.99999999999991246e+02  1.99575042271366243e+01 -8.19034169743154683e-03 
 1.02329299228074512e+03  1.99575041504709674e+01 -8.38111925572398303e-03 
 1.04712854805089023e+03  1.99575040701033828e+01 -8.57634059357234406e-03 
 1.07151930523759688e+03  1.99575039860359205e+01 -8.77610922003272884e-03 
 1.09647819614317518e+03  1.99575038979461326e+01 -8.98053105487934406e-03 
 1.12201845430195340e+03  1.99575038057655227e+01 -9.18971448533143116e-03 
 1.14815362149687235e+03  1.99575037091935990e+01 -9.40377042304348099e-03 
 1.17489755493951884e+03  1.99575036081022219e+01 -9.62281236331924417e-03 
 1.20226443461740200e+03  1.99575035022316101e+01 -9.84695644497258181e-03 
 1.23026877081237035e+03  1.99575033913291335e+01 -1.00763215120495478e-02 
 1.25892541179415571e+03  1.99575032752700139e+01 -1.03110291769886175e-02 
 1.28824955169312216e+03  1.99575031536832661e+01 -1.05512038846666441e-02 
 1.31825673855639502e+03  1.99575030263695794e+01 -1.07969729788613862e-02 
 1.34896288259164112e+03  1.99575028930690479e+01 -1.10484667695119401e-02 
 1.38038426460287201e+03  1.99575027535215312e+01 -1.13058186018756713e-02 
 1.41253754462274105e+03  1.99575026073587090e+01 -1.15691649270842217e-02 
 1.44543977074591385e+03  1.99575024542817836e+01 -1.18386453747312340e-02 
 1.47910838816819341e+03  1.99575022940677975e+01 -1.21144028269280363e-02 
 1.51356124843619386e+03  1.99575021262628916e+01 -1.23965834936140135e-02 
 1.54881661891246677e+03  1.99575019504984148e+01 -1.26853369905360093e-02 
 1.58489319246109858e+03  1.99575017665575061e+01 -1.29808164186878596e-02 
 1.62181009735891462e+03  1.99575015738606112e+01 -1.32831784447091060e-02 
 1.65958690743754482e+03  1.99575013721057992e+01 -1.35925833849160523e-02 
 1.69824365246172806e+03  1.99575011608595396e+01 -1.39091952896886004e-02 
 1.73780082874935874e+03  1.99575009396664100e+01 -1.42331820306240489e-02 
 1.77827941003890555e+03  1.99575007080005662e+01 -1.45647153894423662e-02 
 1.81970085860996574e+03  1.99575004654191197e+01 -1.49039711493471339e-02 
 1.86208713666284916e+03  1.99575002114874316e+01 -1.52511291881036182e-02 
 1.90546071796322849e+03  1.99574999455336126e+01 -1.56063735729763814e-02 
 1.94984459975802611e+03  1.99574996669739448e+01 -1.59698926588829337e-02 
 1.99526231496885998e+03  1.99574993753925654e+01 -1.63418791884450063e-02 
 2.04173794466950926e+03  1.99574990700205390e+01 -1.67225303932070808e-02 
 2.08929613085401888e+03  1.99574987502816406e+01 -1.71120480992307603e-02 
 2.13796208950221080e+03  1.99574984154368558e+01 -1.75106388334205845e-02 
 2.18776162394953053e+03  1.99574980648209248e+01 -1.79185139335136037e-02 
 2.23872113856831720e+03  1.99574976977071650e+01 -1.83358896598525417e-02 
 2.29086765276774986e+03  1.99574973133114426e+01 -1.87629873100526937e-02 
 2.34422881531989833e+03  1.99574969107868192e+01 -1.92000333363344551e-02 
 2.39883291901946586e+03  1.99574964892657327e+01 -1.96472594656762686e-02 
 2.45470891568500519e+03  1.99574960478675543e+01 -2.01049028226927030e-02 
 2.51188643150955431e+03  1.99574955856717757e+01 -2.05732060553153531e-02 
 2.57039578276883731e+03  1.99574951017056534e+01 -2.10524174634279145e-02 
 2.63026799189535450e+03  1.99574945949354472e+01 -2.15427911304720068e-02 
 2.69153480392688743e+03  1.99574940642903265e+01 -2.20445870582505199e-02 
 2.75422870333813762e+03  1.99574935086159684e+01 -2.25580713046563373e-02 
 2.81838293126442431e+03  1.99574929267615779e+01 -2.30835161249579313e-02 
 2.88403150312657544e+03  1.99574923175142978e+01 -2.36212001160091799e-02 
 2.95120922666635443e+03  1.99574916795222101e+01 -2.41714083637302041e-02 
 3.01995172040198395e+03  1.99574910114937261e+01 -2.47344325948332389e-02 
 3.09029543251355744e+03  1.99574903119092468e+01 -2.53105713306775379e-02 
 3.16227766016834539e+03  1.99574895794140446e+01 -2.59001300466919077e-02 
 3.23593656929624785e+03  1.99574888123615857e+01 -2.65034213330013896e-02 
 3.31131121482587514e+03  1.99574880092022191e+01 -2.71207650613599013e-02 
 3.38844156139198867e+03  1.99574871682012542e+01 -2.77524885538360938e-02 
 3.46736850452527869e+03  1.99574862875068320e+01 -2.83989267566194768e-02 
 3.54813389233571570e+03  1.99574853652835102e+01 -2.90604224180260745e-02 
 3.63078054770097333e+03  1.99574843997406433e+01 -2.97373262703445260e-02 
 3.71535229097168440e+03  1.99574833885259331e+01 -3.04299972137628064e-02 
 3.80189396320556989e+03  1.99574823297213726e+01 -3.11388025100554078e-02 
 3.89045144994276279e+03  1.99574812210428583e+01 -3.18641179745810590e-02 
 3.98107170553492824e+03  1.99574800601279314e+01 -3.26063281764796958e-02 
 4.07380277804108209e+03  1.99574788444376594e+01 -3.33658266423110389e-02 
 4.16869383470330740e+03  1.99574775714533743e+01 -3.41430160653795958e-02 
 4.26579518801587892e+03  1.99574762385538342e+01 -3.49383085188531561e-02 
 4.36515832240161035e+03  1.99574748427847943e+01 -3.57521256733100146e-02 
 4.46683592150958066e+03  1.99574733812663574e+01 -3.65848990219726083e-02 
 4.57088189614869862e+03  1.99574718508297764e+01 -3.74370701079610388e-02 
 4.67735141287192891e+03  1.99574702482815809e+01 -3.83090907595899713e-02 
 4.78630092322632936e+03  1.99574685701839591e+01 -3.92014233289657080e-02 
 4.89778819368440691e+03  1.99574668130038688e+01 -4.01145409378031309e-02 
 5.01187233627266596e+03  1.99574649730254023e+01 -4.10489277278805464e-02 
 5.12861383991358980e+03  1.99574630463835518e+01 -4.20050791179845465e-02 
 5.24807460249766609e+03  1.99574610288487158e+01 -4.29835020654382935e-02 
 5.37031796370246593e+03  1.99574589163189806e+01 -4.39847153373976035e-02 
 5.49540873857618226e+03  1.99574567041716868e+01 -4.50092497827046106e-02 
 5.62341325190342559e+03  1.99574543877444306e+01 -4.60576486157375578e-02 
 5.75439937337150241e+03  1.99574519622294666e+01 -4.71304677039569575e-02 
 5.88843655355582086e+03  1.99574494223362890e+01 -4.82282758609047790e-02 
 6.02559586074350682e+03  1.99574467627795435e+01 -4.93516551503252951e-02 
 6.16595001861474884e+03  1.99574439779001622e+01 -5.05012011928386573e-02 
 6.30957344480185748e+03  1.99574410616981837e+01 -5.16775234818362753e-02 
 6.45654229034647778e+03  1.99574380081405494e+01 -5.28812457085591561e-02 
 6.60693448007588086e+03  1.99574348106617094e+01 -5.41130060898083604e-02 
 6.76082975391973650e+03  1.99574314624485041e+01 -5.53734577080121637e-02 
 6.91830970918928142e+03  1.99574279564741524e+01 -5.66632688578661420e-02 
 7.07945784384129365e+03  1.99574242852573072e+01 -5.79831233990671310e-02 
 7.24435960074981267e+03  1.99574204410038405e+01 -5.93337211199415487e-02 
 7.41310241300908456e+03  1.99574164155754161e+01 -6.07157781082138387e-02 
 7.58577575029174477e+03  1.99574122004454821e+01 -6.21300271305084625e-02 
 7.76247116628682215e+03  1.99574077867213902e+01 -6.35772180210464333e-02 
 7.94328234724271715e+03  1.99574031648911827e+01 -6.50581180774146978e-02 
 8.12830516164089204e+03  1.99573983253097822e+01 -6.65735124709859322e-02 
 8.31763771102660758e+03  1.99573932576025044e+01 -6.81242046588907413e-02 
 8.51138038202365897e+03  1.99573879511131373e+01 -6.97110168134010000e-02 
 8.70963589956069882e+03  1.99573823945338340e+01 -7.13347902551561552e-02 
 8.91250938133734417e+03  1.99573765760615416e+01 -7.29963859003616850e-02 
 9.12010839355898315e+03  1.99573704833174155e+01 -7.46966847167854220e-02 
 9.33254300796979260e+03  1.99573641034833464e+01 -7.64365881920545942e-02 
 9.54992586021423813e+03  1.99573574230163011e+01 -7.82170188092870255e-02 
 9.77237220955798148e+03  1.99573504277313098e+01 -8.00389205369591294e-02 
 9.99999999999987085e+03  1.99573431027122297e+01 -8.19032593287373073e-02 
 1.02329299228074087e+04  1.99573354325349506e+01 -8.38110236376280737e-02 
 1.04712854805088591e+04  1.99573274008512591e+01 -8.57632249364891769e-02 
 1.07151930523759238e+04  1.99573189906021931e+01 -8.77608982562851636e-02 
 1.09647819614317068e+04  1.99573101840156433e+01 -8.98051027350053044e-02 
 1.12201845430194880e+04  1.99573009624637479e+01 -9.18969221781106571e-02 
 1.14815362149686771e+04  1.99572913062600605e+01 -9.40374656308757689e-02 
 1.17489755493951416e+04  1.99572811949864963e+01 -9.62278679702665424e-02 
 1.20226443461739709e+04  1.99572706072049861e+01 -9.84692905035605137e-02 
 1.23026877081236526e+04  1.99572595203847598e+01 -1.00762921583448822e-01 
 1.25892541179415057e+04  1.99572479111988343e+01 -1.03109977241768375e-01 
 1.28824955169311688e+04  1.99572357548116877e+01 -1.05511701826073584e-01 
 1.31825673855638961e+04  1.99572230255444651e+01 -1.07969368667420532e-01 
 1.34896288259163575e+04  1.99572096963799730e+01 -1.10484280749804542e-01 
 1.38038426460286646e+04  1.99571957390637351e+01 -1.13057771402528401e-01 
 1.41253754462273537e+04  1.99571811239328909e+01 -1.15691205005029593e-01 
 1.44543977074590803e+04  1.99571658200628868e+01 -1.18385977712670704e-01 
 1.47910838816818741e+04  1.99571497949473482e+01 -1.21143518192845634e-01 
 1.51356124843618763e+04  1.99571330146515500e+01 -1.23965288384965233e-01 
 1.54881661891246022e+04  1.99571154435030458e+01 -1.26852784271548863e-01 
 1.58489319246109189e+04  1.99570970442714781e+01 -1.29807536674219876e-01 
 1.62181009735890784e+04  1.99570777779923674e+01 -1.32831112063371282e-01 
 1.65958690743753796e+04  1.99570576036965832e+01 -1.35925113382575041e-01 
 1.69824365246172092e+04  1.99570364786780097e+01 -1.39091180912157053e-01 
 1.73780082874935142e+04  1.99570143580756394e+01 -1.42330993119287541e-01 
 1.77827941003889828e+04  1.99569911950099872e+01 -1.45646267559391807e-01 
 1.81970085860995823e+04  1.99569669404064207e+01 -1.49038761782516987e-01 
 1.86208713666284166e+04  1.99569415427358621e+01 -1.52510274261070555e-01 
 1.90546071796322067e+04  1.99569149482389712e+01 -1.56062645348083368e-01 
 1.94984459975801801e+04  1.99568871004011825e+01 -1.59697758244154775e-01 
 1.99526231496885157e+04  1.99568579401343591e+01 -1.63417539999851813e-01 
 2.04173794466950058e+04  1.99568274057041961e+01 -1.67223962537131732e-01 
 2.08929613085400997e+04  1.99567954322720595e+01 -1.71119043686887295e-01 
 2.13796208950220171e+04  1.99567619521679873e+01 -1.75104848264837493e-01 
 2.18776162394952153e+04  1.99567268942410720e+01 -1.79183489154513931e-01 
 2.23872113856830765e+04  1.99566901841552102e+01 -1.83357128434226746e-01 
 2.29086765276774022e+04  1.99566517441820999e+01 -1.87627978520453820e-01 
 2.34422881531988860e+04  1.99566114926535860e+01 -1.91998303330223774e-01 
 2.39883291901945595e+04  1.99565693442696919e+01 -1.96470419489320341e-01 
 2.45470891568499501e+04  1.99565252096747621e+01 -2.01046697552413389e-01 
 2.51188643150954376e+04  1.99564789952476929e+01 -2.05729563256878578e-01 
 2.57039578276882639e+04  1.99564306028970684e+01 -2.10521498804927598e-01 
 2.63026799189534358e+04  1.99563799302010452e+01 -2.15425044185390824e-01 
 2.69153480392687634e+04  1.99563268695853360e+01 -2.20442798501844894e-01 
 2.75422870333812607e+04  1.99562713085610746e+01 -2.25577421358098662e-01 
 2.81838293126441240e+04  1.99562131292137472e+01 -2.30831634257667201e-01 
 2.88403150312656362e+04  1.99561522082513427e+01 -2.36208222044934579e-01 
 2.95120922666634215e+04  1.99560884165371490e+01 -2.41710034389355483e-01 
 3.01995172040197140e+04  1.99560216188219144e+01 -2.47339987266499250e-01 
 3.09029543251354444e+04  1.99559516733327840e+01 -2.53101064510603102e-01 
 3.16227766016833193e+04  1.99558784319111631e+01 -2.58996319400044972e-01 
 3.23593656929623394e+04  1.99558017391526157e+01 -2.65028876253895984e-01 
 3.31131121482586095e+04  1.99557214324845837e+01 -2.71201932093316334e-01 
 3.38844156139197439e+04  1.99556373417049073e+01 -2.77518758326739223e-01 
 3.46736850452526414e+04  1.99555492884432013e+01 -2.83982702470699344e-01 
 3.54813389233570124e+04  1.99554570860004823e+01 -2.90597189923240851e-01 
 3.63078054770095841e+04  1.99553605389287654e+01 -2.97365725770830147e-01 
 3.71535229097166884e+04  1.99552594424990417e+01 -3.04291896627609582e-01 
 3.80189396320555388e+04  1.99551535825180153e+01 -3.11379372556825851e-01 
 3.89045144994274669e+04  1.99550427344529666e+01 -3.18631908960190335e-01 
 3.98107170553491160e+04  1.99549266634196307e+01 -3.26053348594400660e-01 
 4.07380277804106518e+04  1.99548051231941415e+01 -3.33647623572281615e-01 
 4.16869383470329049e+04  1.99546778562973302e+01 -3.41418757458190891e-01 
 4.26579518801586164e+04  1.99545445928446306e+01 -3.49370867363214765e-01 
 4.36515832240159289e+04  1.99544050505522321e+01 -3.57508166135865557e-01 
 4.46683592150956247e+04  1.99542589333687914e+01 -3.65834964542087526e-01 
 4.57088189614867952e+04  1.99541059318078560e+01 -3.74355673597028926e-01 
 4.67735141287190927e+04  1.99539457215783891e+01 -3.83074806819270697e-01 
 4.78630092322630881e+04  1.99537779631013166e+01 -3.91996982636100777e-01 
 4.89778819368438562e+04  1.99536023009033876e+01 -4.01126926810766726e-01 
 5.01187233627264432e+04  1.99534183624792014e+01 -4.10469474897862729e-01 
 5.12861383991356779e+04  1.99532257584187640e+01 -4.20029574856513932e-01 
 5.24807460249764335e+04  1.99530240803375456e+01 -4.29812289545329795e-01 
 5.37031796370244265e+04  1.99528129011105086e+01 -4.39822799459441693e-01 
 5.49540873857615879e+04  1.99525917730681037e+01 -4.50066405387261226e-01 
 5.62341325190340212e+04  1.99523602278760102e+01 -4.60548531262527483e-01 
 5.75439937337147858e+04  1.99521177748961271e+01 -4.71274726925547560e-01 
 5.88843655355579685e+04  1.99518639005401575e+01 -4.82250671079680227e-01 
 6.02559586074348263e+04  1.99515980670654933e+01 -4.93482174241646587e-01 
 6.16595001861472410e+04  1.99513197113715819e+01 -5.04975181808912432e-01 
 6.30957344480183237e+04  1.99510282438796303e+01 -5.16735777121436812e-01 
 6.45654229034645250e+04  1.99507230472036845e+01 -5.28770184655735775e-01 
 6.60693448007585539e+04  1.99504034751763832e+01 -5.41084773324702284e-01 
 6.76082975391970976e+04  1.99500688510065913e+01 -5.53686059714917356e-01 
 6.91830970918925450e+04  1.99497184660682549e+01 -5.66580711521093017e-01 
 7.07945784384126600e+04  1.99493515786137472e+01 -5.79775551063056671e-01 
 7.24435960074978502e+04  1.99489674118388827e+01 -5.93277558742640432e-01 
 7.41310241300905618e+04  1.99485651525638694e+01 -6.07093876773518781e-01 
 7.58577575029171567e+04  1.99481439492587889e+01 -6.21231812793065385e-01 
 7.76247116628679214e+04  1.99477029105696957e+01 -6.35698843757317222e-01 
 7.94328234724268696e+04  1.99472411029797279e+01 -6.50502619704935392e-01 
 8.12830516164086148e+04  1.99467575494693676e+01 -6.65650967847260855e-01 
 8.31763771102657629e+04  1.99462512266895011e+01 -6.81151896474542440e-01 
 8.51138038202362804e+04  1.99457210636971354e+01 -6.97013599254693972e-01 
 8.70963589956066571e+04  1.99451659389116038e+01 -7.13244459305772405e-01 
 8.91250938133731106e+04  1.99445846781802629e+01 -7.29853053638156890e-01 
 9.12010839355895005e+04  1.99439760523597585e+01 -7.46848157542688407e-01 
 9.33254300796975876e+04  1.99433387743450936e+01 -7.64238749031076248e-01 
 9.54992586021420429e+04  1.99426714969944285e+01 -7.82034013577919351e-01 
 9.77237220955794764e+04  1.99419728097677869e+01 -8.00243348753917338e-01 
 9.99999999999983702e+04  1.99412412357425346e+01 -8.18876368991545922e-01 
 1.02329299228073738e+05  1.99404752291470828e+01 -8.37942910649020156e-01 
 1.04712854805088238e+05  1.99396731714990842e+01 -8.57453036914331057e-01 
 1.07151930523758885e+05  1.99388333683982744e+01 -8.77417042977441053e-01 
 1.09647819614316701e+05  1.99379540461747808e+01 -8.97845461288894087e-01 
 1.12201845430194502e+05  1.99370333478885016e+01 -9.18749066864957831e-01 
 1.14815362149686393e+05  1.99360693298561138e+01 -9.40138882885131921e-01 
 1.17489755493951030e+05  1.99350599571367582e+01 -9.62026186067137301e-01 
 1.20226443461739313e+05  1.99340030996106385e+01 -9.84422512558290830e-01 
 1.23026877081236133e+05  1.99328965272975758e+01 -1.00733966364376970e+00 
 1.25892541179414649e+05  1.99317379062446278e+01 -1.03078971182832491e+00 
 1.28824955169311273e+05  1.99305247929801794e+01 -1.05478500673331732e+00 
 1.31825673855638539e+05  1.99292546298447419e+01 -1.07933818138210169e+00 
 1.34896288259163121e+05  1.99279247397548716e+01 -1.10446215860064867e+00 
 1.38038426460286195e+05  1.99265323202004083e+01 -1.13017015727960324e+00 
 1.41253754462273093e+05  1.99250744381461580e+01 -1.15647569919792059e+00 
 1.44543977074590366e+05  1.99235480233805582e+01 -1.18339261560872444e+00 
 1.47910838816818286e+05  1.99219498623744968e+01 -1.21093505408177426e+00 
 1.51356124843618309e+05  1.99202765915221640e+01 -1.23911748560341373e+00 
 1.54881661891245574e+05  1.99185246905259419e+01 -1.26795471169486618e+00 
 1.58489319246108731e+05  1.99166904750371501e+01 -1.29746187172562921e+00 
 1.62181009735890315e+05  1.99147700885119967e+01 -1.32765445026168583e+00 
 1.65958690743753308e+05  1.99127594953815539e+01 -1.35854828483541756e+00 
 1.69824365246171597e+05  1.99106544714996723e+01 -1.39015957348340380e+00 
 1.73780082874934626e+05  1.99084505967325889e+01 -1.42250488294648525e+00 
 1.77827941003889282e+05  1.99061432448543094e+01 -1.45560115640492271e+00 
 1.81970085860995285e+05  1.99037275748019731e+01 -1.48946572203604521e+00 
 1.86208713666283613e+05  1.99011985201373385e+01 -1.52411630110433971e+00 
 1.90546071796321514e+05  1.98985507795928029e+01 -1.55957101688172584e+00 
 1.94984459975801234e+05  1.98957788051755813e+01 -1.59584840306594544e+00 
 1.99526231496884575e+05  1.98928767919276979e+01 -1.63296741306857029e+00 
 2.04173794466949475e+05  1.98898386654127854e+01 -1.67094742882946878e+00 
 2.08929613085400400e+05  1.98866580693126558e+01 -1.70980827020179160e+00 
 2.13796208950219559e+05  1.98833283532192375e+01 -1.74957020465843827e+00 
 2.18776162394951505e+05  1.98798425585462688e+01 -1.79025395681578359e+00 
 2.23872113856830110e+05  1.98761934045001176e+01 -1.83188071839753563e+00 
 2.29086765276773367e+05  1.98723732735301368e+01 -1.87447215841036385e+00 
 2.34422881531988183e+05  1.98683741958102473e+01 -1.91805043348035142e+00 
 2.39883291901944904e+05  1.98641878332615711e+01 -1.96263819860365984e+00 
 2.45470891568498802e+05  1.98598054623819031e+01 -2.00825861771546110e+00 
 2.51188643150953663e+05  1.98552179570861185e+01 -2.05493537512015578e+00 
 2.57039578276881919e+05  1.98504157698074586e+01 -2.10269268660408537e+00 
 2.63026799189533631e+05  1.98453889126161549e+01 -2.15155531132912614e+00 
 2.69153480392686906e+05  1.98401269370344409e+01 -2.20154856368714924e+00 
 2.75422870333811850e+05  1.98346189126626307e+01 -2.25269832554077087e+00 
 2.81838293126440491e+05  1.98288534052469814e+01 -2.30503105887006354e+00 
 2.88403150312655605e+05  1.98228184537529941e+01 -2.35857381875515060e+00 
 2.95120922666633443e+05  1.98165015459554148e+01 -2.41335426676982046e+00 
 3.01995172040196368e+05  1.98098895927789833e+01 -2.46940068449556493e+00 
 3.09029543251353665e+05  1.98029689027502052e+01 -2.52674198813719464e+00 
 3.16227766016832436e+05  1.97957251529393581e+01 -2.58540774270914486e+00 
 3.23593656929622637e+05  1.97881433603138106e+01 -2.64542817729223412e+00 
 3.31131121482585324e+05  1.97802078512799042e+01 -2.70683420092489779e+00 
 3.38844156139196653e+05  1.97719022288266792e+01 -2.76965741846619951e+00 
 3.46736850452525599e+05  1.97632093392260444e+01 -2.83393014761925022e+00 
 3.54813389233569265e+05  1.97541112361728359e+01 -2.89968543649255972e+00 
 3.63078054770094983e+05  1.97445891433942649e+01 -2.96695708161676830e+00 
 3.71535229097166040e+05  1.97346234151190600e+01 -3.03577964706852743e+00 
 3.80189396320554544e+05  1.97241934945453146e+01 -3.10618848430197225e+00 
 3.89045144994273782e+05  1.97132778698427771e+01 -3.17821975271081225e+00 
 3.98107170553490287e+05  1.97018540277786478e+01 -3.25191044128263718e+00 
 4.07380277804105601e+05  1.96898984045610597e+01 -3.32729839138333849e+00 
 4.16869383470328117e+05  1.96773863341691531e+01 -3.40442232068313144e+00 
 4.26579518801585189e+05  1.96642919928969206e+01 -3.48332184784447652e+00 
 4.36515832240158285e+05  1.96505883410206614e+01 -3.56403751906398103e+00 
 4.46683592150955228e+05  1.96362470608306836e+01 -3.64661083583496337e+00 
 4.57088189614866918e+05  1.96212384898839964e+01 -3.73108428365037792e+00 
 4.67735141287189908e+05  1.96055315510027981e+01 -3.81750136318051947e+00 
 4.78630092322629876e+05  1.95890936765940111e+01 -3.90590662237625308e+00 
 4.89778819368437515e+05  1.95718907282248438e+01 -3.99634569072688439e+00 
 5.01187233627263398e+05  1.95538869099650405e+01 -4.08886531499799677e+00 
 5.12861383991355775e+05  1.95350446762780514e+01 -4.18351339748288797e+00 
 5.24807460249763331e+05  1.95153246318297349e+01 -4.28033903517095737e+00 
 5.37031796370243188e+05  1.94946854250646489e+01 -4.37939256254148823e+00 
 5.49540873857614817e+05  1.94730836322169907e+01 -4.48072559497266987e+00 
 5.62341325190339121e+05  1.94504736329995573e+01 -4.58439107516218414e+00 
 5.75439937337146723e+05  1.94268074755205582e+01 -4.69044332102059869e+00 
 5.88843655355578521e+05  1.94020347306936820e+01 -4.79893807659715588e+00 
 6.02559586074347026e+05  1.93761023338655534e+01 -4.90993256347933738e+00 
 6.16595001861471217e+05  1.93489544132385518e+01 -5.02348553560063937e+00 
 6.30957344480182044e+05  1.93205321031826109e+01 -5.13965733427483329e+00 
 6.45654229034644086e+05  1.92907733413588822e+01 -5.25850994557957918e+00 
 6.60693448007584317e+05  1.92596126472681703e+01 -5.38010705733665606e+00 
 6.76082975391969783e+05  1.92269808818164343e+01 -5.50451411781360811e+00 
 6.91830970918924198e+05  1.91928049840921808e+01 -5.63179839310183805e+00 
 7.07945784384125262e+05  1.91570076843142907e+01 -5.76202902300125075e+00 
 7.24435960074977134e+05  1.91195071907919711e+01 -5.89527707545772994e+00 
 7.41310241300904308e+05  1.90802168473650049e+01 -6.03161559728216190e+00 
 7.58577575029170257e+05  1.90390447592696326e+01 -6.17111965857678690e+00 
 7.76247116628677933e+05  1.89958933844070081e+01 -6.31386639134398120e+00 
 7.94328234724267386e+05  1.89506590860893915e+01 -6.45993501834611283e+00 
 8.12830516164084780e+05  1.89032316449663220e+01 -6.60940686963658042e+00 
 8.31763771102656145e+05  1.88534937251640962e+01 -6.76236538374202745e+00 
 8.51138038202361204e+05  1.88013202920189570e+01 -6.91889609079174672e+00 
 8.70963589956064941e+05  1.87465779757243638e+01 -7.07908657097754190e+00 
 8.91250938133729389e+05  1.86891243781537177e+01 -7.24302638539401045e+00 
 9.12010839355893200e+05  1.86288073170222965e+01 -7.41080697085074291e+00 
 9.33254300796974101e+05  1.85654640033991853e+01 -7.58252149531767028e+00 
 9.54992586021418567e+05  1.84989201476324041e+01 -7.75826466059407061e+00 
 9.77237220955792814e+05  1.84289889886372471e+01 -7.93813244849185562e+00 
 9.99999999999981723e+05  1.83554702421140732e+01 -8.12222179547707235e+00 
 1.02329299228073540e+06  1.82781489625005875e+01 -8.31063018529322584e+00 
 1.04712854805088032e+06  1.81967943152534843e+01 -8.50345514408122227e+00 
 1.07151930523758661e+06  1.81111582547133807e+01 -8.70079362325098948e+00 
 1.09647819614316477e+06  1.80209741041338809e+01 -8.90274125128103044e+00 
 1.12201845430194261e+06  1.79259550380124004e+01 -9.10939142954310910e+00 
 1.14815362149686133e+06  1.78257924623550004e+01 -9.32083425427476087e+00 
 1.17489755493950751e+06  1.77201542965274612e+01 -9.53715523330241943e+00 
 1.20226443461739039e+06  1.76086831592514450e+01 -9.75843376706850840e+00 
 1.23026877081235847e+06  1.74909944648344187e+01 -9.98474136090057485e+00 
 1.25892541179414350e+06  1.73666744390478698e+01 -1.02161395301040283e+01 
 1.28824955169310956e+06  1.72352780712856379e+01 -1.04526773536125877e+01 
 1.31825673855638201e+06  1.70963270206501541e+01 -1.06943886317143502e+01 
 1.34896288259162800e+06  1.69493075070053152e+01 -1.09412885929978518e+01 
 1.38038426460285857e+06  1.67936682209925863e+01 -1.11933700977810648e+01 
 1.41253754462272744e+06  1.66288183019704050e+01 -1.14505992754420749e+01 
 1.44543977074589999e+06  1.64541254437900193e+01 -1.17129105327693726e+01 
 1.47910838816817920e+06  1.62689142036817316e+01 -1.19802008675403044e+01 
 1.51356124843617924e+06  1.60724646078484739e+01 -1.22523234189560828e+01 
 1.54881661891245167e+06  1.58640111722282153e+01 -1.25290801882511627e+01 
 1.58489319246108318e+06  1.56427424721764154e+01 -1.28102138693987957e+01 
 1.62181009735889896e+06  1.54078014360823712e+01 -1.30953987330457000e+01 
 1.65958690743752895e+06  1.51582865591616223e+01 -1.33842305242280517e+01 
 1.69824365246171178e+06  1.48932542703789785e+01 -1.36762153572598404e+01 
 1.73780082874934212e+06  1.46117227330221162e+01 -1.39707576097250250e+01 
 1.77827941003888869e+06  1.43126773799970053e+01 -1.42671468767183178e+01 
 1.81970085860994854e+06  1.39950785430647855e+01 -1.45645440803492470e+01 
 1.86208713666283176e+06  1.36578715609391637e+01 -1.48619669137752517e+01 
 1.90546071796321054e+06  1.32999997778069616e+01 -1.51582748826228340e+01 
 1.94984459975800780e+06  1.29204208749032681e+01 -1.54521543111162227e+01 
 1.99526231496884115e+06  1.25181269630735663e+01 -1.57421038171381866e+01 
 2.04173794466948998e+06  1.20921688462401740e+01 -1.60264209072420094e+01 
 2.08929613085399917e+06  1.16416848018815351e+01 -1.63031905127076087e+01 
 2.13796208950219071e+06  1.11659341140745934e+01 -1.65702764752140794e+01 
 2.18776162394951005e+06  1.06643354276148106e+01 -1.68253171760843756e+01 
 2.23872113856829610e+06  1.01365097501955699e+01 -1.70657266844392765e+01 
 2.29086765276772855e+06  9.58232761725897397e+00 -1.72887029463862447e+01 
 2.34422881531987665e+06  9.00195952855650461e+00 -1.74912446287222210e+01 
 2.39883291901944391e+06  8.39592828793551682e+00 -1.76701782336526172e+01 
 2.45470891568498267e+06  7.76516131673586418e+00 -1.78221969692735378e+01 
 2.51188643150953110e+06  7.11104045091848391e+00 -1.79439125725259174e+01 
 2.57039578276881343e+06  6.43544612355265944e+00 -1.80319207801947172e+01 
 2.63026799189533014e+06  5.74079236595406073e+00 -1.80828804287236053e+01 
 2.69153480392686278e+06  5.03004869742892424e+00 -1.80936052138248442e+01 
 2.75422870333811222e+06  4.30674490001663557e+00 -1.80611659993933742e+01 
 2.81838293126439815e+06  3.57495492830663242e+00 -1.79830002902120007e+01 
 2.88403150312654907e+06  2.83925688673356635e+00 -1.78570241856076919e+01 
 2.95120922666632757e+06  2.10466716028669287e+00 -1.76817409708007922e+01 
 3.01995172040195670e+06  1.37654836874540054e+00 -1.74563396358296501e+01 
 3.09029543251352943e+06  6.60492773984389991e-01 -1.71807762396707666e+01 
 3.16227766016831668e+06 -3.78150826880425672e-02 -1.68558313035046297e+01 
 3.23593656929621845e+06 -7.12750637515942032e-01 -1.64831373959943690e+01 
 3.31131121482584532e+06 -1.35890877890415696e+00 -1.60651727776577395e+01 
 3.38844156139195804e+06 -1.97126164071800325e+00 -1.56052192884762349e+01 
 3.46736850452524750e+06 -2.54530539797795186e+00 -1.51072853238292897e+01 
 3.54813389233568404e+06 -3.07718722131987832e+00 -1.45759975068317491e+01 
 3.63078054770094110e+06 -3.56380492400441717e+00 -1.40164671407902244e+01 
 3.71535229097165121e+06 -4.00287395276135349e+00 -1.34341394218021666e+01 
 3.80189396320553590e+06 -4.39295897274025116e+00 -1.28346344960294836e+01 
 3.89045144994272804e+06 -4.73347005577865598e+00 -1.22235896218338347e+01 
 3.98107170553489262e+06 -5.02462606496587227e+00 -1.16065110053008205e+01 
 4.07380277804104565e+06 -5.26738995224198536e+00 -1.09886424467172166e+01 
 4.16869383470327035e+06 -5.46338216383247754e+00 -1.03748560224370294e+01 
 4.26579518801584095e+06 -5.61477909325973545e+00 -9.76956788333777126e+00 
 4.36515832240157202e+06 -5.72420357093843624e+00 -9.17668016310635970e+00 
 4.46683592150954157e+06 -5.79461383194748425e+00 -8.59954813991801181e+00 
 4.57088189614865836e+06 -5.82919643704606738e+00 -8.04097035257509418e+00 
 4.67735141287188791e+06 -5.83126740574421909e+00 -7.50319837642767951e+00 
 4.78630092322628666e+06 -5.80418452784513939e+00 -6.98796242413260593e+00 
 4.89778819368436281e+06 -5.75127258807523845e+00 -6.49650879607979270e+00 
 5.01187233627262153e+06 -5.67576216317522864e+00 -6.02964538040360676e+00 
 5.12861383991354518e+06 -5.58074177635781155e+00 -5.58779179161350470e+00 
 5.24807460249761958e+06 -5.46912255762254063e+00 -5.17103126781280942e+00 
 5.37031796370241791e+06 -5.34361412946759362e+00 -4.77916202038057314e+00 
 5.49540873857613374e+06 -5.20671019607973573e+00 -4.41174629915145999e+00 
 5.62341325190337654e+06 -5.06068223888213176e+00 -4.06815596560035786e+00 
 5.75439937337145209e+06 -4.90757974366657912e+00 -3.74761381396986870e+00 
 5.88843655355576985e+06 -4.74923549748268492e+00 -3.44923025421417195e+00 
 6.02559586074345466e+06 -4.58727464980922495e+00 -3.17203525975923384e+00 
 6.16595001861469541e+06 -4.42312641352706493e+00 -2.91500569696063705e+00 
 6.30957344480180275e+06 -4.25803746472438149e+00 -2.67708830068424497e+00 
 6.45654229034642223e+06 -4.09308628048670275e+00 -2.45721865478238843e+00 
 6.60693448007582407e+06 -3.92919781493021381e+00 -2.25433658637851142e+00 
 6.76082975391967874e+06 -3.76715805740220855e+00 -2.06739840118547180e+00 
 6.91830970918922219e+06 -3.60762813663959703e+00 -1.89538638156326678e+00 
 7.07945784384123329e+06 -3.45115773843802742e+00 -1.73731594838454417e+00 
 7.24435960074975155e+06 -3.29819768276659353e+00 -1.59224085629377554e+00 
 7.41310241300902236e+06 -3.14911157253307250e+00 -1.45925675591484505e+00 
 7.58577575029168092e+06 -3.00418647495074742e+00 -1.33750341805461814e+00 
 7.76247116628675628e+06 -2.86364263234240868e+00 -1.22616587695458623e+00 
 7.94328234724264964e+06 -2.72764222735363226e+00 -1.12447471338825644e+00 
 8.12830516164082289e+06 -2.59629724510309723e+00 -1.03170566492750515e+00 
 8.31763771102653630e+06 -2.46967648610337953e+00 -9.47178720654901607e-01 
 8.51138038202358596e+06 -2.34781179192974943e+00 -8.70256830762216382e-01 
 8.70963589956062287e+06 -2.23070354834858042e+00 -8.00344338113714970e-01 
 8.91250938133726642e+06 -2.11832553031568116e+00 -7.36885219047980655e-01 
 9.12010839355890453e+06 -2.01062915332680170e+00 -6.79361203161217952e-01 
 9.33254300796971284e+06 -1.90754719102736203e+00 -6.27289827884169982e-01 
 9.54992586021415703e+06 -1.80899701702996474e+00 -5.80222471120218741e-01 
 9.77237220955790021e+06 -1.71488342306947672e+00 -5.37742395768620041e-01 
 9.99999999999978766e+06 -1.62510106284531730e+00 -4.99462831191392564e-01 
 1.02329299228073228e+07 -1.53953656519619653e+00 -4.65025110506822714e-01 
 1.04712854805087708e+07 -1.45807035677532304e+00 -4.34096876857559877e-01 
 1.07151930523758344e+07 -1.38057822990936319e+00 -4.06370367638725138e-01 
 1.09647819614316151e+07 -1.30693268737858004e+00 -3.81560782330538029e-01 
 1.12201845430193935e+07 -1.23700409292026525e+00 -3.59404736553437076e-01 
 1.14815362149685808e+07 -1.17066165196969796e+00 -3.39658803431724887e-01 
 1.17489755493950434e+07 -1.10777424519599177e+00 -3.22098141246094760e-01 
 1.20226443461738713e+07 -1.04821113383921838e+00 -3.06515205671820279e-01 
 1.23026877081235517e+07 -9.91842554314643743e-01 -2.92718543556252542e-01 
 1.25892541179414019e+07 -9.38540216483270684e-01 -2.80531665164240218e-01 
 1.28824955169310626e+07 -8.88177718895397650e-01 -2.69791990948280935e-01 
 1.31825673855637871e+07 -8.40630892234160987e-01 -2.60349868936339102e-01 
 1.34896288259162456e+07 -7.95778080533265375e-01 -2.52067658860308907e-01 
 1.38038426460285503e+07 -7.53500369099907363e-01 -2.44818878710107934e-01 
 1.41253754462272376e+07 -7.13681766182418631e-01 -2.38487409985762205e-01 
 1.44543977074589618e+07 -6.76209344992091510e-01 -2.32966757661297430e-01 
 1.47910838816817533e+07 -6.40973351438602235e-01 -2.28159361311316977e-01 
 1.51356124843617529e+07 -6.07867282642104434e-01 -2.23975953693127033e-01 
 1.54881661891244762e+07 -5.76787940184452674e-01 -2.20334963615149065e-01 
 1.58489319246107899e+07 -5.47635461656433620e-01 -2.17161960003834142e-01 
 1.62181009735889453e+07 -5.20313333862973737e-01 -2.14389134056867825e-01 
 1.65958690743752439e+07 -4.94728390102029958e-01 -2.11954816973088073e-01 
 1.69824365246170722e+07 -4.70790794039574190e-01 -2.09803030571756838e-01 
 1.73780082874933742e+07 -4.48414012189068678e-01 -2.07883068446714087e-01 
 1.77827941003888398e+07 -4.27514776623518222e-01 -2.06149105561308665e-01 
 1.81970085860994384e+07 -4.08013039617885320e-01 -2.04559834100579513e-01 
 1.86208713666282669e+07 -3.89831921418599292e-01 -2.03078123782039627e-01 
 1.90546071796320528e+07 -3.72897652279081560e-01 -2.01670704872480955e-01 
 1.94984459975800253e+07 -3.57139509827517354e-01 -2.00307872210564369e-01 
 1.99526231496883593e+07 -3.42489752507158518e-01 -1.98963208817668741e-01 
 2.04173794466948472e+07 -3.28883549898226768e-01 -1.97613327628827912e-01 
 2.08929613085399382e+07 -3.16258910439881635e-01 -1.96237630141246039e-01 
 2.13796208950218521e+07 -3.04556607189480799e-01 -1.94818080692882034e-01 
 2.18776162394950464e+07 -2.93720101960206759e-01 -1.93338995361658605e-01 
 2.23872113856829032e+07 -2.83695468257907868e-01 -1.91786844434307879e-01 
 2.29086765276772268e+07 -2.74431313317879400e-01 -1.90150067526313055e-01 
 2.34422881531987041e+07 -2.65878699477688718e-01 -1.88418900522827948e-01 
 2.39883291901943758e+07 -2.57991065108430229e-01 -1.86585213557095037e-01 
 2.45470891568497606e+07 -2.50724145270625975e-01 -1.84642359328996641e-01 
 2.51188643150952458e+07 -2.44035892238639751e-01 -1.82585031121664548e-01 
 2.57039578276880682e+07 -2.37886395989213212e-01 -1.80409129959961001e-01 
 2.63026799189532362e+07 -2.32237804783654855e-01 -1.78111640356444972e-01 
 2.69153480392685607e+07 -2.27054245877899491e-01 -1.75690514223965116e-01 
 2.75422870333810523e+07 -2.22301746480289109e-01 -1.73144562482657000e-01 
 2.81838293126439117e+07 -2.17948154984021508e-01 -1.70473354018788548e-01 
 2.88403150312654190e+07 -2.13963062561164125e-01 -1.67677121621818748e-01 
 2.95120922666632012e+07 -2.10317725148464335e-01 -1.64756674617196369e-01 
 3.01995172040194906e+07 -2.06984985926155413e-01 -1.61713317852199195e-01 
 3.09029543251352161e+07 -2.03939198279719430e-01 -1.58548776847576706e-01 
 3.16227766016830876e+07 -2.01156149360145364e-01 -1.55265128787508810e-01 
 3.23593656929621026e+07 -1.98612984243250662e-01 -1.51864739172548141e-01 
 3.31131121482583694e+07 -1.96288130740384870e-01 -1.48350203906202127e-01 
 3.38844156139194965e+07 -1.94161224894230433e-01 -1.44724296608693737e-01 
 3.46736850452523902e+07 -1.92213037157494215e-01 -1.40989921012910913e-01 
 3.54813389233567566e+07 -1.90425399282150382e-01 -1.37150068253446916e-01 
 3.63078054770093262e+07 -1.88781131899662974e-01 -1.33207778943641109e-01 
 3.71535229097164273e+07 -1.87263972783074439e-01 -1.29166109933158635e-01 
 3.80189396320552751e+07 -1.85858505773472515e-01 -1.25028105673539225e-01 
 3.89045144994271919e+07 -1.84550090344200834e-01 -1.20796774169593085e-01 
 3.98107170553488359e+07 -1.83324791788582020e-01 -1.16475067514024297e-01 
 4.07380277804103643e+07 -1.82169312025410868e-01 -1.12065867032914365e-01 
 4.16869383470326066e+07 -1.81070921012828623e-01 -1.07571973170196566e-01 
 4.26579518801583126e+07 -1.80017388814395746e-01 -1.02996100174098326e-01 
 4.36515832240156233e+07 -1.78996918353070217e-01 -9.83408757979972736e-02 
 4.46683592150953114e+07 -1.77998078941698307e-01 -9.36088462022935941e-02 
 4.57088189614864811e+07 -1.77009740711129931e-01 -8.88024862830198020e-02 
 4.67735141287187710e+07 -1.76021010092070523e-01 -8.39242157453792825e-02 
 4.78630092322627604e+07 -1.75021166566975417e-01 -7.89764212141455396e-02 
 4.89778819368435219e+07 -1.73999600959185485e-01 -7.39614847793124974e-02 
 5.01187233627261072e+07 -1.72945755606156187e-01 -6.88818194173532738e-02 
 5.12861383991353363e+07 -1.71849066852882398e-01 -6.37399117348606131e-02 
 5.24807460249760821e+07 -1.70698910427344530e-01 -5.85383726449653363e-02 
 5.37031796370240673e+07 -1.69484550406186180e-01 -5.32799965241620294e-02 
 5.49540873857612163e+07 -1.68195092683009556e-01 -4.79678295454989273e-02 
 5.62341325190336406e+07 -1.66819444089227165e-01 -4.26052478471577178e-02 
 5.75439937337143943e+07 -1.65346278600606883e-01 -3.71960461769482997e-02 
 5.88843655355575681e+07 -1.63764012411933391e-01 -3.17445376224916309e-02 
 6.02559586074344143e+07 -1.62060790036119784e-01 -2.62556648579866832e-02 
 6.16595001861468256e+07 -1.60224483992771005e-01 -2.07351230989030501e-02 
 6.30957344480179027e+07 -1.58242711104449207e-01 -1.51894946358048875e-02 
 6.45654229034640938e+07 -1.56102868865969552e-01 -9.62639432317399270e-03 
 6.60693448007581085e+07 -1.53792195786039088e-01 -4.05462475492396335e-03 
 6.76082975391966552e+07 -1.51297859996430695e-01  1.51566096281473186e-03 
 6.91830970918920934e+07 -1.48607080722361062e-01  7.07279197191680413e-03 
 7.07945784384122044e+07 -1.45707287376101891e-01  1.26034123418707084e-02 
 7.24435960074973851e+07 -1.42586320894537461e-01  1.80923196178053511e-02 
 7.41310241300900877e+07 -1.39232681591815594e-01  2.35223168653896364e-02 
 7.58577575029166788e+07 -1.35635826823149147e-01  2.88740878541843896e-02 
 7.76247116628674269e+07 -1.31786520366221821e-01  3.41261070048479581e-02 
 7.94328234724263549e+07 -1.27677233156338832e-01  3.92545977913693750e-02 
 8.12830516164080799e+07 -1.23302592025356789e-01  4.42335550408569089e-02 
 8.31763771102652103e+07 -1.18659869135778501e-01  4.90348478562255691e-02 
 8.51138038202357143e+07 -1.13749499958390662e-01  5.36284202948073621e-02 
 8.70963589956060797e+07 -1.08575612039850306e-01  5.79826060784574479e-02 
 8.91250938133725226e+07 -1.03146540698703895e-01  6.20645710711175067e-02 
 9.12010839355888963e+07 -9.74753016427026414e-02  6.58408926374923487e-02 
 9.33254300796969682e+07 -9.15799850875422122e-02  6.92782780287568706e-02 
 9.54992586021414101e+07 -8.54840320001812592e-02  7.23444145744197853e-02 
 9.77237220955788344e+07 -7.92163517198874872e-02  7.50089329614550826e-02 
 9.99999999999977052e+07 -7.28112423667648251e-02  7.72444519565313459e-02 
 1.02329299228073061e+08 -6.63080819235776220e-02  7.90276597047586959e-02 
 1.04712854805087537e+08 -5.97507691229837504e-02  8.03403747849264355e-02 
 1.07151930523758158e+08 -5.31869091059859120e-02  8.11705213673315218e-02 
 1.09647819614315957e+08 -4.66667582571051315e-02  8.15129489448426642e-02 
 1.12201845430193737e+08 -4.02419639133939772e-02  8.13700296901527648e-02 
 1.14815362149685606e+08 -3.39641554149319735e-02  8.07519764032574028e-02 
 1.17489755493950218e+08 -2.78834603761793955e-02  7.96768409826321133e-02 
 1.20226443461738482e+08 -2.20470315382472297e-02  7.81701761619762875e-02 
 1.23026877081235275e+08 -1.64976729943952204e-02  7.62643693260792871e-02 
 1.25892541179413766e+08 -1.12726491238880726e-02  7.39976836447880926e-02 
 1.28824955169310361e+08 -6.40274551879231341e-03  7.14130649660845718e-02 
 1.31825673855637595e+08 -1.91163032692616202e-03  6.85567901790039153e-02 
 1.34896288259162158e+08  2.18446055870707631e-03  6.54770419319807145e-02 
 1.38038426460285217e+08  5.87671690362132678e-03  6.22224950480156011e-02 
 1.41253754462272078e+08  9.16345217747788904e-03  5.88409922521004811e-02 
 1.44543977074589312e+08  1.20495511161650068e-02  5.53783726589301001e-02 
 1.47910838816817224e+08  1.45457241463828671e-02  5.18774982139735275e-02 
 1.51356124843617201e+08  1.66676316601946269e-02  4.83775035695606370e-02 
 1.54881661891244441e+08  1.84349404670190176e-02  4.49132760895962421e-02 
 1.58489319246107578e+08  1.98703689524452644e-02  4.15151565497401537e-02 
 1.62181009735889137e+08  2.09987681936256304e-02  3.82088388181572383e-02 
 1.65958690743752122e+08  2.18462751577775255e-02  3.50154387068364534e-02 
 1.69824365246170402e+08  2.24395626140444782e-02  3.19516980950252313e-02 
 1.73780082874933422e+08  2.28051997005669360e-02  2.90302897725099804e-02 
 1.77827941003888041e+08  2.29691279043899715e-02  2.62601903941974968e-02 
 1.81970085860994011e+08  2.29562499847647400e-02  2.36470926591984716e-02 
 1.86208713666282296e+08  2.27901241142698559e-02  2.11938325088955812e-02 
 1.90546071796320170e+08  2.24927521180213440e-02  1.89008121531633183e-02 
 1.94984459975799859e+08  2.20844488918510301e-02  1.67664045969525000e-02 
 1.99526231496883184e+08  2.15837795235253697e-02  1.47873297328327408e-02 
 2.04173794466948032e+08  2.10075510147101734e-02  1.29589958175644147e-02 
 2.08929613085398912e+08  2.03708464803830647e-02  1.12758031987489505e-02 
 2.13796208950218052e+08  1.96870910584528575e-02  9.73140951278873845e-03 
 2.18776162394949973e+08  1.89681402755449320e-02  8.31895730233487944e-03 
 2.23872113856828541e+08  1.82243831482848673e-02  7.03126619122544736e-03 
 2.29086765276771754e+08  1.74648537644972839e-02  5.86099250071627723e-03 
 2.34422881531986535e+08  1.66973464114045234e-02  4.80075959369874721e-03 
 2.39883291901943237e+08  1.59285304804065546e-02  3.84326237512450097e-03 
 2.45470891568497092e+08  1.51640623606551436e-02  2.98134933671605944e-03 
 2.51188643150951922e+08  1.44086923555274277e-02  2.20808536177028890e-03 
 2.57039578276880145e+08  1.36663653077957973e-02  1.51679826729624002e-03 
 2.63026799189531803e+08  1.29403141496443868e-02  9.01111764547834451e-04 
 2.69153480392684996e+08  1.22331459866978805e-02  3.54967224132682715e-04 
 2.75422870333809912e+08  1.15469206326667892e-02 -1.27363674520246427e-04 
 2.81838293126438498e+08  1.08832217289585604e-02 -5.51273614086582385e-04 
 2.88403150312653542e+08  1.02432207384550618e-02 -9.21820101356945684e-04 
 2.95120922666631341e+08  9.62773420438701663e-03 -1.24373042934647913e-03 
 3.01995172040194213e+08  9.03727472865476639e-03 -1.52141006330102041e-03 
 3.09029543251351476e+08  8.47209615511164763e-03 -1.75895355888640477e-03 
 3.16227766016830146e+08  7.93223345354892792e-03 -1.96015728286521185e-03 
 3.23593656929620266e+08  7.41753779360865544e-03 -2.12853334460389376e-03 
 3.31131121482582927e+08  6.92770727994945767e-03 -2.26732426270326087e-03 
 3.38844156139194191e+08  6.46231379512327529e-03 -2.37951798964561355e-03 
 3.46736850452523053e+08  6.02082636704860154e-03 -2.46786299934475834e-03 
 3.54813389233566642e+08  5.60263144600189195e-03 -2.53488321019689064e-03 
 3.63078054770092309e+08  5.20705044338970295e-03 -2.58289257126566090e-03 
 3.71535229097163260e+08  4.83335485227192121e-03 -2.61400918582615441e-03 
 3.80189396320551693e+08  4.48077923838023987e-03 -2.63016888205999536e-03 
 3.89045144994270861e+08  4.14853236089161252e-03 -2.63313817064559546e-03 
 3.98107170553487301e+08  3.83580665446020715e-03 -2.62452655299448513e-03 
 4.07380277804102540e+08  3.54178627873836692e-03 -2.60579816088800289e-03 
 4.16869383470324934e+08  3.26565391795610987e-03 -2.57828272431243326e-03 
 4.26579518801581919e+08  3.00659649229067290e-03 -2.54318587346050434e-03 
 4.36515832240154982e+08  2.76380992317626492e-03 -2.50159879068874479e-03 
 4.46683592150951862e+08  2.53650307792793912e-03 -2.45450723272372384e-03 
 4.57088189614863515e+08  2.32390100336689245e-03 -2.40279994859675470e-03 
 4.67735141287186384e+08  2.12524754461194520e-03 -2.34727652101561664e-03 
 4.78630092322626233e+08  1.93980743312562520e-03 -2.28865466049939063e-03 
 4.89778819368433774e+08  1.76686791719801273e-03 -2.22757698267480935e-03 
 5.01187233627259552e+08  1.60573999889890491e-03 -2.16461729871008203e-03 
 5.12861383991351783e+08  1.45575933296865812e-03 -2.10028644888766384e-03 
 5.24807460249759197e+08  1.31628683613792762e-03 -2.03503770808527223e-03 
 5.37031796370239019e+08  1.18670904873942264e-03 -1.96927179125370045e-03 
 5.49540873857610464e+08  1.06643828529864502e-03 -1.90334148528230481e-03 
 5.62341325190334678e+08  9.54912605611279476e-04 -1.83755593272403022e-03 
 5.75439937337142229e+08  8.51595633987461942e-04 -1.77218459103306559e-03 
 5.88843655355573893e+08  7.55976250476083668e-04 -1.70746088980502832e-03 
 6.02559586074342251e+08  6.67568174873296835e-04 -1.64358560695228133e-03 
 6.16595001861466289e+08  5.85909461591923989e-04 -1.58072998339121515e-03 
 6.30957344480176926e+08  5.10561921073522879e-04 -1.51903859453122732e-03 
 6.45654229034638762e+08  4.41110481473897193e-04 -1.45863199554103996e-03 
 6.60693448007578850e+08  3.77162502487876725e-04 -1.39960915625973454e-03 
 6.76082975391964197e+08  3.18347051775732647e-04 -1.34204970043752645e-03 
 6.91830970918918490e+08  2.64314153019727400e-04 -1.28601596303420701e-03 
 7.07945784384119511e+08  2.14734013539829611e-04 -1.23155487831660580e-03 
 7.24435960074971199e+08  1.69296238430298115e-04 -1.17869971060824527e-03 
 7.41310241300898194e+08  1.27709037155838431e-04 -1.12747163879518874e-03 
 7.58577575029163957e+08  8.96984279527767933e-05 -1.07788120486888720e-03 
 7.76247116628671408e+08  5.50074445694404755e-05 -1.02992963615946968e-03 
 7.94328234724260688e+08  2.33953492860415052e-05 -9.83610050267346272e-04 
 8.12830516164077878e+08 -5.36314432656502901e-06 -9.38908551101943936e-04 
 8.31763771102649093e+08 -3.14786359747554626e-05 -8.95805223912926022e-04 
 8.51138038202354074e+08 -5.51477880673661850e-05 -8.54275036700633135e-04 
 8.70963589956057668e+08 -7.65540578069653769e-05 -8.14288654908835747e-04 
 8.91250938133721948e+08 -9.58684102491957777e-05 -7.75813175892603847e-04 
 9.12010839355885625e+08 -1.13250010818635499e-04 -7.38812789227410679e-04 
 9.33254300796966314e+08 -1.28846896130270473e-04 -7.03249368555592920e-04 
 9.54992586021410584e+08 -1.42796622192902146e-04 -6.69083000302220276e-04 
 9.77237220955784678e+08 -1.55226889291696198e-04 -6.36272454254464674e-04 
 9.99999999999973416e+08 -1.66256143078297327e-04 -6.04775600677359519e-04 
