 frequency                ac_re                    ac_im                   
 1.00000000000000000e+00  1.99575058546940234e+01 -8.19055194906666155e-06 
 1.02329299228075410e+00  1.99575058546939346e+01 -8.38133441239137540e-06 
 1.04712854805089939e+00  1.99575058546938351e+01 -8.57656077016160453e-06 
 1.07151930523760619e+00  1.99575058546937214e+01 -8.77633453397635874e-06 
 1.09647819614318465e+00  1.99575058546936113e+01 -8.98076162652954804e-06 
 1.12201845430196312e+00  1.99575058546935118e+01 -9.18995043777157564e-06 
 1.14815362149688238e+00  1.99575058546933981e+01 -9.40401188237906650e-06 
 1.17489755493952908e+00  1.99575058546932773e+01 -9.62305945856340431e-06 
 1.20226443461741250e+00  1.99575058546931423e+01 -9.84720930824892924e-06 
 1.23026877081238117e+00  1.99575058546930038e+01 -1.00765802786529210e-05 
 1.25892541179416684e+00  1.99575058546928652e+01 -1.03112939852999170e-05 
 1.28824955169313360e+00  1.99575058546927266e+01 -1.05514748765040842e-05 
 1.31825673855640679e+00  1.99575058546925632e+01 -1.07972502993530317e-05 
 1.34896288259165331e+00  1.99575058546923998e+01 -1.10487505672291503e-05 
 1.38038426460288455e+00  1.99575058546922577e+01 -1.13061090289035844e-05 
 1.41253754462275394e+00  1.99575058546920729e+01 -1.15694621392391089e-05 
 1.44543977074592700e+00  1.99575058546918811e+01 -1.18389495315408353e-05 
 1.47910838816820678e+00  1.99575058546916928e+01 -1.21147140915911830e-05 
 1.51356124843620754e+00  1.99575058546914796e+01 -1.23969020334100884e-05 
 1.54881661891248057e+00  1.99575058546912700e+01 -1.26856629767795150e-05 
 1.58489319246111271e+00  1.99575058546910427e+01 -1.29811500265738226e-05 
 1.62181009735892911e+00  1.99575058546908117e+01 -1.32835198539380253e-05 
 1.65958690743755977e+00  1.99575058546905701e+01 -1.35929327793569739e-05 
 1.69824365246174347e+00  1.99575058546903001e+01 -1.39095528576592010e-05 
 1.73780082874937447e+00  1.99575058546900372e+01 -1.42335479650013320e-05 
 1.77827941003892165e+00  1.99575058546897672e+01 -1.45650898878777777e-05 
 1.81970085860998210e+00  1.99575058546894759e+01 -1.49043544142044729e-05 
 1.86208713666286596e+00  1.99575058546891704e+01 -1.52515214265240508e-05 
 1.90546071796324568e+00  1.99575058546888293e+01 -1.56067749973817764e-05 
 1.94984459975804381e+00  1.99575058546884989e+01 -1.59703034869231443e-05 
 1.99526231496887796e+00  1.99575058546881543e+01 -1.63422996427652379e-05 
 2.04173794466952740e+00  1.99575058546877813e+01 -1.67229607021937552e-05 
 2.08929613085403743e+00  1.99575058546873976e+01 -1.71124884967411537e-05 
 2.13796208950222999e+00  1.99575058546869784e+01 -1.75110895591999937e-05 
 2.18776162394955032e+00  1.99575058546865485e+01 -1.79189752331298613e-05 
 2.23872113856833721e+00  1.99575058546861115e+01 -1.83363617849139864e-05 
 2.29086765276777049e+00  1.99575058546856354e+01 -1.87634705184268123e-05 
 2.34422881531991933e+00  1.99575058546851523e+01 -1.92005278923724160e-05 
 2.39883291901948770e+00  1.99575058546846478e+01 -1.96477656403556438e-05 
 2.45470891568502747e+00  1.99575058546841042e+01 -2.01054208937502197e-05 
 2.51188643150957702e+00  1.99575058546835393e+01 -2.05737363074293285e-05 
 2.57039578276886038e+00  1.99575058546829531e+01 -2.10529601884242007e-05 
 2.63026799189537819e+00  1.99575058546823456e+01 -2.15433466275797956e-05 
 2.69153480392691202e+00  1.99575058546817061e+01 -2.20451556342773263e-05 
 2.75422870333816272e+00  1.99575058546810347e+01 -2.25586532742941028e-05 
 2.81838293126444972e+00  1.99575058546803064e+01 -2.30841118108759617e-05 
 2.88403150312660150e+00  1.99575058546795887e+01 -2.36218098490944215e-05 
 2.95120922666638119e+00  1.99575058546788036e+01 -2.41720324835662705e-05 
 3.01995172040201165e+00  1.99575058546779935e+01 -2.47350714496156157e-05 
 3.09029543251358563e+00  1.99575058546771835e+01 -2.53112252779549027e-05 
 3.16227766016837419e+00  1.99575058546762847e+01 -2.59007994529703554e-05 
 3.23593656929627738e+00  1.99575058546753468e+01 -2.65041065746930766e-05 
 3.31131121482590540e+00  1.99575058546743875e+01 -2.71214665245450085e-05 
 3.38844156139201980e+00  1.99575058546733466e+01 -2.77532066349431583e-05 
 3.46736850452531042e+00  1.99575058546723128e+01 -2.83996618628563513e-05 
 3.54813389233574838e+00  1.99575058546711865e+01 -2.90611749674030251e-05 
 3.63078054770100689e+00  1.99575058546700035e+01 -2.97380966915874545e-05 
 3.71535229097171849e+00  1.99575058546687707e+01 -3.04307859482678982e-05 
 3.80189396320560480e+00  1.99575058546674953e+01 -3.11396100104571128e-05 
 3.89045144994279868e+00  1.99575058546661417e+01 -3.18649447060552103e-05 
 3.98107170553496470e+00  1.99575058546647561e+01 -3.26071746171192477e-05 
 4.07380277804111923e+00  1.99575058546632711e+01 -3.33666932837716442e-05 
 4.16869383470334576e+00  1.99575058546617186e+01 -3.41439034128633657e-05 
 4.26579518801591817e+00  1.99575058546601305e+01 -3.49392170914925270e-05 
 4.36515832240165125e+00  1.99575058546584359e+01 -3.57530560054987562e-05 
 4.46683592150962205e+00  1.99575058546592459e+01 -3.65858516630573140e-05 
 4.57088189614874096e+00  1.99575058546574091e+01 -3.74380456234279241e-05 
 4.67735141287197198e+00  1.99575058546554480e+01 -3.83100897311388849e-05 
 4.78630092322637335e+00  1.99575058546534265e+01 -3.92024463555196791e-05 
 4.89778819368445184e+00  1.99575058546512842e+01 -4.01155886358630186e-05 
 5.01187233627271223e+00  1.99575058546490567e+01 -4.10500007322937439e-05 
 5.12861383991363784e+00  1.99575058546467261e+01 -4.20061780824733391e-05 
 5.24807460249771474e+00  1.99575058546442889e+01 -4.29846276642896773e-05 
 5.37031796370251602e+00  1.99575058546417416e+01 -4.39858682646625943e-05 
 5.49540873857623335e+00  1.99575058546390522e+01 -4.50104307546103302e-05 
 5.62341325190347785e+00  1.99575058546362314e+01 -4.60588583707275632e-05 
 5.75439937337155616e+00  1.99575058546332968e+01 -4.71317070032134945e-05 
 5.88843655355587625e+00  1.99575058546302166e+01 -4.82295454906144725e-05 
 6.02559586074356357e+00  1.99575058546270014e+01 -4.93529559214275564e-05 
 6.16595001861480707e+00  1.99575058546236406e+01 -5.05025339427331792e-05 
 6.30957344480191740e+00  1.99575058546201021e+01 -5.16788890760150685e-05 
 6.45654229034653948e+00  1.99575058546164072e+01 -5.28826450403360518e-05 
 6.60693448007594419e+00  1.99575058546125312e+01 -5.41144400830407732e-05 
 6.76082975391980145e+00  1.99575058546084527e+01 -5.53749273181662946e-05 
 6.91830970918934796e+00  1.99575058546042250e+01 -5.66647750727298656e-05 
 7.07945784384136179e+00  1.99575058545997805e+01 -5.79846672410829888e-05 
 7.24435960074988294e+00  1.99575058545951158e+01 -5.93353036475240155e-05 
 7.41310241300915695e+00  1.99575058545902237e+01 -6.07174004173547180e-05 
 7.58577575029181883e+00  1.99575058545851043e+01 -6.21316903565751475e-05 
 7.76247116628689771e+00  1.99575058545797788e+01 -6.35789233404327652e-05 
 7.94328234724279447e+00  1.99575058545741797e+01 -6.50598667110102952e-05 
 8.12830516164097183e+00  1.99575058545683213e+01 -6.65753056840871250e-05 
 8.31763771102668947e+00  1.99575058545621786e+01 -6.81260437654643611e-05 
 8.51138038202374325e+00  1.99575058545557553e+01 -6.97129031770004595e-05 
 8.70963589956078366e+00  1.99575058545490194e+01 -7.13367252925585250e-05 
 8.91250938133743098e+00  1.99575058545419850e+01 -7.29983710841194684e-05 
 9.12010839355907166e+00  1.99575058545345883e+01 -7.46987215782746660e-05 
 9.33254300796988367e+00  1.99575058545268611e+01 -7.64386783233649686e-05 
 9.54992586021433176e+00  1.99575058545187751e+01 -7.82191638674862216e-05 
 9.77237220955807828e+00  1.99575058545103019e+01 -8.00411222476404111e-05 
 9.99999999999996980e+00  1.99575058545014450e+01 -8.19055194902793080e-05 
 1.02329299228075108e+01  1.99575058544921369e+01 -8.38133441234975796e-05 
 1.04712854805089641e+01  1.99575058544824060e+01 -8.57656077011689034e-05 
 1.07151930523760317e+01  1.99575058544721990e+01 -8.77633453392834620e-05 
 1.09647819614318163e+01  1.99575058544615445e+01 -8.98076162647800269e-05 
 1.12201845430195988e+01  1.99575058544504103e+01 -9.18995043771615597e-05 
 1.14815362149687914e+01  1.99575058544387254e+01 -9.40401188231956820e-05 
 1.17489755493952579e+01  1.99575058544264543e+01 -9.62305945849950008e-05 
 1.20226443461740899e+01  1.99575058544136503e+01 -9.84720930818033211e-05 
 1.23026877081237753e+01  1.99575058544001678e+01 -1.00765802785793165e-04 
 1.25892541179416302e+01  1.99575058543861275e+01 -1.03112939852209349e-04 
 1.28824955169312965e+01  1.99575058543714299e+01 -1.05514748764192650e-04 
 1.31825673855640257e+01  1.99575058543559969e+01 -1.07972502992619522e-04 
 1.34896288259164887e+01  1.99575058543398391e+01 -1.10487505671314976e-04 
 1.38038426460287997e+01  1.99575058543229318e+01 -1.13061090287987041e-04 
 1.41253754462274923e+01  1.99575058543052215e+01 -1.15694621391265463e-04 
 1.44543977074592220e+01  1.99575058542867083e+01 -1.18389495314201324e-04 
 1.47910838816820203e+01  1.99575058542672537e+01 -1.21147140914616683e-04 
 1.51356124843620261e+01  1.99575058542457739e+01 -1.23969020332700860e-04 
 1.54881661891247564e+01  1.99575058542244932e+01 -1.26856629766294106e-04 
 1.58489319246110760e+01  1.99575058542021893e+01 -1.29811500264128213e-04 
 1.62181009735892374e+01  1.99575058541788444e+01 -1.32835198537654102e-04 
 1.65958690743755426e+01  1.99575058541544088e+01 -1.35929327791718511e-04 
 1.69824365246173770e+01  1.99575058541288222e+01 -1.39095528574607636e-04 
 1.73780082874936852e+01  1.99575058541020205e+01 -1.42335479647884614e-04 
 1.77827941003891574e+01  1.99575058540739612e+01 -1.45650898876494548e-04 
 1.81970085860997628e+01  1.99575058540445731e+01 -1.49043544139597654e-04 
 1.86208713666286023e+01  1.99575058540138315e+01 -1.52515214262616532e-04 
 1.90546071796323986e+01  1.99575058539816190e+01 -1.56067749971004294e-04 
 1.94984459975803794e+01  1.99575058539478931e+01 -1.59703034866215599e-04 
 1.99526231496887192e+01  1.99575058539125507e+01 -1.63422996424418191e-04 
 2.04173794466952145e+01  1.99575058538755989e+01 -1.67229607018471262e-04 
 2.08929613085403147e+01  1.99575058538368708e+01 -1.71124884963699635e-04 
 2.13796208950222386e+01  1.99575058537962811e+01 -1.75110895588020677e-04 
 2.18776162394954419e+01  1.99575058537538190e+01 -1.79189752327033091e-04 
 2.23872113856833082e+01  1.99575058537093533e+01 -1.83363617844567553e-04 
 2.29086765276776383e+01  1.99575058536627914e+01 -1.87634705179366506e-04 
 2.34422881531991258e+01  1.99575058536140233e+01 -1.92005278918471031e-04 
 2.39883291901948077e+01  1.99575058535629530e+01 -1.96477656397924238e-04 
 2.45470891568502019e+01  1.99575058535132897e+01 -2.01054208931570249e-04 
 2.51188643150956956e+01  1.99575058534572989e+01 -2.05737363067930482e-04 
 2.57039578276885301e+01  1.99575058533987075e+01 -2.10529601877417578e-04 
 2.63026799189537073e+01  1.99575058533361300e+01 -2.15433466268462461e-04 
 2.69153480392690412e+01  1.99575058532718437e+01 -2.20451556334903744e-04 
 2.75422870333815446e+01  1.99575058532045340e+01 -2.25586532734503353e-04 
 2.81838293126444164e+01  1.99575058531340410e+01 -2.30841118099709314e-04 
 2.88403150312659342e+01  1.99575058530602334e+01 -2.36218098481239718e-04 
 2.95120922666637284e+01  1.99575058529855696e+01 -2.41720324825326748e-04 
 3.01995172040200295e+01  1.99575058529188070e+01 -2.47350714485486639e-04 
 3.09029543251357701e+01  1.99575058528340570e+01 -2.53112252768084565e-04 
 3.16227766016836540e+01  1.99575058527453351e+01 -2.59007994517383006e-04 
 3.23593656929626832e+01  1.99575058526524067e+01 -2.65041065733696846e-04 
 3.31131121482589634e+01  1.99575058525545543e+01 -2.71214665231225773e-04 
 3.38844156139201047e+01  1.99575058524526625e+01 -2.77532066334155005e-04 
 3.46736850452530092e+01  1.99575058523459852e+01 -2.83996618612158795e-04 
 3.54813389233573844e+01  1.99575058522355988e+01 -2.90611749656465891e-04 
 3.63078054770099712e+01  1.99575058521186364e+01 -2.97380966897016258e-04 
 3.71535229097170827e+01  1.99575058519961708e+01 -3.04307859462431859e-04 
 3.80189396320559467e+01  1.99575058518792190e+01 -3.11396100083240928e-04 
 3.89045144994278829e+01  1.99575058517437505e+01 -3.18649447037611848e-04 
 3.98107170553495422e+01  1.99575058516031447e+01 -3.26071746146544929e-04 
 4.07380277804110875e+01  1.99575058514558705e+01 -3.33666932811242190e-04 
 4.16869383470333474e+01  1.99575058513274435e+01 -3.41439034101249028e-04 
 4.26579518801590680e+01  1.99575058511648038e+01 -3.49392170885453538e-04 
 4.36515832240163917e+01  1.99575058509957444e+01 -3.57530560023288757e-04 
 4.46683592150961033e+01  1.99575058508186984e+01 -3.65858516596374937e-04 
 4.57088189614872888e+01  1.99575058506333001e+01 -3.74380456197517645e-04 
 4.67735141287195972e+01  1.99575058504391762e+01 -3.83100897271886282e-04 
 4.78630092322636074e+01  1.99575058502359326e+01 -3.92024463512738377e-04 
 4.89778819368443834e+01  1.99575058500231037e+01 -4.01155886313011851e-04 
 5.01187233627269819e+01  1.99575058498002029e+01 -4.10500007273922082e-04 
 5.12861383991362345e+01  1.99575058495668181e+01 -4.20061780772082081e-04 
 5.24807460249770017e+01  1.99575058493224198e+01 -4.29846276586340532e-04 
 5.37031796370250092e+01  1.99575058490665427e+01 -4.39858682585881049e-04 
 5.49540873857621861e+01  1.99575058487985864e+01 -4.50104307480895887e-04 
 5.62341325190346311e+01  1.99575058485481662e+01 -4.60588583638920723e-04 
 5.75439937337154106e+01  1.99575058482543497e+01 -4.71317069958663280e-04 
 5.88843655355586080e+01  1.99575058479466882e+01 -4.82295454827176995e-04 
 6.02559586074354741e+01  1.99575058476283544e+01 -4.93529559129667517e-04 
 6.16595001861479091e+01  1.99575058472898235e+01 -5.05025339336384713e-04 
 6.30957344480190088e+01  1.99575058469365807e+01 -5.16788890662432925e-04 
 6.45654229034652190e+01  1.99575058465693296e+01 -5.28826450298552605e-04 
 6.60693448007592536e+01  1.99575058461819701e+01 -5.41144400717818541e-04 
 6.76082975391978209e+01  1.99575058457764136e+01 -5.53749273060729166e-04 
 6.91830970918932877e+01  1.99575058453516974e+01 -5.66647750597423392e-04 
 7.07945784384134242e+01  1.99575058449141522e+01 -5.79846672271848071e-04 
 7.24435960074986269e+01  1.99575058444484732e+01 -5.93353036325980007e-04 
 7.41310241300913617e+01  1.99575058439775859e+01 -6.07174004014534078e-04 
 7.58577575029179769e+01  1.99575058434664179e+01 -6.21316903394929839e-04 
 7.76247116628687621e+01  1.99575058429293861e+01 -6.35789233220766586e-04 
 7.94328234724277280e+01  1.99575058423695531e+01 -6.50598666913011422e-04 
 8.12830516164094945e+01  1.99575058418045579e+01 -6.65753056630941195e-04 
 8.31763771102666567e+01  1.99575058411925355e+01 -6.81260437429335097e-04 
 8.51138038202371945e+01  1.99575058405473840e+01 -6.97129031527926211e-04 
 8.70963589956076021e+01  1.99575058398742797e+01 -7.13367252665647426e-04 
 8.91250938133740789e+01  1.99575058392107181e+01 -7.29983710565674246e-04 
 9.12010839355904892e+01  1.99575058384726844e+01 -7.46987215486785813e-04 
 9.33254300796986058e+01  1.99575058377024988e+01 -7.64386782916063831e-04 
 9.54992586021430867e+01  1.99575058368921177e+01 -7.82191638333733100e-04 
 9.77237220955805412e+01  1.99575058360447244e+01 -8.00411222110053227e-04 
 9.99999999999994600e+01  1.99575058351736558e+01 -8.19055194510959813e-04 
 1.02329299228074859e+02  1.99575058342541247e+01 -8.38133440815240667e-04 
 1.04712854805089378e+02  1.99575058332928457e+01 -8.57656076562055350e-04 
 1.07151930523760043e+02  1.99575058322711492e+01 -8.77633452909836213e-04 
 1.09647819614317882e+02  1.99575058312104439e+01 -8.98076162129892450e-04 
 1.12201845430195704e+02  1.99575058301340569e+01 -9.18995043219930814e-04 
 1.14815362149687616e+02  1.99575058289644147e+01 -9.40401187639425045e-04 
 1.17489755493952273e+02  1.99575058277400217e+01 -9.62305945213795793e-04 
 1.20226443461740587e+02  1.99575058264676670e+01 -9.84720930136046002e-04 
 1.23026877081237430e+02  1.99575058251537101e+01 -1.00765802712910781e-03 
 1.25892541179415971e+02  1.99575058237642153e+01 -1.03112939774151766e-03 
 1.28824955169312631e+02  1.99575058223003161e+01 -1.05514748680482539e-03 
 1.31825673855639934e+02  1.99575058207836307e+01 -1.07972502903051835e-03 
 1.34896288259164550e+02  1.99575058191819927e+01 -1.10487505575293391e-03 
 1.38038426460287639e+02  1.99575058174939812e+01 -1.13061090184903294e-03 
 1.41253754462274571e+02  1.99575058157611771e+01 -1.15694621281109042e-03 
 1.44543977074591879e+02  1.99575058139131976e+01 -1.18389495195972503e-03 
 1.47910838816819847e+02  1.99575058119908171e+01 -1.21147140787935810e-03 
 1.51356124843619909e+02  1.99575058100213276e+01 -1.23969020197591592e-03 
 1.54881661891247205e+02  1.99575058079225087e+01 -1.26856629621631758e-03 
 1.58489319246110398e+02  1.99575058056982364e+01 -1.29811500108801148e-03 
 1.62181009735892019e+02  1.99575058033722250e+01 -1.32835198370959725e-03 
 1.65958690743755056e+02  1.99575058009475192e+01 -1.35929327613005038e-03 
 1.69824365246173386e+02  1.99575057984006428e+01 -1.39095528382902553e-03 
 1.73780082874936454e+02  1.99575057957598005e+01 -1.42335479442682027e-03 
 1.77827941003891169e+02  1.99575057929733113e+01 -1.45650898656460217e-03 
 1.81970085860997187e+02  1.99575057900768122e+01 -1.49043543904031931e-03 
 1.86208713666285547e+02  1.99575057870345418e+01 -1.52515214010269604e-03 
 1.90546071796323474e+02  1.99575057838305909e+01 -1.56067749700335699e-03 
 1.94984459975803247e+02  1.99575057804567386e+01 -1.59703034575534551e-03 
 1.99526231496886652e+02  1.99575057769662294e+01 -1.63422996113125538e-03 
 2.04173794466951591e+02  1.99575057733216958e+01 -1.67229606685284984e-03 
 2.08929613085402565e+02  1.99575057694778657e+01 -1.71124884606513837e-03 
 2.13796208950221796e+02  1.99575057654243011e+01 -1.75110895204521905e-03 
 2.18776162394953815e+02  1.99575057612631390e+01 -1.79189751917055895e-03 
 2.23872113856832470e+02  1.99575057568300664e+01 -1.83363617404662177e-03 
 2.29086765276775765e+02  1.99575057522193902e+01 -1.87634704708037822e-03 
 2.34422881531990640e+02  1.99575057473714033e+01 -1.92005278413023362e-03 
 2.39883291901947445e+02  1.99575057423159521e+01 -1.96477655856384763e-03 
 2.45470891568501401e+02  1.99575057370226787e+01 -2.01054208351269430e-03 
 2.51188643150956324e+02  1.99575057314896824e+01 -2.05737362446421421e-03 
 2.57039578276884640e+02  1.99575057256739257e+01 -2.10529601211268368e-03 
 2.63026799189536405e+02  1.99575057196072088e+01 -2.15433465555037781e-03 
 2.69153480392689744e+02  1.99575057132504412e+01 -2.20451555570704612e-03 
 2.75422870333814785e+02  1.99575057065408750e+01 -2.25586531914511498e-03 
 2.81838293126443489e+02  1.99575056995768492e+01 -2.30841117221578657e-03 
 2.88403150312658624e+02  1.99575056922960705e+01 -2.36218097541097570e-03 
 2.95120922666636545e+02  1.99575056846360184e+01 -2.41720323817713485e-03 
 3.01995172040199520e+02  1.99575056766139625e+01 -2.47350713405155957e-03 
 3.09029543251356870e+02  1.99575056682500396e+01 -2.53112251611424749e-03 
 3.16227766016835687e+02  1.99575056594454665e+01 -2.59007993277491407e-03 
 3.23593656929625979e+02  1.99575056502242489e+01 -2.65041064404567331e-03 
 3.31131121482588753e+02  1.99575056405981961e+01 -2.71214663807377429e-03 
 3.38844156139200152e+02  1.99575056305127951e+01 -2.77532064808701066e-03 
 3.46736850452529154e+02  1.99575056199457634e+01 -2.83996616977566507e-03 
 3.54813389233572877e+02  1.99575056088951968e+01 -2.90611747905378335e-03 
 3.63078054770098674e+02  1.99575055972857385e+01 -2.97380965019860720e-03 
 3.71535229097169804e+02  1.99575055851778274e+01 -3.04307857451927878e-03 
 3.80189396320558387e+02  1.99575055724520851e+01 -3.11396097927709153e-03 
 3.89045144994277734e+02  1.99575055591395163e+01 -3.18649444727599988e-03 
 3.98107170553494313e+02  1.99575055452277574e+01 -3.26071743672051197e-03 
 4.07380277804109710e+02  1.99575055306303533e+01 -3.33666930159363852e-03 
 4.16869383470332309e+02  1.99575055153865435e+01 -3.41439031259859263e-03 
 4.26579518801589472e+02  1.99575054993650376e+01 -3.49392167839781935e-03 
 4.36515832240162695e+02  1.99575054826375862e+01 -3.57530556760704598e-03 
 4.46683592150959782e+02  1.99575054650536288e+01 -3.65858513098421805e-03 
 4.57088189614871624e+02  1.99575054467047188e+01 -3.74380452450122012e-03 
 4.67735141287194722e+02  1.99575054274676909e+01 -3.83100893256194033e-03 
 4.78630092322634766e+02  1.99575054073658471e+01 -3.92024459211493329e-03 
 4.89778819368442498e+02  1.99575053862509080e+01 -4.01155881702769477e-03 
 5.01187233627268483e+02  1.99575053642066749e+01 -4.10500002335663708e-03 
 5.12861383991360981e+02  1.99575053411188641e+01 -4.20061775482135843e-03 
 5.24807460249768610e+02  1.99575053169331440e+01 -4.29846270919153912e-03 
 5.37031796370248685e+02  1.99575052915436828e+01 -4.39858676511183273e-03 
 5.49540873857620340e+02  1.99575052650196341e+01 -4.50104300972729420e-03 
 5.62341325190344719e+02  1.99575052372007420e+01 -4.60588576662262529e-03 
 5.75439937337152401e+02  1.99575052080595192e+01 -4.71317062481078040e-03 
 5.88843655355584360e+02  1.99575051775996641e+01 -4.82295446815881809e-03 
 6.02559586074352978e+02  1.99575051456804751e+01 -4.93529550544935698e-03 
 6.16595001861477272e+02  1.99575051122995362e+01 -5.05025330139995902e-03 
 6.30957344480188226e+02  1.99575050772984426e+01 -5.16788880807782149e-03 
 6.45654229034650371e+02  1.99575050406461401e+01 -5.28826439738316542e-03 
 6.60693448007590746e+02  1.99575050023164842e+01 -5.41144389404892099e-03 
 6.76082975391976333e+02  1.99575049621433642e+01 -5.53749260938903899e-03 
 6.91830970918930916e+02  1.99575049200375076e+01 -5.66647737606301022e-03 
 7.07945784384132139e+02  1.99575048760565714e+01 -5.79846658355979028e-03 
 7.24435960074984109e+02  1.99575048298973918e+01 -5.93353021412691608e-03 
 7.41310241300911343e+02  1.99575047816156399e+01 -6.07173988034960706e-03 
 7.58577575029177410e+02  1.99575047310012224e+01 -6.21316886269932412e-03 
 7.76247116628685148e+02  1.99575046780957557e+01 -6.35789214875331042e-03 
 7.94328234724274694e+02  1.99575046226159500e+01 -6.50598647253791684e-03 
 8.12830516164092273e+02  1.99575045645183060e+01 -6.65753035562076205e-03 
 8.31763771102663895e+02  1.99575045037691616e+01 -6.81260414858334863e-03 
 8.51138038202369216e+02  1.99575044401151480e+01 -6.97129007344400413e-03 
 8.70963589956073179e+02  1.99575043734479536e+01 -7.13367226753073517e-03 
 8.91250938133737918e+02  1.99575043036170996e+01 -7.29983682795092015e-03 
 9.12010839355901908e+02  1.99575042305173902e+01 -7.46987185730794284e-03 
 9.33254300796982989e+02  1.99575041539447717e+01 -7.64386751030009595e-03 
 9.54992586021427655e+02  1.99575040737994271e+01 -7.82191604168721959e-03 
 9.77237220955802172e+02  1.99575039899112916e+01 -8.00411185506396880e-03 
 9.99999999999991246e+02  1.99575039019603828e+01 -8.19055155282294792e-03 
 1.02329299228074512e+03  1.99575038099696513e+01 -8.38133398784754111e-03 
 1.04712854805089023e+03  1.99575037135547362e+01 -8.57656031520437692e-03 
 1.07151930523759688e+03  1.99575036126836665e+01 -8.77633404651815413e-03 
 1.09647819614317518e+03  1.99575035069983322e+01 -8.98076110418694756e-03 
 1.12201845430195340e+03  1.99575033963929229e+01 -9.18994987811097390e-03 
 1.14815362149687235e+03  1.99575032805278738e+01 -9.40401128268300752e-03 
 1.17489755493951884e+03  1.99575031592341148e+01 -9.62305881600374231e-03 
 1.20226443461740200e+03  1.99575030322090079e+01 -9.84720861974379066e-03 
 1.23026877081237035e+03  1.99575028991550667e+01 -1.00765795408663365e-02 
 1.25892541179415571e+03  1.99575027599004997e+01 -1.03112931947889654e-02 
 1.28824955169312216e+03  1.99575026140251524e+01 -1.05514740294300417e-02 
 1.31825673855639502e+03  1.99575024612781746e+01 -1.07972493916722850e-02 
 1.34896288259164112e+03  1.99575023013457269e+01 -1.10487495946245719e-02 
 1.38038426460287201e+03  1.99575021339111629e+01 -1.13061079867794907e-02 
 1.41253754462274105e+03  1.99575019585470095e+01 -1.15694610225699455e-02 
 1.44543977074591385e+03  1.99575017748925632e+01 -1.18389483349587363e-02 
 1.47910838816819341e+03  1.99575015826599618e+01 -1.21147128094943428e-02 
 1.51356124843619386e+03  1.99575013813274715e+01 -1.23969006596218890e-02 
 1.54881661891246677e+03  1.99575011704552878e+01 -1.26856615046646495e-02 
 1.58489319246109858e+03  1.99575009497521059e+01 -1.29811484492632009e-02 
 1.62181009735891462e+03  1.99575007185603965e+01 -1.32835181637749322e-02 
 1.65958690743754482e+03  1.99575004764965520e+01 -1.35929309683065179e-02 
 1.69824365246172806e+03  1.99575002230415599e+01 -1.39095509171009192e-02 
 1.73780082874935874e+03  1.99574999576504766e+01 -1.42335458856917736e-02 
 1.77827941003890555e+03  1.99574996797036803e+01 -1.45650876598091630e-02 
 1.81970085860996574e+03  1.99574993886601462e+01 -1.49043520267411224e-02 
 1.86208713666284916e+03  1.99574990839824302e+01 -1.52515188684121915e-02 
 1.90546071796322849e+03  1.99574987648909854e+01 -1.56067722563209381e-02 
 1.94984459975802611e+03  1.99574984306894123e+01 -1.59703005496941962e-02 
 1.99526231496885998e+03  1.99574980808437914e+01 -1.63422964955377281e-02 
 2.04173794466950926e+03  1.99574977144616383e+01 -1.67229573298561737e-02 
 2.08929613085401888e+03  1.99574973308372812e+01 -1.71124848832450854e-02 
 2.13796208950221080e+03  1.99574969290962336e+01 -1.75110856872182294e-02 
 2.18776162394953053e+03  1.99574965084313263e+01 -1.79189710841960795e-02 
 2.23872113856831720e+03  1.99574960679672913e+01 -1.83363573392780616e-02 
 2.29086765276774986e+03  1.99574956067643967e+01 -1.87634657549088160e-02 
 2.34422881531989833e+03  1.99574951238128229e+01 -1.92005227882100400e-02 
 2.39883291901946586e+03  1.99574946180743815e+01 -1.96477601711312344e-02 
 2.45470891568500519e+03  1.99574940884898133e+01 -2.01054150333276893e-02 
 2.51188643150955431e+03  1.99574935339515811e+01 -2.05737300278384140e-02 
 2.57039578276883731e+03  1.99574929532910197e+01 -2.10529534597199697e-02 
 2.63026799189535450e+03  1.99574923452693511e+01 -2.15433394176488754e-02 
 2.69153480392688743e+03  1.99574917086009442e+01 -2.20451479087236703e-02 
 2.75422870333813762e+03  1.99574910419066001e+01 -2.25586449961897341e-02 
 2.81838293126442431e+03  1.99574903438000355e+01 -2.30841029407225923e-02 
 2.88403150312657544e+03  1.99574896128218100e+01 -2.36218003446313739e-02 
 2.95120922666635443e+03  1.99574888473617875e+01 -2.41720222993381251e-02 
 3.01995172040198395e+03  1.99574880458580282e+01 -2.47350605370978763e-02 
 3.09029543251355744e+03  1.99574872065078068e+01 -2.53112135848475826e-02 
 3.16227766016834539e+03  1.99574863276599466e+01 -2.59007869236239641e-02 
 3.23593656929624785e+03  1.99574854073574777e+01 -2.65040931491827905e-02 
 3.31131121482587514e+03  1.99574844437256935e+01 -2.71214521389245081e-02 
 3.38844156139198867e+03  1.99574834346895287e+01 -2.77531912205735212e-02 
 3.46736850452527869e+03  1.99574823780407016e+01 -2.83996453459734177e-02 
 3.54813389233571570e+03  1.99574812715705434e+01 -2.90611572690848141e-02 
 3.63078054770097333e+03  1.99574801130976276e+01 -2.97380777278205694e-02 
 3.71535229097168440e+03  1.99574788998604262e+01 -3.04307656279614591e-02 
 3.80189396320556989e+03  1.99574776295124003e+01 -3.11395882368310506e-02 
 3.89045144994276279e+03  1.99574762993207777e+01 -3.18649213752785695e-02 
 3.98107170553492824e+03  1.99574749064532391e+01 -3.26071496178628323e-02 
 4.07380277804108209e+03  1.99574734478788649e+01 -3.33666664964751211e-02 
 4.16869383470330740e+03  1.99574719205638225e+01 -3.41438747096440703e-02 
 4.26579518801587892e+03  1.99574703213473761e+01 -3.49391863356397908e-02 
 4.36515832240161035e+03  1.99574686467104385e+01 -3.57530230499946422e-02 
 4.46683592150958066e+03  1.99574668931815999e+01 -3.65858163507209733e-02 
 4.57088189614869862e+03  1.99574650569727510e+01 -3.74380077855355001e-02 
 4.67735141287192891e+03  1.99574631342418556e+01 -3.83100491871331689e-02 
 4.78630092322632936e+03  1.99574611208719688e+01 -3.92024029117541487e-02 
 4.89778819368440691e+03  1.99574590126189122e+01 -4.01155420849715338e-02 
 5.01187233627266596e+03  1.99574568050221508e+01 -4.10499508521119105e-02 
 5.12861383991358980e+03  1.99574544934369378e+01 -4.20061246351654746e-02 
 5.24807460249766609e+03  1.99574520728171727e+01 -4.29845703942744947e-02 
 5.37031796370246593e+03  1.99574495382059958e+01 -4.39858068989896350e-02 
 5.49540873857618226e+03  1.99574468840854848e+01 -4.50103650000765604e-02 
 5.62341325190342559e+03  1.99574441048558242e+01 -4.60587879133173422e-02 
 5.75439937337150241e+03  1.99574411947276253e+01 -4.71316315070057501e-02 
 5.88843655355582086e+03  1.99574381473825220e+01 -4.82294645948893597e-02 
 6.02559586074350682e+03  1.99574349564588367e+01 -4.93528692402275468e-02 
 6.16595001861474884e+03  1.99574316151704600e+01 -5.05024410624016207e-02 
 6.30957344480185748e+03  1.99574281163373257e+01 -5.16787895527391003e-02 
 6.45654229034647778e+03  1.99574244526905566e+01 -5.28825383995155385e-02 
 6.60693448007588086e+03  1.99574206163706620e+01 -5.41143258155821691e-02 
 6.76082975391973650e+03  1.99574165992094592e+01 -5.53748048783453684e-02 
 6.91830970918928142e+03  1.99574123927613734e+01 -5.66646438763123220e-02 
 7.07945784384129365e+03  1.99574079880593693e+01 -5.79845266617226435e-02 
 7.24435960074981267e+03  1.99574033757536249e+01 -5.93351530140651812e-02 
 7.41310241300908456e+03  1.99573985460767815e+01 -6.07172390107294027e-02 
 7.58577575029174477e+03  1.99573934887965549e+01 -6.21315174063808429e-02 
 7.76247116628682215e+03  1.99573881932341095e+01 -6.35787380215177278e-02 
 7.94328234724271715e+03  1.99573826480071865e+01 -6.50596681380964659e-02 
 8.12830516164089204e+03  1.99573768415122288e+01 -6.65750929097926603e-02 
 8.31763771102660758e+03  1.99573707613238831e+01 -6.81258157738017511e-02 
 8.51138038202365897e+03  1.99573643946385104e+01 -6.97126588800417724e-02 
 8.70963589956069882e+03  1.99573577278997334e+01 -7.13364635241808126e-02 
 8.91250938133734417e+03  1.99573507469499738e+01 -7.29980905946295833e-02 
 9.12010839355898315e+03  1.99573434369449245e+01 -7.46984210283056504e-02 
 9.33254300796979260e+03  1.99573357824848614e+01 -7.64383562786888349e-02 
 9.54992586021423813e+03  1.99573277673234806e+01 -7.82188187911957988e-02 
 9.77237220955798148e+03  1.99573193744451522e+01 -8.00407524927614494e-02 
 9.99999999999987085e+03  1.99573105859696760e+01 -8.19051232913741711e-02 
 1.02329299228074087e+04  1.99573013833692947e+01 -8.38129195898978385e-02 
 1.04712854805088591e+04  1.99572917470458577e+01 -8.57651528062411683e-02 
 1.07151930523759238e+04  1.99572816565373188e+01 -8.77628579112374879e-02 
 1.09647819614317068e+04  1.99572710905081827e+01 -8.98070939771650756e-02 
 1.12201845430194880e+04  1.99572600265992932e+01 -9.18989447377645818e-02 
 1.14815362149686771e+04  1.99572484412170965e+01 -9.40395191601153257e-02 
 1.17489755493951416e+04  1.99572363098523411e+01 -9.62299520360328509e-02 
 1.20226443461739709e+04  1.99572236067830033e+01 -9.84714045801419885e-02 
 1.23026877081236526e+04  1.99572103049925609e+01 -1.00765065044424409e-01 
 1.25892541179415057e+04  1.99571963764569063e+01 -1.03112149351330659e-01 
 1.28824955169311688e+04  1.99571817914221157e+01 -1.05513901729704956e-01 
 1.31825673855638961e+04  1.99571665190592107e+01 -1.07971595381862781e-01 
 1.34896288259163575e+04  1.99571505269579852e+01 -1.10486533152269639e-01 
 1.38038426460286646e+04  1.99571337812177241e+01 -1.13060048219128947e-01 
 1.41253754462273537e+04  1.99571162462624159e+01 -1.15693504798303939e-01 
 1.44543977074590803e+04  1.99570978849762355e+01 -1.18388298868202818e-01 
 1.47910838816818741e+04  1.99570786583697171e+01 -1.21145858904881748e-01 
 1.51356124843618763e+04  1.99570585257197450e+01 -1.23967646640965032e-01 
 1.54881661891246022e+04  1.99570374442456924e+01 -1.26855157835588067e-01 
 1.58489319246109189e+04  1.99570153692741883e+01 -1.29809923069166000e-01 
 1.62181009735890784e+04  1.99569922540471474e+01 -1.32833508551737145e-01 
 1.65958690743753796e+04  1.99569680494347672e+01 -1.35927516944167159e-01 
 1.69824365246172092e+04  1.99569427041857992e+01 -1.39093588227352433e-01 
 1.73780082874935142e+04  1.99569161644917266e+01 -1.42333400540028965e-01 
 1.77827941003889828e+04  1.99568883741041141e+01 -1.45648671085504527e-01 
 1.81970085860995823e+04  1.99568592741381252e+01 -1.49041157034407845e-01 
 1.86208713666284166e+04  1.99568288027924616e+01 -1.52512656450414119e-01 
 1.90546071796322067e+04  1.99567968955518076e+01 -1.56065009246371483e-01 
 1.94984459975801801e+04  1.99567634846392359e+01 -1.59700098148951614e-01 
 1.99526231496885157e+04  1.99567284991735114e+01 -1.63419849698546199e-01 
 2.04173794466950058e+04  1.99566918650722762e+01 -1.67226235268093271e-01 
 2.08929613085400997e+04  1.99566535045673490e+01 -1.71121272097759319e-01 
 2.13796208950220171e+04  1.99566133364503671e+01 -1.75107024367800318e-01 
 2.18776162394952153e+04  1.99565712753946407e+01 -1.79185604278284255e-01 
 2.23872113856830765e+04  1.99565272322208607e+01 -1.83359173172578410e-01 
 2.29086765276774022e+04  1.99564811136587608e+01 -1.87629942676977135e-01 
 2.34422881531988860e+04  1.99564328217665476e+01 -1.92000175859089794e-01 
 2.39883291901945595e+04  1.99563822542045237e+01 -1.96472188431741274e-01 
 2.45470891568499501e+04  1.99563293037753127e+01 -2.01048349968492635e-01 
 2.51188643150954376e+04  1.99562738581762495e+01 -2.05731085152522974e-01 
 2.57039578276882639e+04  1.99562157997551743e+01 -2.10522875053460984e-01 
 2.63026799189534358e+04  1.99561550056088635e+01 -2.15426258443503715e-01 
 2.69153480392687634e+04  1.99560913467178587e+01 -2.20443833119454702e-01 
 2.75422870333812607e+04  1.99560246881390171e+01 -2.25578257281695838e-01 
 2.81838293126441240e+04  1.99559548884469784e+01 -2.30832250926672533e-01 
 2.88403150312656362e+04  1.99558817997328646e+01 -2.36208597277454080e-01 
 2.95120922666634215e+04  1.99558052670845250e+01 -2.41710144272314742e-01 
 3.01995172040197140e+04  1.99557251282656267e+01 -2.47339806018707725e-01 
 3.09029543251354444e+04  1.99556412132461674e+01 -2.53100564348802737e-01 
 3.16227766016833193e+04  1.99555533442815864e+01 -2.58995470392101801e-01 
 3.23593656929623394e+04  1.99554613349901508e+01 -2.65027646161362429e-01 
 3.31131121482586095e+04  1.99553649903653358e+01 -2.71200286202692320e-01 
 3.38844156139197439e+04  1.99552641062460943e+01 -2.77516659268543020e-01 
 3.46736850452526414e+04  1.99551584687064612e+01 -2.83980110025537746e-01 
 3.54813389233570124e+04  1.99550478538206697e+01 -2.90594060813920751e-01 
 3.63078054770095841e+04  1.99549320271641939e+01 -2.97362013439508188e-01 
 3.71535229097166884e+04  1.99548107431999000e+01 -3.04287550992893452e-01 
 3.80189396320555388e+04  1.99546837450083601e+01 -3.11374339769704744e-01 
 3.89045144994274669e+04  1.99545507633237378e+01 -3.18626131117692446e-01 
 3.98107170553491160e+04  1.99544115164270544e+01 -3.26046763449354737e-01 
 4.07380277804106518e+04  1.99542657090603122e+01 -3.33640164218039548e-01 
 4.16869383470329049e+04  1.99541130324070934e+01 -3.41410351990661831e-01 
 4.26579518801586164e+04  1.99539531628353011e+01 -3.49361438518653644e-01 
 4.36515832240159289e+04  1.99537857617906447e+01 -3.57497630902700203e-01 
 4.46683592150956247e+04  1.99536104743093006e+01 -3.65823233739936304e-01 
 4.57088189614867952e+04  1.99534269292287831e+01 -3.74342651445315533e-01 
 4.67735141287190927e+04  1.99532347376877759e+01 -3.83060390444948828e-01 
 4.78630092322630881e+04  1.99530334925081902e+01 -3.91981061566246458e-01 
 4.89778819368438562e+04  1.99528227674475005e+01 -4.01109382423697591e-01 
 5.01187233627264432e+04  1.99526021159131979e+01 -4.10450179829494499e-01 
 5.12861383991356779e+04  1.99523710709343725e+01 -4.20008392386071017e-01 
 5.24807460249764335e+04  1.99521291429322218e+01 -4.29789072903897285e-01 
 5.37031796370244265e+04  1.99518758197825257e+01 -4.39797391111219349e-01 
 5.49540873857615879e+04  1.99516105648359634e+01 -4.50038636247885648e-01 
 5.62341325190340212e+04  1.99513328166111954e+01 -4.60518219885389324e-01 
 5.75439937337147858e+04  1.99510419869636166e+01 -4.71241678593372237e-01 
 5.88843655355579685e+04  1.99507374602364642e+01 -4.82214676855820645e-01 
 6.02559586074348263e+04  1.99504185918428014e+01 -4.93443009940466748e-01 
 6.16595001861472410e+04  1.99500847068413556e+01 -5.04932606919088811e-01 
 6.30957344480183237e+04  1.99497350985863093e+01 -5.16689533612257668e-01 
 6.45654229034645250e+04  1.99493690271538391e+01 -5.28719995717798374e-01 
 6.60693448007585539e+04  1.99489857181142796e+01 -5.41030342042143286e-01 
 6.76082975391970976e+04  1.99485843604276702e+01 -5.53627067599813616e-01 
 6.91830970918925450e+04  1.99481641049539675e+01 -5.66516816964489522e-01 
 7.07945784384126600e+04  1.99477240628762225e+01 -5.79706387698241121e-01 
 7.24435960074978502e+04  1.99472633034660269e+01 -5.93202733637710478e-01 
 7.41310241300905618e+04  1.99467808524453183e+01 -6.07012968557471111e-01 
 7.58577575029171567e+04  1.99462756896860611e+01 -6.21144369584017531e-01 
 7.76247116628679214e+04  1.99457467473850407e+01 -6.35604381008035402e-01 
 7.94328234724268696e+04  1.99451929073714460e+01 -6.50400617827692873e-01 
 8.12830516164086148e+04  1.99446129993854981e+01 -6.65540869737837215e-01 
 8.31763771102657629e+04  1.99440057978620082e+01 -6.81033104788917765e-01 
 8.51138038202362804e+04  1.99433700202521287e+01 -6.96885473563642277e-01 
 8.70963589956066571e+04  1.99427043235546400e+01 -7.13106312972621059e-01 
 8.91250938133731106e+04  1.99420073019297242e+01 -7.29704150539506546e-01 
 9.12010839355895005e+04  1.99412774838156608e+01 -7.46687708527286720e-01 
 9.33254300796975876e+04  1.99405133284707965e+01 -7.64065908095513446e-01 
 9.54992586021420429e+04  1.99397132233867538e+01 -7.81847873830599727e-01 
 9.77237220955794764e+04  1.99388754803971970e+01 -8.00042938061117592e-01 
 9.99999999999983702e+04  1.99379983321409355e+01 -8.18660645280434141e-01 
 1.02329299228073738e+05  1.99370799290150629e+01 -8.37710756941484114e-01 
 1.04712854805088238e+05  1.99361183347119564e+01 -8.57203255963134181e-01 
 1.07151930523758885e+05  1.99351115223841013e+01 -8.77148351531487624e-01 
 1.09647819614316701e+05  1.99340573706360793e+01 -8.97556483950474604e-01 
 1.12201845430194502e+05  1.99329536588448377e+01 -9.18438329497820671e-01 
 1.14815362149686393e+05  1.99317980629672569e+01 -9.39804805614789851e-01 
 1.17489755493951030e+05  1.99305881503001743e+01 -9.61667075659442538e-01 
 1.20226443461739313e+05  1.99293213747724955e+01 -9.84036554381823469e-01 
 1.23026877081236133e+05  1.99279950714712619e+01 -1.00692491298429498e+00 
 1.25892541179414649e+05  1.99266064516850747e+01 -1.03034408465254579e+00 
 1.28824955169311273e+05  1.99251525964987266e+01 -1.05430626971562602e+00 
 1.31825673855638539e+05  1.99236304512162903e+01 -1.07882394126395176e+00 
 1.34896288259163121e+05  1.99220368191783948e+01 -1.10390985083811821e+00 
 1.38038426460286195e+05  1.99203683547976738e+01 -1.12957703378444152e+00 
 1.41253754462273093e+05  1.99186215574321750e+01 -1.15583881531266397e+00 
 1.44543977074590366e+05  1.99167927636864839e+01 -1.18270881611408285e+00 
 1.47910838816818286e+05  1.99148781401839585e+01 -1.21020095816568696e+00 
 1.51356124843618309e+05  1.99128736756630857e+01 -1.23832947086120360e+00 
 1.54881661891245574e+05  1.99107751731929454e+01 -1.26710889693239181e+00 
 1.58489319246108731e+05  1.99085782415960324e+01 -1.29655409856298665e+00 
 1.62181009735890315e+05  1.99062782860430545e+01 -1.32668026343635281e+00 
 1.65958690743753308e+05  1.99038704999167173e+01 -1.35750291111389187e+00 
 1.69824365246171597e+05  1.99013498539153701e+01 -1.38903789906581920e+00 
 1.73780082874934626e+05  1.98987110872346697e+01 -1.42130142935033033e+00 
 1.77827941003889282e+05  1.98959486960439627e+01 -1.45431005451780671e+00 
 1.81970085860995285e+05  1.98930569232319527e+01 -1.48808068449153108e+00 
 1.86208713666283613e+05  1.98900297463629769e+01 -1.52263059255848554e+00 
 1.90546071796321514e+05  1.98868608666225661e+01 -1.55797742233529180e+00 
 1.94984459975801234e+05  1.98835436953167992e+01 -1.59413919385910696e+00 
 1.99526231496884575e+05  1.98800713419484367e+01 -1.63113431059071412e+00 
 2.04173794466949475e+05  1.98764366000143973e+01 -1.66898156555423993e+00 
 2.08929613085400400e+05  1.98726319328407328e+01 -1.70770014805303383e+00 
 2.13796208950219559e+05  1.98686494595720298e+01 -1.74730965050452069e+00 
 2.18776162394951505e+05  1.98644809392624317e+01 -1.78783007478014833e+00 
 2.23872113856830110e+05  1.98601177549759349e+01 -1.82928183885794371e+00 
 2.29086765276773367e+05  1.98555508973326980e+01 -1.87168578343431147e+00 
 2.34422881531988183e+05  1.98507709470658256e+01 -1.91506317842831209e+00 
 2.39883291901944904e+05  1.98457680570650830e+01 -1.95943572976161695e+00 
 2.45470891568498802e+05  1.98405319332656980e+01 -2.00482558540746325e+00 
 2.51188643150953663e+05  1.98350518154584634e+01 -2.05125534235008455e+00 
 2.57039578276881919e+05  1.98293164564178781e+01 -2.09874805261006880e+00 
 2.63026799189533631e+05  1.98233141009930414e+01 -2.14732722994263892e+00 
 2.69153480392686906e+05  1.98170324639488200e+01 -2.19701685595654261e+00 
 2.75422870333811850e+05  1.98104587066067808e+01 -2.24784138633722419e+00 
 2.81838293126440491e+05  1.98035794129678742e+01 -2.29982575704505754e+00 
 2.88403150312655605e+05  1.97963805648849061e+01 -2.35299539038160965e+00 
 2.95120922666633443e+05  1.97888475157811818e+01 -2.40737620112572870e+00 
 3.01995172040196368e+05  1.97809649632438429e+01 -2.46299460208705812e+00 
 3.09029543251353665e+05  1.97727169217532399e+01 -2.51987751047799868e+00 
 3.16227766016832436e+05  1.97640866920748373e+01 -2.57805235308749436e+00 
 3.23593656929622637e+05  1.97550568311685701e+01 -2.63754707201712169e+00 
 3.31131121482585324e+05  1.97456091204165318e+01 -2.69839013052416377e+00 
 3.38844156139196653e+05  1.97357245316990344e+01 -2.76061051797144064e+00 
 3.46736850452525599e+05  1.97253831932147214e+01 -2.82423775531567545e+00 
 3.54813389233569265e+05  1.97145643529664554e+01 -2.88930190048948354e+00 
 3.63078054770094983e+05  1.97032463410831546e+01 -2.95583355318572849e+00 
 3.71535229097166040e+05  1.96914065302618226e+01 -3.02386386014571684e+00 
 3.80189396320554544e+05  1.96790212946269385e+01 -3.09342452014492908e+00 
 3.89045144994273782e+05  1.96660659665912974e+01 -3.16454778867316566e+00 
 3.98107170553490287e+05  1.96525147918175662e+01 -3.23726648275860240e+00 
 4.07380277804105601e+05  1.96383408819353562e+01 -3.31161398592497624e+00 
 4.16869383470328117e+05  1.96235161654066452e+01 -3.38762425307247961e+00 
 4.26579518801585189e+05  1.96080113353818213e+01 -3.46533181478580143e+00 
 4.36515832240158285e+05  1.95917957953946704e+01 -3.54477178245675528e+00 
 4.46683592150955228e+05  1.95748376023795139e+01 -3.62597985315812599e+00 
 4.57088189614866918e+05  1.95571034059913238e+01 -3.70899231388862738e+00 
 4.67735141287189908e+05  1.95385583857107683e+01 -3.79384604704023864e+00 
 4.78630092322629876e+05  1.95191661836263677e+01 -3.88057853502120809e+00 
 4.89778819368437515e+05  1.94988888338908097e+01 -3.96922786539152694e+00 
 5.01187233627263398e+05  1.94776866875482391e+01 -4.05983273570143588e+00 
 5.12861383991355775e+05  1.94555183336741635e+01 -4.15243245901999369e+00 
 5.24807460249763331e+05  1.94323405145559143e+01 -4.24706696817535878e+00 
 5.37031796370243188e+05  1.94081080366193035e+01 -4.34377682202711224e+00 
 5.49540873857614817e+05  1.93827736745172530e+01 -4.44260320971368827e+00 
 5.62341325190339121e+05  1.93562880695366530e+01 -4.54358795587052899e+00 
 5.75439937337146723e+05  1.93285996203690331e+01 -4.64677352485263828e+00 
 5.88843655355578521e+05  1.92996543666486957e+01 -4.75220302576727249e+00 
 6.02559586074347026e+05  1.92693958638578202e+01 -4.85992021482717362e+00 
 6.16595001861471217e+05  1.92377650488508678e+01 -4.96996949917445541e+00 
 6.30957344480182044e+05  1.92047000953689668e+01 -5.08239593752738728e+00 
 6.45654229034644086e+05  1.91701362583392410e+01 -5.19724524081368067e+00 
 6.60693448007584317e+05  1.91340057057363957e+01 -5.31456376904964767e+00 
 6.76082975391969783e+05  1.90962373377357402e+01 -5.43439852734877427e+00 
 6.91830970918924198e+05  1.90567565904454916e+01 -5.55679715746122493e+00 
 7.07945784384125262e+05  1.90154852240294439e+01 -5.68180792463475637e+00 
 7.24435960074977134e+05  1.89723410936402601e+01 -5.80947970035372041e+00 
 7.41310241300904308e+05  1.89272379007955891e+01 -5.93986193855079136e+00 
 7.58577575029170257e+05  1.88800849247464804e+01 -6.07300464224850955e+00 
 7.76247116628677933e+05  1.88307867312678283e+01 -6.20895832238539747e+00 
 7.94328234724267386e+05  1.87792428567675458e+01 -6.34777394462897515e+00 
 8.12830516164084780e+05  1.87253474671933162e+01 -6.48950286172980206e+00 
 8.31763771102656145e+05  1.86689889881086124e+01 -6.63419672945583994e+00 
 8.51138038202361204e+05  1.86100497052196800e+01 -6.78190740402636560e+00 
 8.70963589956064941e+05  1.85484053320738838e+01 -6.93268681506951001e+00 
 8.91250938133729389e+05  1.84839245441888593e+01 -7.08658681256143996e+00 
 9.12010839355893200e+05  1.84164684767719855e+01 -7.24365898037789258e+00 
 9.33254300796974101e+05  1.83458901837406998e+01 -7.40395441586847181e+00 
 9.54992586021418567e+05  1.82720340578362510e+01 -7.56752346263668851e+00 
 9.77237220955792814e+05  1.81947352080905880e+01 -7.73441539728806937e+00 
 9.99999999999981723e+05  1.81138187951776821e+01 -7.90467805700457582e+00 
 1.02329299228073540e+06  1.80290993224541438e+01 -8.07835740209238296e+00 
 1.04712854805088032e+06  1.79403798837333248e+01 -8.25549700236610740e+00 
 1.07151930523758661e+06  1.78474513665582784e+01 -8.43613743882631439e+00 
 1.09647819614316477e+06  1.77500916115023344e+01 -8.62031560878871694e+00 
 1.12201845430194261e+06  1.76480645342285065e+01 -8.80806391606060224e+00 
 1.14815362149686133e+06  1.75411192064396069e+01 -8.99940934056800224e+00 
 1.17489755493950751e+06  1.74289889059477510e+01 -9.19437236542919578e+00 
 1.20226443461739039e+06  1.73113901414643898e+01 -9.39296574481645585e+00 
 1.23026877081235847e+06  1.71880216603549343e+01 -9.59519309550019450e+00 
 1.25892541179414350e+06  1.70585634503451153e+01 -9.80104729178389178e+00 
 1.28824955169310956e+06  1.69226757530859828e+01 -1.00105086399381964e+01 
 1.31825673855638201e+06  1.67799981031234537e+01 -1.02235428128306793e+01 
 1.34896288259162800e+06  1.66301484208210510e+01 -1.04400985162122311e+01 
 1.38038426460285857e+06  1.64727221824934276e+01 -1.06601048660419870e+01 
 1.41253754462272744e+06  1.63072917045785886e+01 -1.08834684485774336e+01 
 1.44543977074589999e+06  1.61334055817251034e+01 -1.11100700392343725e+01 
 1.47910838816817920e+06  1.59505883265111130e+01 -1.13397609567677300e+01 
 1.51356124843617924e+06  1.57583402674919331e+01 -1.15723590298746011e+01 
 1.54881661891245167e+06  1.55561377774041176e+01 -1.18076441568084398e+01 
 1.58489319246108318e+06  1.53434338989749985e+01 -1.20453534478370372e+01 
 1.62181009735889896e+06  1.51196594684641319e+01 -1.22851759403885197e+01 
 1.65958690743752895e+06  1.48842248323926896e+01 -1.25267468923202809e+01 
 1.69824365246171178e+06  1.46365222684418832e+01 -1.27696416730558973e+01 
 1.73780082874934212e+06  1.43759292500476423e+01 -1.30133692780333732e+01 
 1.77827941003888869e+06  1.41018126771778540e+01 -1.32573655322187065e+01 
 1.81970085860994854e+06  1.38135342361246227e+01 -1.35009860540487434e+01 
 1.86208713666283176e+06  1.35104570435032532e+01 -1.37434990974821520e+01 
 1.90546071796321054e+06  1.31919537292593994e+01 -1.39840784229406889e+01 
 1.94984459975800780e+06  1.28574161317356452e+01 -1.42217963883424261e+01 
 1.99526231496884115e+06  1.25062667461894179e+01 -1.44556175081624350e+01 
 2.04173794466948998e+06  1.21379720616436817e+01 -1.46843927799639875e+01 
 2.08929613085399917e+06  1.17520578839291652e+01 -1.49068551374162599e+01 
 2.13796208950219071e+06  1.13481266936488332e+01 -1.51216164540296809e+01 
 2.18776162394951005e+06  1.09258770192188042e+01 -1.53271665793795950e+01 
 2.23872113856829610e+06  1.04851247108569634e+01 -1.55218749465793664e+01 
 2.29086765276772855e+06  1.00258258946093761e+01 -1.57039953322864783e+01 
 2.34422881531987665e+06  9.54810123985255643e+00 -1.58716743738520734e+01 
 2.39883291901944391e+06  9.05226101979872766e+00 -1.60229644477703275e+01 
 2.45470891568498267e+06  8.53883024471184093e+00 -1.61558414642370778e+01 
 2.51188643150953110e+06  8.00857299027280156e+00 -1.62682280541146511e+01 
 2.57039578276881343e+06  7.46251480629974218e+00 -1.63580224658456110e+01 
 2.63026799189533014e+06  6.90196195494596587e+00 -1.64231332900557767e+01 
 2.69153480392686278e+06  6.32851605585382249e+00 -1.64615198438916295e+01 
 2.75422870333811222e+06  5.74408265060453260e+00 -1.64712377114589259e+01 
 2.81838293126439815e+06  5.15087219116228745e+00 -1.64504885404335965e+01 
 2.88403150312654907e+06  4.55139206360650839e+00 -1.63976727661670871e+01 
 2.95120922666632757e+06  3.94842849992892120e+00 -1.63114435124381174e+01 
 3.01995172040195670e+06  3.34501758758911683e+00 -1.61907595167733369e+01 
 3.09029543251352943e+06  2.74440509748678352e+00 -1.60349346221747062e+01 
 3.16227766016831668e+06  2.14999547056120033e+00 -1.58436812019258184e+01 
 3.23593656929621845e+06  1.56529098824458335e+00 -1.56171448658145309e+01 
 3.31131121482584532e+06  9.93822876282041134e-01 -1.53559279904141732e+01 
 3.38844156139195804e+06  4.39076775103763195e-01 -1.50611000443461922e+01 
 3.46736850452524750e+06 -9.55844391746056843e-02 -1.47341932712441572e+01 
 3.54813389233568404e+06 -6.06997105647736568e-01 -1.43771830991190175e+01 
 3.63078054770094110e+06 -1.09226898258106409e+00 -1.39924535312641360e+01 
 3.71535229097165121e+06 -1.54884380672952782e+00 -1.35827486892521065e+01 
 3.80189396320553590e+06 -1.97455519570731153e+00 -1.31511125520108187e+01 
 3.89045144994272804e+06 -2.36766750899248812e+00 -1.27008196406059639e+01 
 3.98107170553489262e+06 -2.72690208866007300e+00 -1.22352999099177762e+01 
 4.07380277804104565e+06 -3.05144820528645466e+00 -1.17580613455603462e+01 
 4.16869383470327035e+06 -3.34095895406956878e+00 -1.12726137460342617e+01 
 4.26579518801584095e+06 -3.59553318872067695e+00 -1.07823968802351491e+01 
 4.36515832240157202e+06 -3.81568528623745351e+00 -1.02907157324717140e+01 
 4.46683592150954157e+06 -4.00230504036927037e+00 -9.80068489851188218e+00 
 4.57088189614865836e+06 -4.15661027950346806e+00 -9.31518349579905802e+00 
 4.67735141287188791e+06 -4.28009488387656489e+00 -8.83682122982468776e+00 
 4.78630092322628666e+06 -4.37447476917720213e+00 -8.36791559848218647e+00 
 4.89778819368436281e+06 -4.44163414498914388e+00 -7.91047965741184811e+00 
 5.01187233627262153e+06 -4.48357399784466715e+00 -7.46621933972671759e+00 
 5.12861383991354518e+06 -4.50236432031071576e+00 -7.03653901878697230e+00 
 5.24807460249761958e+06 -4.50010118276623139e+00 -6.62255385087596515e+00 
 5.37031796370241791e+06 -4.47886932684928141e+00 -6.22510738296274280e+00 
 5.49540873857613374e+06 -4.44071058401500807e+00 -5.84479295628172935e+00 
 5.62341325190337654e+06 -4.38759812758533840e+00 -5.48197756600504604e+00 
 5.75439937337145209e+06 -4.32141631256701064e+00 -5.13682699285596378e+00 
 5.88843655355576985e+06 -4.24394568769208469e+00 -4.80933121658827378e+00 
 6.02559586074345466e+06 -4.15685264865509208e+00 -4.49932931619299037e+00 
 6.16595001861469541e+06 -4.06168314031529132e+00 -4.20653325050840543e+00 
 6.30957344480180275e+06 -3.95985979335507565e+00 -3.93055008408310647e+00 
 6.45654229034642223e+06 -3.85268189747005518e+00 -3.67090237502368311e+00 
 6.60693448007582407e+06 -3.74132764736596846e+00 -3.42704656669781160e+00 
 6.76082975391967874e+06 -3.62685815060050576e+00 -3.19838932710789203e+00 
 6.91830970918922219e+06 -3.51022274282358238e+00 -2.98430185772382606e+00 
 7.07945784384123329e+06 -3.39226522354401805e+00 -2.78413225237319661e+00 
 7.24435960074975155e+06 -3.27373068221144647e+00 -2.59721602590587342e+00 
 7.41310241300902236e+06 -3.15527264616476533e+00 -2.42288495843258334e+00 
 7.58577575029168092e+06 -3.03746033427718398e+00 -2.26047441427026818e+00 
 7.76247116628675628e+06 -2.92078584556974574e+00 -2.10932929952084969e+00 
 7.94328234724264964e+06 -2.80567115561417468e+00 -1.96880881998687651e+00 
 8.12830516164082289e+06 -2.69247482662686410e+00 -1.83829019424726892e+00 
 8.31763771102653630e+06 -2.58149836486301520e+00 -1.71717146687873412e+00 
 8.51138038202358596e+06 -2.47299218432853163e+00 -1.60487355472504123e+00 
 8.70963589956062287e+06 -2.36716115367715352e+00 -1.50084164624518102e+00 
 8.91250938133726642e+06 -2.26416971644115961e+00 -1.40454606135602322e+00 
 9.12010839355890453e+06 -2.16414658854620878e+00 -1.31548266582766038e+00 
 9.33254300796971284e+06 -2.06718904230230560e+00 -1.23317292301506609e+00 
 9.54992586021415703e+06 -1.97336679489213429e+00 -1.15716365371277563e+00 
 9.77237220955790021e+06 -1.88272552052949682e+00 -1.08702656565215561e+00 
 9.99999999999978766e+06 -1.79529001072190142e+00 -1.02235760403280129e+00 
 1.02329299228073228e+07 -1.71106700616763674e+00 -9.62776167220301571e-01 
 1.04712854805087708e+07 -1.63004772570103595e+00 -9.07924224031918858e-01 
 1.07151930523758344e+07 -1.55221011683614774e+00 -8.57465363078866560e-01 
 1.09647819614316151e+07 -1.47752085161066171e+00 -8.11083799420591056e-01 
 1.12201845430193935e+07 -1.40593709150272428e+00 -7.68483358567387476e-01 
 1.14815362149685808e+07 -1.33740804221673715e+00 -7.29386454906545967e-01 
 1.17489755493950434e+07 -1.27187631950370661e+00 -6.93533077366289996e-01 
 1.20226443461738713e+07 -1.20927914427497751e+00 -6.60679793207118116e-01 
 1.23026877081235517e+07 -1.14954938529622530e+00 -6.30598777592293769e-01 
 1.25892541179414019e+07 -1.09261646477586161e+00 -6.03076875662184708e-01 
 1.28824955169310626e+07 -1.03840714217868313e+00 -5.77914701327434499e-01 
 1.31825673855637871e+07 -9.86846189623835190e-01 -5.54925776126267589e-01 
 1.34896288259162456e+07 -9.37856970737698137e-01 -5.33935710627944871e-01 
 1.38038426460285503e+07 -8.91361934804882794e-01 -5.14781429168164384e-01 
 1.41253754462272376e+07 -8.47283035753577995e-01 -4.97310438913817543e-01 
 1.44543977074589618e+07 -8.05542085498420324e-01 -4.81380142968710345e-01 
 1.47910838816817533e+07 -7.66061049639857883e-01 -4.66857197259300472e-01 
 1.51356124843617529e+07 -7.28762293475312739e-01 -4.53616909931905121e-01 
 1.54881661891244762e+07 -6.93568784787347403e-01 -4.41542682305055056e-01 
 1.58489319246107899e+07 -6.60404259472584076e-01 -4.30525489956279594e-01 
 1.62181009735889453e+07 -6.29193355937199161e-01 -4.20463401896282618e-01 
 1.65958690743752439e+07 -5.99861722747379589e-01 -4.11261136376092851e-01 
 1.69824365246170722e+07 -5.72336104278211577e-01 -4.02829651062281857e-01 
 1.73780082874933742e+07 -5.46544408287176653e-01 -3.95085765495902630e-01 
 1.77827941003888398e+07 -5.22415758701338495e-01 -3.87951813846459437e-01 
 1.81970085860994384e+07 -4.99880536989101842e-01 -3.81355325452323979e-01 
 1.86208713666282669e+07 -4.78870414592408811e-01 -3.75228731050868514e-01 
 1.90546071796320528e+07 -4.59318378714471787e-01 -3.69509092418714047e-01 
 1.94984459975800253e+07 -4.41158753535968062e-01 -3.64137853008880130e-01 
 1.99526231496883593e+07 -4.24327218275185214e-01 -3.59060607511008489e-01 
 2.04173794466948472e+07 -4.08760823498593939e-01 -3.54226888007214524e-01 
 2.08929613085399382e+07 -3.94398006475490559e-01 -3.49589964777852924e-01 
 2.13796208950218521e+07 -3.81178606438073109e-01 -3.45106659557916862e-01 
 2.18776162394950464e+07 -3.69043879988448009e-01 -3.40737169516350635e-01 
 2.23872113856829032e+07 -3.57936516905500324e-01 -3.36444900120947077e-01 
 2.29086765276772268e+07 -3.47800656292523491e-01 -3.32196305300584638e-01 
 2.34422881531987041e+07 -3.38581902800576262e-01 -3.27960733505507640e-01 
 2.39883291901943758e+07 -3.30227342554524628e-01 -3.23710278395847761e-01 
 2.45470891568497606e+07 -3.22685558248034465e-01 -3.19419633110289813e-01 
 2.51188643150952458e+07 -3.15906642787181391e-01 -3.15065947243539257e-01 
 2.57039578276880682e+07 -3.09842210752596159e-01 -3.10628685906939650e-01 
 2.63026799189532362e+07 -3.04445406995341505e-01 -3.06089490334241154e-01 
 2.69153480392685607e+07 -2.99670911532759987e-01 -3.01432039843487598e-01 
 2.75422870333810523e+07 -2.95474940078820525e-01 -2.96641914950374341e-01 
 2.81838293126439117e+07 -2.91815239433264484e-01 -2.91706461766436553e-01 
 2.88403150312654190e+07 -2.88651077110478327e-01 -2.86614657828618780e-01 
 2.95120922666632012e+07 -2.85943224565251175e-01 -2.81356979755236714e-01 
 3.01995172040194906e+07 -2.83653933566391958e-01 -2.75925273059098364e-01 
 3.09029543251352161e+07 -2.81746905172058304e-01 -2.70312624804570523e-01 
 3.16227766016830876e+07 -2.80187251048812813e-01 -2.64513239550705159e-01 
 3.23593656929621026e+07 -2.78941446775437085e-01 -2.58522319350692142e-01 
 3.31131121482583694e+07 -2.77977276935564177e-01 -2.52335948488744577e-01 
 3.38844156139194965e+07 -2.77263771847292839e-01 -2.45950983692338115e-01 
 3.46736850452523902e+07 -2.76771135789800116e-01 -2.39364950692845191e-01 
 3.54813389233567566e+07 -2.76470666693799327e-01 -2.32575947931140364e-01 
 3.63078054770093262e+07 -2.76334667246970422e-01 -2.25582558393415789e-01 
 3.71535229097164273e+07 -2.76336347437502072e-01 -2.18383770587297521e-01 
 3.80189396320552751e+07 -2.76449718605100536e-01 -2.10978909781420976e-01 
 3.89045144994271919e+07 -2.76649479125716358e-01 -2.03367580794076963e-01 
 3.98107170553488359e+07 -2.76910891960457262e-01 -1.95549623733123151e-01 
 4.07380277804103643e+07 -2.77209654421436802e-01 -1.87525084247419260e-01 
 4.16869383470326066e+07 -2.77521760657897243e-01 -1.79294200169301532e-01 
 4.26579518801583126e+07 -2.77823357622432654e-01 -1.70857406421223018e-01 
 4.36515832240156233e+07 -2.78090595528934170e-01 -1.62215360503085854e-01 
 4.46683592150953114e+07 -2.78299474199134644e-01 -1.53368990960272011e-01 
 4.57088189614864811e+07 -2.78425687133479371e-01 -1.44319571439363942e-01 
 4.67735141287187710e+07 -2.78444465692818055e-01 -1.35068823229527873e-01 
 4.78630092322627604e+07 -2.78330426438258449e-01 -1.25619049192469301e-01 
 4.89778819368435219e+07 -2.78057425476811781e-01 -1.15973302192534586e-01 
 5.01187233627261072e+07 -2.77598424624792728e-01 -1.06135591115454966e-01 
 5.12861383991353363e+07 -2.76925375304462151e-01 -9.61111273288283857e-02 
 5.24807460249760821e+07 -2.76009127481370853e-01 -8.59066143199791743e-02 
 5.37031796370240673e+07 -2.74819372435066489e-01 -7.55305823980420149e-02 
 5.49540873857612163e+07 -2.73324629979588341e-01 -6.49937695516230596e-02 
 5.62341325190336406e+07 -2.71492292642472655e-01 -5.43095478948969965e-02 
 5.75439937337143943e+07 -2.69288741287167122e-01 -4.34943928960762338e-02 
 5.88843655355575681e+07 -2.66679548605269767e-01 -3.25683895587430897e-02 
 6.02559586074344143e+07 -2.63629788422342026e-01 -2.15557655428096004e-02 
 6.16595001861468256e+07 -2.60104469597587540e-01 -1.04854359777394011e-02 
 6.30957344480179027e+07 -2.56069113068466636e-01  6.08461591544897946e-04 
 6.45654229034640938e+07 -2.51490488653668354e-01  1.16860710968080123e-02 
 6.60693448007581085e+07 -2.46337524049527273e-01  2.27013977608882984e-02 
 6.76082975391966552e+07 -2.40582391446820115e-01  3.36020092010461541e-02 
 6.91830970918920934e+07 -2.34201766773228487e-01  4.43289108234876453e-02 
 7.07945784384122044e+07 -2.27178242463755287e-01  5.48166542841524579e-02 
 7.24435960074973851e+07 -2.19501856620056918e-01  6.49937402690016625e-02 
 7.41310241300900877e+07 -2.11171680577670523e-01  7.47833740630884508e-02 
 7.58577575029166788e+07 -2.02197383787108470e-01  8.41046227833898152e-02 
 7.76247116628674269e+07 -1.92600672710556309e-01  9.28740049123790851e-02 
 7.94328234724263549e+07 -1.82416481443972878e-01  1.01007515248371732e-01 
 8.12830516164080799e+07 -1.71693780628958625e-01  1.08423051817624516e-01 
 8.31763771102652103e+07 -1.60495871595761036e-01  1.15043167808746183e-01 
 8.51138038202357143e+07 -1.48900048424692399e-01  1.20798025169948781e-01 
 8.70963589956060797e+07 -1.36996543842226676e-01  1.25628383076264533e-01 
 8.91250938133725226e+07 -1.24886725161424392e-01  1.29488421147423427e-01 
 9.12010839355888963e+07 -1.12680570301368049e-01  1.32348181276481486e-01 
 9.33254300796969682e+07 -1.00493524581546964e-01  1.34195419098603719e-01 
 9.54992586021414101e+07 -8.84429068312817673e-02  1.35036689033494528e-01 
 9.77237220955788344e+07 -7.66440881869209223e-02  1.34897544073353165e-01 
 9.99999999999977052e+07 -6.52066992924952987e-02  1.33821806909544982e-01 
 1.02329299228073061e+08 -5.42311253083975695e-02  1.31869952640722377e-01 
 1.04712854805087537e+08 -4.38055218175203709e-02  1.29116723353880081e-01 
 1.07151930523758158e+08 -3.40035322048248823e-02  1.25648159922696095e-01 
 1.09647819614315957e+08 -2.48828165853596517e-02  1.21558277750957691e-01 
 1.12201845430193737e+08 -1.64844247140812743e-02  1.16945626683315845e-01 
 1.14815362149685606e+08 -8.83297161542844454e-03  1.11909961755051537e-01 
 1.17489755493950218e+08 -1.93751410620944466e-03  1.06549215669295080e-01 
 1.20226443461738482e+08  4.20701522767197040e-03  1.00956913830523895e-01 
 1.23026877081235275e+08  9.61798066089599064e-03  9.52201167365260281e-02 
 1.25892541179413766e+08  1.43229878132655839e-02  8.94179206963394285e-02 
 1.28824955169310361e+08  1.83577507937720229e-02  8.36205016722074423e-02 
 1.31825673855637595e+08  2.17640079850463172e-02  7.78886522556914707e-02 
 1.34896288259162158e+08  2.45875823599394569e-02  7.22737392022267527e-02 
 1.38038426460285217e+08  2.68766514098299422e-02  6.68179979007492153e-02 
 1.41253754462272078e+08  2.86802634844258303e-02  6.15550785945251158e-02 
 1.44543977074589312e+08  3.00471136487536275e-02  5.65107646165320873e-02 
 1.47910838816817224e+08  3.10245738905331261e-02  5.17037927876623504e-02 
 1.51356124843617201e+08  3.16579596874593597e-02  4.71467182598131751e-02 
 1.54881661891244441e+08  3.19900070333484499e-02  4.28467787402996014e-02 
 1.58489319246107578e+08  3.20605300575306298e-02  3.88067249743294720e-02 
 1.62181009735889137e+08  3.19062285010152380e-02  3.50255949085135423e-02 
 1.65958690743752122e+08  3.15606155600584928e-02  3.14994177321826010e-02 
 1.69824365246170402e+08  3.10540391867696677e-02  2.82218409399702871e-02 
 1.73780082874933422e+08  3.04137732695044516e-02  2.51846787914759909e-02 
 1.77827941003888041e+08  2.96641586692548490e-02  2.23783842758494833e-02 
 1.81970085860994011e+08  2.88267776311642195e-02  1.97924491746850582e-02 
 1.86208713666282296e+08  2.79206483447270205e-02  1.74157383166662523e-02 
 1.90546071796320170e+08  2.69624293234681442e-02  1.52367648723520550e-02 
 1.94984459975799859e+08  2.59666257714754461e-02  1.32439137462634568e-02 
 1.99526231496883184e+08  2.49457921769385485e-02  1.14256199613778989e-02 
 2.04173794466948032e+08  2.39107270703246833e-02  9.77050852376848238e-03 
 2.08929613085398912e+08  2.28706572268175569e-02  8.26750171181856418e-03 
 2.13796208950218052e+08  2.18334096495155748e-02  6.90589911623699405e-03 
 2.18776162394949973e+08  2.08055704685699804e-02  5.67543512533924630e-03 
 2.23872113856828541e+08  1.97926304842485391e-02  4.56631793749889218e-03 
 2.29086765276771754e+08  1.87991175157941268e-02  3.56925360323698173e-03 
 2.34422881531986535e+08  1.78287160151009740e-02  2.67545807542842471e-03 
 2.39883291901943237e+08  1.68843746042941709e-02  1.87665977409498920e-03 
 2.45470891568497092e+08  1.59684023150577607e-02  1.16509476202523825e-03 
 2.51188643150951922e+08  1.50825543755378124e-02  5.33496262320861487e-04 
 2.57039578276880145e+08  1.42281084062862526e-02 -2.49200504315872834e-05 
 2.63026799189531803e+08  1.34059318852457927e-02 -5.16473827253568856e-04 
 2.69153480392684996e+08  1.26165417064783032e-02 -9.47039942979805999e-04 
 2.75422870333809912e+08  1.18601566190260528e-02 -1.32206976100557989e-03 
 2.81838293126438498e+08  1.11367432801483639e-02 -1.64661316205270752e-03 
 2.88403150312653542e+08  1.04460566028707156e-02 -1.92534086357732336e-03 
 2.95120922666631341e+08  9.78767502127436857e-03 -2.16256666052167456e-03 
 3.01995172040194213e+08  9.16103124204406018e-03 -2.36226930673025899e-03 
 3.09029543251351476e+08  8.56543899668815896e-03 -2.52811382482034334e-03 
 3.16227766016830146e+08  8.00011625841382662e-03 -2.66347209046402782e-03 
 3.23593656929620266e+08  7.46420534010127246e-03 -2.77144258325788756e-03 
 3.31131121482582927e+08  6.95679024584852645e-03 -2.85486923227679318e-03 
 3.38844156139194191e+08  6.47691160839718432e-03 -2.91635931410423556e-03 
 3.46736850452523053e+08  6.02357950804392230e-03 -2.95830038425714615e-03 
 3.54813389233566642e+08  5.59578443535891680e-03 -2.98287624077252971e-03 
 3.63078054770092309e+08  5.19250663016156133e-03 -2.99208193180921459e-03 
 3.71535229097163260e+08  4.81272400210064864e-03 -2.98773783067918328e-03 
 3.80189396320551693e+08  4.45541881419312617e-03 -2.97150280813952275e-03 
 3.89045144994270861e+08  4.11958328909925973e-03 -2.94488653766142392e-03 
 3.98107170553487301e+08  3.80422427847237725e-03 -2.90926097358576658e-03 
 4.07380277804102540e+08  3.50836711905184485e-03 -2.86587104287902962e-03 
 4.16869383470324934e+08  3.23105878344884636e-03 -2.81584459403168329e-03 
 4.26579518801581919e+08  2.97137042073682568e-03 -2.76020164513068964e-03 
 4.36515832240154982e+08  2.72839936942982381e-03 -2.69986297430776763e-03 
 4.46683592150951862e+08  2.50127071553583793e-03 -2.63565809337393308e-03 
 4.57088189614863515e+08  2.28913845867708115e-03 -2.56833264510224289e-03 
 4.67735141287186384e+08  2.09118634134790185e-03 -2.49855526248841334e-03 
 4.78630092322626233e+08  1.90662838928264285e-03 -2.42692392650424148e-03 
 4.89778819368433774e+08  1.73470920441651092e-03 -2.35397185724124701e-03 
 5.01187233627259552e+08  1.57470404678513947e-03 -2.28017297086984330e-03 
 5.12861383991351783e+08  1.42591873660713616e-03 -2.20594693327483228e-03 
 5.24807460249759197e+08  1.28768940395699661e-03 -2.13166383883078283e-03 
 5.37031796370239019e+08  1.15938210949550796e-03 -2.05764854121634260e-03 
 5.49540873857610464e+08  1.04039235698676936e-03 -1.98418466086945893e-03 
 5.62341325190334678e+08  9.30144515205520435e-04 -1.91151829232017053e-03 
 5.75439937337142229e+08  8.28091164882334115e-04 -1.83986143256527411e-03 
 5.88843655355573893e+08  7.33712384041469170e-04 -1.76939515031612543e-03 
 6.02559586074342251e+08  6.46514983483322068e-04 -1.70027251433365516e-03 
 6.16595001861466289e+08  5.66031702647585015e-04 -1.63262129770812758e-03 
 6.30957344480176926e+08  4.91820374748354436e-04 -1.56654647370155524e-03 
 6.45654229034638762e+08  4.23463069042555860e-04 -1.50213251754540648e-03 
 6.60693448007578850e+08  3.60565217015248844e-04 -1.43944552758295857e-03 
 6.76082975391964197e+08  3.02754728556880808e-04 -1.37853517809422357e-03 
 6.91830970918918490e+08  2.49681103364101048e-04 -1.31943651531476612e-03 
 7.07945784384119511e+08  2.01014542214924418e-04 -1.26217160731490613e-03 
 7.24435960074971199e+08  1.56445062249336339e-04 -1.20675105765956033e-03 
 7.41310241300898194e+08  1.15681619744646667e-04 -1.15317539215184701e-03 
 7.58577575029163957e+08  7.84512436219234006e-05 -1.10143632728200674e-03 
 7.76247116628671408e+08  4.44981823928140342e-05 -1.05151792849873761e-03 
 7.94328234724260688e+08  1.35830669120507498e-05 -1.00339766589737332e-03 
 8.12830516164077878e+08 -1.45179089622325949e-05 -9.57047374437209469e-04 
 8.31763771102649093e+08 -4.00137880386234693e-05 -9.12434125382919053e-04 
 8.51138038202354074e+08 -6.30996283358974455e-05 -8.69521015265922151e-04 
 8.70963589956057668e+08 -8.39572591790237112e-05 -8.28267878274461123e-04 
 8.91250938133721948e+08 -1.02756013903532856e-04 -7.88631927652661533e-04 
 9.12010839355885625e+08 -1.19653438303560033e-04 -7.50568331345545145e-04 
 9.33254300796966314e+08 -1.34795974231577599e-04 -7.14030726827764579e-04 
 9.54992586021410584e+08 -1.48319617906833340e-04 -6.78971679757720383e-04 
 9.77237220955784678e+08 -1.60350552643174707e-04 -6.45343090822509714e-04 
 9.99999999999973416e+08 -1.71005755880782696e-04 -6.13096554873515773e-04 
