 frequency                ac_re                    ac_im                   
 1.00000000000000000e+00  1.99575058546929185e+01 -7.25216755792159868e-06 
 1.02329299228075410e+00  1.99575058546928439e+01 -7.42109224086696850e-06 
 1.04712854805089939e+00  1.99575058546927480e+01 -7.59395168514820326e-06 
 1.07151930523760619e+00  1.99575058546926520e+01 -7.77083754313074093e-06 
 1.09647819614318465e+00  1.99575058546925419e+01 -7.95184360203786769e-06 
 1.12201845430196312e+00  1.99575058546924389e+01 -8.13706583367784958e-06 
 1.14815362149688238e+00  1.99575058546923287e+01 -8.32660244532967063e-06 
 1.17489755493952908e+00  1.99575058546922186e+01 -8.52055393181359215e-06 
 1.20226443461741250e+00  1.99575058546920978e+01 -8.71902312877504776e-06 
 1.23026877081238117e+00  1.99575058546919770e+01 -8.92211526720925027e-06 
 1.25892541179416684e+00  1.99575058546918420e+01 -9.12993802925632765e-06 
 1.28824955169313360e+00  1.99575058546917141e+01 -9.34260160529550430e-06 
 1.31825673855640679e+00  1.99575058546915898e+01 -9.56021875236976441e-06 
 1.34896288259165331e+00  1.99575058546914335e+01 -9.78290485397096201e-06 
 1.38038426460288455e+00  1.99575058546912807e+01 -1.00107779812177972e-05 
 1.41253754462275394e+00  1.99575058546911173e+01 -1.02439589554585997e-05 
 1.44543977074592700e+00  1.99575058546909325e+01 -1.04825714123323565e-05 
 1.47910838816820678e+00  1.99575058546907513e+01 -1.07267418673221907e-05 
 1.51356124843620754e+00  1.99575058546905559e+01 -1.09765997828352799e-05 
 1.54881661891248057e+00  1.99575058546903570e+01 -1.12322776368456936e-05 
 1.58489319246111271e+00  1.99575058546901616e+01 -1.14939109931359197e-05 
 1.62181009735892911e+00  1.99575058546899342e+01 -1.17616385731747135e-05 
 1.65958690743755977e+00  1.99575058546896997e+01 -1.20356023296686036e-05 
 1.69824365246174347e+00  1.99575058546894688e+01 -1.23159475218276410e-05 
 1.73780082874937447e+00  1.99575058546892237e+01 -1.26028227923836445e-05 
 1.77827941003892165e+00  1.99575058546889537e+01 -1.28963802464021886e-05 
 1.81970085860998210e+00  1.99575058546886765e+01 -1.31967755319311483e-05 
 1.86208713666286596e+00  1.99575058546883923e+01 -1.35041679225271168e-05 
 1.90546071796324568e+00  1.99575058546880939e+01 -1.38187204017043436e-05 
 1.94984459975804381e+00  1.99575058546877813e+01 -1.41405997493510058e-05 
 1.99526231496887796e+00  1.99575058546874615e+01 -1.44699766301576486e-05 
 2.04173794466952740e+00  1.99575058546871063e+01 -1.48070256841063978e-05 
 2.08929613085403743e+00  1.99575058546867510e+01 -1.51519256190669431e-05 
 2.13796208950222999e+00  1.99575058546863566e+01 -1.55048593055502280e-05 
 2.18776162394955032e+00  1.99575058546859552e+01 -1.58660138736682633e-05 
 2.23872113856833721e+00  1.99575058546855395e+01 -1.62355808123536798e-05 
 2.29086765276777049e+00  1.99575058546851416e+01 -1.66137560708891933e-05 
 2.34422881531991933e+00  1.99575058546846797e+01 -1.70007401628023252e-05 
 2.39883291901948770e+00  1.99575058546841859e+01 -1.73967382721812368e-05 
 2.45470891568502747e+00  1.99575058546836921e+01 -1.78019603624651142e-05 
 2.51188643150957702e+00  1.99575058546831912e+01 -1.82166212877698979e-05 
 2.57039578276886038e+00  1.99575058546826298e+01 -1.86409409068068790e-05 
 2.63026799189537819e+00  1.99575058546820756e+01 -1.90751441994547445e-05 
 2.69153480392691202e+00  1.99575058546814716e+01 -1.95194613860465770e-05 
 2.75422870333816272e+00  1.99575058546808499e+01 -1.99741280494357285e-05 
 2.81838293126444972e+00  1.99575058546801714e+01 -2.04393852599053972e-05 
 2.88403150312660150e+00  1.99575058546794786e+01 -2.09154797029871502e-05 
 2.95120922666638119e+00  1.99575058546787716e+01 -2.14026638102564162e-05 
 3.01995172040201165e+00  1.99575058546780149e+01 -2.19011958931756423e-05 
 3.09029543251358563e+00  1.99575058546772297e+01 -2.24113402800539709e-05 
 3.16227766016837419e+00  1.99575058546764090e+01 -2.29333674561977892e-05 
 3.23593656929627738e+00  1.99575058546755244e+01 -2.34675542073257536e-05 
 3.31131121482590540e+00  1.99575058546746433e+01 -2.40141837663243562e-05 
 3.38844156139201980e+00  1.99575058546736699e+01 -2.45735459634209333e-05 
 3.46736850452531042e+00  1.99575058546727035e+01 -2.51459373798568723e-05 
 3.54813389233574838e+00  1.99575058546716519e+01 -2.57316615051370220e-05 
 3.63078054770100689e+00  1.99575058546705542e+01 -2.63310288979459690e-05 
 3.71535229097171849e+00  1.99575058546694137e+01 -2.69443573508088948e-05 
 3.80189396320560480e+00  1.99575058546682094e+01 -2.75719720585896752e-05 
 3.89045144994279868e+00  1.99575058546669659e+01 -2.82142057909141231e-05 
 3.98107170553496470e+00  1.99575058546656656e+01 -2.88713990686078934e-05 
 4.07380277804111923e+00  1.99575058546642659e+01 -2.95439003442461399e-05 
 4.16869383470334576e+00  1.99575058546628412e+01 -3.02320661869061971e-05 
 4.26579518801591817e+00  1.99575058546613491e+01 -3.09362614712270991e-05 
 4.36515832240165125e+00  1.99575058546597717e+01 -3.16568595708697061e-05 
 4.46683592150962205e+00  1.99575058546581339e+01 -3.23942425564845973e-05 
 4.57088189614874096e+00  1.99575058546564321e+01 -3.31488013982917507e-05 
 4.67735141287197198e+00  1.99575058546545989e+01 -3.39209361733756783e-05 
 4.78630092322637335e+00  1.99575058546526982e+01 -3.47110562778153345e-05 
 4.89778819368445184e+00  1.99575058546533057e+01 -3.55195806437590226e-05 
 5.01187233627271223e+00  1.99575058546512274e+01 -3.63469379615065672e-05 
 5.12861383991363784e+00  1.99575058546490496e+01 -3.71935669068698782e-05 
 5.24807460249771474e+00  1.99575058546467758e+01 -3.80599163737218004e-05 
 5.37031796370251602e+00  1.99575058546444204e+01 -3.89464457120171695e-05 
 5.49540873857623335e+00  1.99575058546418980e+01 -3.98536249713460366e-05 
 5.62341325190347785e+00  1.99575058546392796e+01 -4.07819351501592149e-05 
 5.75439937337155616e+00  1.99575058546365476e+01 -4.17318684508013007e-05 
 5.88843655355587625e+00  1.99575058546336841e+01 -4.27039285404824667e-05 
 6.02559586074356357e+00  1.99575058546306892e+01 -4.36986308183282516e-05 
 6.16595001861480707e+00  1.99575058546275379e+01 -4.47165026886532326e-05 
 6.30957344480191740e+00  1.99575058546242445e+01 -4.57580838405964845e-05 
 6.45654229034653948e+00  1.99575058546207984e+01 -4.68239265342707158e-05 
 6.60693448007594419e+00  1.99575058546172031e+01 -4.79145958935813345e-05 
 6.76082975391980145e+00  1.99575058546134478e+01 -4.90306702058582416e-05 
 6.91830970918934796e+00  1.99575058546094759e+01 -5.01727412284749203e-05 
 7.07945784384136179e+00  1.99575058546053299e+01 -5.13414145026056960e-05 
 7.24435960074988294e+00  1.99575058546010062e+01 -5.25373096742882625e-05 
 7.41310241300915695e+00  1.99575058545964588e+01 -5.37610608229734235e-05 
 7.58577575029181883e+00  1.99575058545916910e+01 -5.50133167977175992e-05 
 7.76247116628689771e+00  1.99575058545867421e+01 -5.62947415612136668e-05 
 7.94328234724279447e+00  1.99575058545815196e+01 -5.76060145418339002e-05 
 8.12830516164097183e+00  1.99575058545760378e+01 -5.89478309938680403e-05 
 8.31763771102668947e+00  1.99575058545703214e+01 -6.03209023661618052e-05 
 8.51138038202374325e+00  1.99575058545643422e+01 -6.17259566793297592e-05 
 8.70963589956078366e+00  1.99575058545580468e+01 -6.31637389117673898e-05 
 8.91250938133743098e+00  1.99575058545515098e+01 -6.46350113946449190e-05 
 9.12010839355907166e+00  1.99575058545446282e+01 -6.61405542161084311e-05 
 9.33254300796988367e+00  1.99575058545374375e+01 -6.76811656348892183e-05 
 9.54992586021433176e+00  1.99575058545298916e+01 -6.92576625035535676e-05 
 9.77237220955807828e+00  1.99575058545220045e+01 -7.08708807016091247e-05 
 9.99999999999996980e+00  1.99575058545137232e+01 -7.25216755786972926e-05 
 1.02329299228075108e+01  1.99575058545050865e+01 -7.42109224081130352e-05 
 1.04712854805089641e+01  1.99575058544960200e+01 -7.59395168508845525e-05 
 1.07151930523760317e+01  1.99575058544865200e+01 -7.77083754306661918e-05 
 1.09647819614318163e+01  1.99575058544766080e+01 -7.95184360196901814e-05 
 1.12201845430195988e+01  1.99575058544662198e+01 -8.13706583360404557e-05 
 1.14815362149687914e+01  1.99575058544553379e+01 -8.32660244525043104e-05 
 1.17489755493952579e+01  1.99575058544439159e+01 -8.52055393172852565e-05 
 1.20226443461740899e+01  1.99575058544319717e+01 -8.71902312868378911e-05 
 1.23026877081237753e+01  1.99575058544194412e+01 -8.92211526711129396e-05 
 1.25892541179416302e+01  1.99575058544063673e+01 -9.12993802915127253e-05 
 1.28824955169312965e+01  1.99575058543926502e+01 -9.34260160518273982e-05 
 1.31825673855640257e+01  1.99575058543782973e+01 -9.56021875224883521e-05 
 1.34896288259164887e+01  1.99575058543632515e+01 -9.78290485384128330e-05 
 1.38038426460287997e+01  1.99575058543474810e+01 -1.00107779810786889e-04 
 1.41253754462274923e+01  1.99575058543310035e+01 -1.02439589553093911e-04 
 1.44543977074592220e+01  1.99575058543137445e+01 -1.04825714121723276e-04 
 1.47910838816820203e+01  1.99575058542956576e+01 -1.07267418671505506e-04 
 1.51356124843620261e+01  1.99575058542767501e+01 -1.09765997826512094e-04 
 1.54881661891247564e+01  1.99575058542569046e+01 -1.12322776366483376e-04 
 1.58489319246110760e+01  1.99575058542361639e+01 -1.14939109929242607e-04 
 1.62181009735892374e+01  1.99575058542132240e+01 -1.17616385729466834e-04 
 1.65958690743755426e+01  1.99575058541904582e+01 -1.20356023294240314e-04 
 1.69824365246173770e+01  1.99575058541666657e+01 -1.23159475215655663e-04 
 1.73780082874936852e+01  1.99575058541416936e+01 -1.26028227921026325e-04 
 1.77827941003891574e+01  1.99575058541155492e+01 -1.28963802461009837e-04 
 1.81970085860997628e+01  1.99575058540882004e+01 -1.31967755316083691e-04 
 1.86208713666286023e+01  1.99575058540595300e+01 -1.35041679221810059e-04 
 1.90546071796323986e+01  1.99575058540295132e+01 -1.38187204013333879e-04 
 1.94984459975803794e+01  1.99575058539981285e+01 -1.41405997489533428e-04 
 1.99526231496887192e+01  1.99575058539652304e+01 -1.44699766297313911e-04 
 2.04173794466952145e+01  1.99575058539307761e+01 -1.48070256836496363e-04 
 2.08929613085403147e+01  1.99575058538947232e+01 -1.51519256185777911e-04 
 2.13796208950222386e+01  1.99575058538569294e+01 -1.55048593050257635e-04 
 2.18776162394954419e+01  1.99575058538173948e+01 -1.58660138731062800e-04 
 2.23872113856833082e+01  1.99575058537759631e+01 -1.62355808117512835e-04 
 2.29086765276776383e+01  1.99575058537326413e+01 -1.66137560702434581e-04 
 2.34422881531991258e+01  1.99575058536872163e+01 -1.70007401621104443e-04 
 2.39883291901948077e+01  1.99575058536396490e+01 -1.73967382714394975e-04 
 2.45470891568502019e+01  1.99575058535936591e+01 -1.78019603616795915e-04 
 2.51188643150956956e+01  1.99575058535415160e+01 -1.82166212869276775e-04 
 2.57039578276885301e+01  1.99575058534869036e+01 -1.86409409059035895e-04 
 2.63026799189537073e+01  1.99575058534285468e+01 -1.90751441984847529e-04 
 2.69153480392690412e+01  1.99575058533687155e+01 -1.95194613850064788e-04 
 2.75422870333815446e+01  1.99575058533060208e+01 -1.99741280483206482e-04 
 2.81838293126444164e+01  1.99575058532403915e+01 -2.04393852587100400e-04 
 2.88403150312659342e+01  1.99575058531716216e+01 -2.09154797017054863e-04 
 2.95120922666637284e+01  1.99575058531022869e+01 -2.14026638088886525e-04 
 3.01995172040200295e+01  1.99575058530410523e+01 -2.19011958917464172e-04 
 3.09029543251357701e+01  1.99575058529621217e+01 -2.24113402785197489e-04 
 3.16227766016836540e+01  1.99575058528795104e+01 -2.29333674545510263e-04 
 3.23593656929626832e+01  1.99575058527929770e+01 -2.34675542055582330e-04 
 3.31131121482589634e+01  1.99575058527017717e+01 -2.40141837644263715e-04 
 3.38844156139201047e+01  1.99575058526068858e+01 -2.45735459613841091e-04 
 3.46736850452530092e+01  1.99575058525075590e+01 -2.51459373776709879e-04 
 3.54813389233573844e+01  1.99575058524048217e+01 -2.57316615027962424e-04 
 3.63078054770099712e+01  1.99575058522959061e+01 -2.63310288954343686e-04 
 3.71535229097170827e+01  1.99575058521818534e+01 -2.69443573481137973e-04 
 3.80189396320559467e+01  1.99575058520623507e+01 -2.75719720556983174e-04 
 3.89045144994278829e+01  1.99575058519474453e+01 -2.82142057878475921e-04 
 3.98107170553495422e+01  1.99575058518164816e+01 -2.88713990653163084e-04 
 4.07380277804110875e+01  1.99575058516793540e+01 -2.95439003407134101e-04 
 4.16869383470333474e+01  1.99575058515615247e+01 -3.02320661832090128e-04 
 4.26579518801590680e+01  1.99575058514099659e+01 -3.09362614672536486e-04 
 4.36515832240163917e+01  1.99575058512525310e+01 -3.16568595666015789e-04 
 4.46683592150961033e+01  1.99575058510876211e+01 -3.23942425518999942e-04 
 4.57088189614872888e+01  1.99575058509149699e+01 -3.31488013933677571e-04 
 4.67735141287195972e+01  1.99575058507341900e+01 -3.39209361680893335e-04 
 4.78630092322636074e+01  1.99575058505448695e+01 -3.47110562721389100e-04 
 4.89778819368443834e+01  1.99575058503466813e+01 -3.55195806376543003e-04 
 5.01187233627269819e+01  1.99575058501390750e+01 -3.63469379549532915e-04 
 5.12861383991362345e+01  1.99575058499217342e+01 -3.71935668998357033e-04 
 5.24807460249770017e+01  1.99575058496941047e+01 -3.80599163661720480e-04 
 5.37031796370250092e+01  1.99575058494558135e+01 -3.89464457039152031e-04 
 5.49540873857621861e+01  1.99575058492062780e+01 -3.98536249626538523e-04 
 5.62341325190346311e+01  1.99575058489750958e+01 -4.07819351409816685e-04 
 5.75439937337154106e+01  1.99575058487014552e+01 -4.17318684409466456e-04 
 5.88843655355586080e+01  1.99575058484149608e+01 -4.27039285299014707e-04 
 6.02559586074354741e+01  1.99575058481187213e+01 -4.36986308069909366e-04 
 6.16595001861479091e+01  1.99575058478033540e+01 -4.47165026764792441e-04 
 6.30957344480190088e+01  1.99575058474743621e+01 -4.57580838275274899e-04 
 6.45654229034652190e+01  1.99575058471312161e+01 -4.68239265202510520e-04 
 6.60693448007592536e+01  1.99575058467717703e+01 -4.79145958785403929e-04 
 6.76082975391978209e+01  1.99575058463940707e+01 -4.90306701897157615e-04 
 6.91830970918932877e+01  1.99575058459985364e+01 -5.01727412111524365e-04 
 7.07945784384134242e+01  1.99575058455915091e+01 -5.13414144840598947e-04 
 7.24435960074986269e+01  1.99575058451578506e+01 -5.25373096543860891e-04 
 7.41310241300913617e+01  1.99575058447204299e+01 -5.37610608017304687e-04 
 7.58577575029179769e+01  1.99575058442443130e+01 -5.50133167749156538e-04 
 7.76247116628687621e+01  1.99575058437440056e+01 -5.62947415367344092e-04 
 7.94328234724277280e+01  1.99575058432226271e+01 -5.76060145155672730e-04 
 8.12830516164094945e+01  1.99575058426978877e+01 -5.89478309658369526e-04 
 8.31763771102666567e+01  1.99575058421280360e+01 -6.03209023360925991e-04 
 8.51138038202371945e+01  1.99575058415270448e+01 -6.17259566470511117e-04 
 8.70963589956076021e+01  1.99575058409001649e+01 -6.31637388771303667e-04 
 8.91250938133740789e+01  1.99575058402849876e+01 -6.46350113578024335e-04 
 9.12010839355904892e+01  1.99575058395976619e+01 -6.61405541765639295e-04 
 9.33254300796986058e+01  1.99575058388805431e+01 -6.76811655924754543e-04 
 9.54992586021430867e+01  1.99575058381257229e+01 -6.92576624580319516e-04 
 9.77237220955805412e+01  1.99575058373365515e+01 -7.08708806527576446e-04 
 9.99999999999994600e+01  1.99575058365264084e+01 -7.25216755264172916e-04 
 1.02329299228074859e+02  1.99575058356707196e+01 -7.42109223521045117e-04 
 1.04712854805089378e+02  1.99575058347762280e+01 -7.59395167908819284e-04 
 1.07151930523760043e+02  1.99575058338245057e+01 -7.77083753662627234e-04 
 1.09647819614317882e+02  1.99575058328370396e+01 -7.95184359506478184e-04 
 1.12201845430195704e+02  1.99575058318373841e+01 -8.13706582623537067e-04 
 1.14815362149687616e+02  1.99575058307480901e+01 -8.32660243734219914e-04 
 1.17489755493952273e+02  1.99575058296078147e+01 -8.52055392324362450e-04 
 1.20226443461740587e+02  1.99575058284235425e+01 -8.71902311958905460e-04 
 1.23026877081237430e+02  1.99575058272018069e+01 -8.92211525738364260e-04 
 1.25892541179415971e+02  1.99575058259089211e+01 -9.12993801873111820e-04 
 1.28824955169312631e+02  1.99575058245339392e+01 -9.34260159399803811e-04 
 1.31825673855639934e+02  1.99575058231353353e+01 -9.56021874028971852e-04 
 1.34896288259164550e+02  1.99575058216446166e+01 -9.78290484102262766e-04 
 1.38038426460287639e+02  1.99575058200726829e+01 -1.00107779673257484e-03 
 1.41253754462274571e+02  1.99575058184615095e+01 -1.02439589405996473e-03 
 1.44543977074591879e+02  1.99575058167408379e+01 -1.04825713963932867e-03 
 1.47910838816819847e+02  1.99575058149517872e+01 -1.07267418502432011e-03 
 1.51356124843619909e+02  1.99575058131218768e+01 -1.09765997645905160e-03 
 1.54881661891247205e+02  1.99575058111692414e+01 -1.12322776173058515e-03 
 1.58489319246110398e+02  1.99575058090980377e+01 -1.14939109721699665e-03 
 1.62181009735892019e+02  1.99575058069323354e+01 -1.17616385506858563e-03 
 1.65958690743755056e+02  1.99575058046754634e+01 -1.20356023055623925e-03 
 1.69824365246173386e+02  1.99575058023043397e+01 -1.23159474959784552e-03 
 1.73780082874936454e+02  1.99575057998474996e+01 -1.26028227647046083e-03 
 1.77827941003891169e+02  1.99575057972537451e+01 -1.28963802167294367e-03 
 1.81970085860997187e+02  1.99575057945590366e+01 -1.31967755001547783e-03 
 1.86208713666285547e+02  1.99575057917280461e+01 -1.35041678884839384e-03 
 1.90546071796323474e+02  1.99575057887453760e+01 -1.38187203652016463e-03 
 1.94984459975803247e+02  1.99575057856032103e+01 -1.41405997101786253e-03 
 1.99526231496886652e+02  1.99575057823552839e+01 -1.44699765881995193e-03 
 2.04173794466951591e+02  1.99575057789648227e+01 -1.48070256391806239e-03 
 2.08929613085402565e+02  1.99575057753869629e+01 -1.51519255709130630e-03 
 2.13796208950221796e+02  1.99575057716119773e+01 -1.55048592538831837e-03 
 2.18776162394953815e+02  1.99575057677424468e+01 -1.58660138183912844e-03 
 2.23872113856832470e+02  1.99575057636148223e+01 -1.62355807530686642e-03 
 2.29086765276775765e+02  1.99575057593239649e+01 -1.66137560073671676e-03 
 2.34422881531990640e+02  1.99575057548108319e+01 -1.70007400947004778e-03 
 2.39883291901947445e+02  1.99575057501060762e+01 -1.73967381992137403e-03 
 2.45470891568501401e+02  1.99575057451800006e+01 -1.78019602842854462e-03 
 2.51188643150956324e+02  1.99575057400315039e+01 -1.82166212040247352e-03 
 2.57039578276884640e+02  1.99575057346183513e+01 -1.86409408170545724e-03 
 2.63026799189536405e+02  1.99575057289732598e+01 -1.90751441033142543e-03 
 2.69153480392689744e+02  1.99575057230579347e+01 -1.95194612830517484e-03 
 2.75422870333814785e+02  1.99575057168106262e+01 -1.99741279389719544e-03 
 2.81838293126443489e+02  1.99575057103306470e+01 -2.04393851415858845e-03 
 2.88403150312658624e+02  1.99575057035567518e+01 -2.09154795762760701e-03 
 2.95120922666636545e+02  1.99575056964274644e+01 -2.14026636744678528e-03 
 3.01995172040199520e+02  1.99575056889611808e+01 -2.19011957476532943e-03 
 3.09029543251356870e+02  1.99575056811792244e+01 -2.24113401242052434e-03 
 3.16227766016835687e+02  1.99575056729840661e+01 -2.29333672891540719e-03 
 3.23593656929625979e+02  1.99575056644009514e+01 -2.34675540282818472e-03 
 3.31131121482588753e+02  1.99575056554430752e+01 -2.40141835745017341e-03 
 3.38844156139200152e+02  1.99575056460573563e+01 -2.45735457578966825e-03 
 3.46736850452529154e+02  1.99575056362229688e+01 -2.51459371596268397e-03 
 3.54813389233572877e+02  1.99575056259395787e+01 -2.57316612691945498e-03 
 3.63078054770098674e+02  1.99575056151334671e+01 -2.63310286450511768e-03 
 3.71535229097169804e+02  1.99575056038667320e+01 -2.69443570799046076e-03 
 3.80189396320558387e+02  1.99575055920218425e+01 -2.75719717682320004e-03 
 3.89045144994277734e+02  1.99575055796316079e+01 -2.82142054797541444e-03 
 3.98107170553494313e+02  1.99575055666856684e+01 -2.88713987352539779e-03 
 4.07380277804109710e+02  1.99575055530995940e+01 -2.95438999870078437e-03 
 4.16869383470332309e+02  1.99575055389147913e+01 -3.02320658042203212e-03 
 4.26579518801589472e+02  1.99575055240022152e+01 -3.09362610610642002e-03 
 4.36515832240162695e+02  1.99575055084359256e+01 -3.16568591314435668e-03 
 4.46683592150959782e+02  1.99575054920678738e+01 -3.23942420854372425e-03 
 4.57088189614871624e+02  1.99575054749921463e+01 -3.31488008936097053e-03 
 4.67735141287194722e+02  1.99575054570883523e+01 -3.39209356325626899e-03 
 4.78630092322634766e+02  1.99575054383825332e+01 -3.47110556984602924e-03 
 4.89778819368442498e+02  1.99575054187294434e+01 -3.55195800228227812e-03 
 5.01187233627268483e+02  1.99575053982159041e+01 -3.63469372963026163e-03 
 5.12861383991360981e+02  1.99575053767309853e+01 -3.71935661942127647e-03 
 5.24807460249768610e+02  1.99575053542236525e+01 -3.80599156101817581e-03 
 5.37031796370248685e+02  1.99575053305916796e+01 -3.89464448936590593e-03 
 5.49540873857620340e+02  1.99575053059079934e+01 -3.98536240945384420e-03 
 5.62341325190344719e+02  1.99575052800161501e+01 -4.07819342105059709e-03 
 5.75439937337152401e+02  1.99575052528928190e+01 -4.17318674437484882e-03 
 5.88843655355584360e+02  1.99575052245459617e+01 -4.27039274614811164e-03 
 6.02559586074352978e+02  1.99575051948393245e+01 -4.36986296621157382e-03 
 6.16595001861477272e+02  1.99575051637751919e+01 -4.47165014499311536e-03 
 6.30957344480188226e+02  1.99575051312001754e+01 -4.57580825132091699e-03 
 6.45654229034650371e+02  1.99575050970882231e+01 -4.68239251118699861e-03 
 6.60693448007590746e+02  1.99575050614186793e+01 -4.79145943696562913e-03 
 6.76082975391976333e+02  1.99575050240310325e+01 -4.90306685729344476e-03 
 6.91830970918930916e+02  1.99575049848418793e+01 -5.01727394785282318e-03 
 7.07945784384132139e+02  1.99575049439151400e+01 -5.13414126279133128e-03 
 7.24435960074984109e+02  1.99575049009540919e+01 -5.25373076652939884e-03 
 7.41310241300911343e+02  1.99575048560212025e+01 -5.37610586704072736e-03 
 7.58577575029177410e+02  1.99575048089134413e+01 -5.50133144909291556e-03 
 7.76247116628685148e+02  1.99575047596799422e+01 -5.62947390897891413e-03 
 7.94328234724274694e+02  1.99575047080451604e+01 -5.76060118934629273e-03 
 8.12830516164092273e+02  1.99575046539737322e+01 -5.89478281558748762e-03 
 8.31763771102663895e+02  1.99575045974328873e+01 -6.03208993255327161e-03 
 8.51138038202369216e+02  1.99575045382011815e+01 -6.17259534213912726e-03 
 8.70963589956073179e+02  1.99575044761567106e+01 -6.31637354208223166e-03 
 8.91250938133737918e+02  1.99575044111664077e+01 -6.46350076538731218e-03 
 9.12010839355901908e+02  1.99575043431354189e+01 -6.61405502077977089e-03 
 9.33254300796982989e+02  1.99575042718703735e+01 -6.76811613396919622e-03 
 9.54992586021427655e+02  1.99575041972827698e+01 -6.92576579012278704e-03 
 9.77237220955802172e+02  1.99575041192142599e+01 -7.08708757704877568e-03 
 9.99999999999991246e+02  1.99575040373573103e+01 -7.25216702943281503e-03 
 1.02329299228074512e+03  1.99575039517476682e+01 -7.42109167461600053e-03 
 1.04712854805089023e+03  1.99575038620146223e+01 -7.59395107835410775e-03 
 1.07151930523759688e+03  1.99575037681403060e+01 -7.77083689297281693e-03 
 1.09647819614317518e+03  1.99575036697815058e+01 -7.95184290536157627e-03 
 1.12201845430195340e+03  1.99575035668478868e+01 -8.13706508721123017e-03 
 1.14815362149687235e+03  1.99575034590161842e+01 -8.32660164546833448e-03 
 1.17489755493951884e+03  1.99575033461344198e+01 -8.52055307477017458e-03 
 1.20226443461740200e+03  1.99575032279176909e+01 -8.71902221044548210e-03 
 1.23026877081237035e+03  1.99575031040872837e+01 -8.92211428316553104e-03 
 1.25892541179415571e+03  1.99575029744909429e+01 -9.12993697487174405e-03 
 1.28824955169312216e+03  1.99575028387289812e+01 -9.34260047547850331e-03 
 1.31825673855639502e+03  1.99575026965720710e+01 -9.56021754172693000e-03 
 1.34896288259164112e+03  1.99575025477287333e+01 -9.78290355673747981e-03 
 1.38038426460287201e+03  1.99575023919059191e+01 -1.00107765912434265e-02 
 1.41253754462274105e+03  1.99575022287007755e+01 -1.02439574660626101e-02 
 1.44543977074591385e+03  1.99575020577783349e+01 -1.04825698163711310e-02 
 1.47910838816819341e+03  1.99575018788778138e+01 -1.07267401572764161e-02 
 1.51356124843619386e+03  1.99575016915057368e+01 -1.09765979504913031e-02 
 1.54881661891246677e+03  1.99575014952518366e+01 -1.12322756733868132e-02 
 1.58489319246109858e+03  1.99575012898559443e+01 -1.14939088893319108e-02 
 1.62181009735891462e+03  1.99575010746929280e+01 -1.17616363188682398e-02 
 1.65958690743754482e+03  1.99575008494131794e+01 -1.20355999141283955e-02 
 1.69824365246172806e+03  1.99575006135332949e+01 -1.23159449335452954e-02 
 1.73780082874935874e+03  1.99575003665456130e+01 -1.26028200190214015e-02 
 1.77827941003890555e+03  1.99575001078695600e+01 -1.28963772746477218e-02 
 1.81970085860996574e+03  1.99574998370049705e+01 -1.31967723475987543e-02 
 1.86208713666284916e+03  1.99574995534571649e+01 -1.35041645105444599e-02 
 1.90546071796322849e+03  1.99574992564914879e+01 -1.38187167457040124e-02 
 1.94984459975802611e+03  1.99574989454584575e+01 -1.41405958317597051e-02 
 1.99526231496885998e+03  1.99574986198732773e+01 -1.44699724324461529e-02 
 2.04173794466950926e+03  1.99574982788949029e+01 -1.48070211861572425e-02 
 2.08929613085401888e+03  1.99574979218715924e+01 -1.51519207994535166e-02 
 2.13796208950221080e+03  1.99574975479852768e+01 -1.55048541411958139e-02 
 2.18776162394953053e+03  1.99574971564878823e+01 -1.58660083399353863e-02 
 2.23872113856831720e+03  1.99574967465659263e+01 -1.62355748828761082e-02 
 2.29086765276774986e+03  1.99574963173445781e+01 -1.66137497173998172e-02 
 2.34422881531989833e+03  1.99574958678817822e+01 -1.70007333549509546e-02 
 2.39883291901946586e+03  1.99574953972104119e+01 -1.73967309774229542e-02 
 2.45470891568500519e+03  1.99574949043455874e+01 -1.78019525459521127e-02 
 2.51188643150955431e+03  1.99574943882576576e+01 -1.82166129121942716e-02 
 2.57039578276883731e+03  1.99574938478595492e+01 -1.86409319322147424e-02 
 2.63026799189535450e+03  1.99574932819977988e+01 -1.90751345830111503e-02 
 2.69153480392688743e+03  1.99574926894763287e+01 -1.95194510818658302e-02 
 2.75422870333813762e+03  1.99574920690094579e+01 -1.99741170082852054e-02 
 2.81838293126442431e+03  1.99574914193090898e+01 -2.04393734290953255e-02 
 2.88403150312657544e+03  1.99574907390183398e+01 -2.09154670261161094e-02 
 2.95120922666635443e+03  1.99574900266346624e+01 -2.14026502267334641e-02 
 3.01995172040198395e+03  1.99574892807086819e+01 -2.19011813382404344e-02 
 3.09029543251355744e+03  1.99574884995555841e+01 -2.24113246840400224e-02 
 3.16227766016834539e+03  1.99574876816476170e+01 -2.29333507448079704e-02 
 3.23593656929624785e+03  1.99574868251570834e+01 -2.34675363006834510e-02 
 3.31131121482587514e+03  1.99574859283446635e+01 -2.40141645790778596e-02 
 3.38844156139198867e+03  1.99574849892769741e+01 -2.45735254040069587e-02 
 3.46736850452527869e+03  1.99574840058942087e+01 -2.51459153499692528e-02 
 3.54813389233571570e+03  1.99574829761430337e+01 -2.57316378995447355e-02 
 3.63078054770097333e+03  1.99574818980048789e+01 -2.63310036043898667e-02 
 3.71535229097168440e+03  1.99574807688885159e+01 -2.69443302480390015e-02 
 3.80189396320556989e+03  1.99574795866259116e+01 -2.75719430174268323e-02 
 3.89045144994276279e+03  1.99574783486711311e+01 -2.82141746728246171e-02 
 3.98107170553492824e+03  1.99574770523874641e+01 -2.88713657250856473e-02 
 4.07380277804108209e+03  1.99574756949489434e+01 -2.95438646159204878e-02 
 4.16869383470330740e+03  1.99574742735362278e+01 -3.02320279032155595e-02 
 4.26579518801587892e+03  1.99574727852132767e+01 -3.09362204496963361e-02 
 4.36515832240161035e+03  1.99574712266961392e+01 -3.16568156154982752e-02 
 4.46683592150958066e+03  1.99574695947598535e+01 -3.23941954575782329e-02 
 4.57088189614869862e+03  1.99574678858741379e+01 -3.31487509308695041e-02 
 4.67735141287192891e+03  1.99574660964670940e+01 -3.39208820965860511e-02 
 4.78630092322632936e+03  1.99574642227045906e+01 -3.47109983334229974e-02 
 4.89778819368440691e+03  1.99574622606386107e+01 -3.55195185551662254e-02 
 5.01187233627266596e+03  1.99574602061187214e+01 -3.63468714323839093e-02 
 5.12861383991358980e+03  1.99574580548248903e+01 -3.71934956198790231e-02 
 5.24807460249766609e+03  1.99574558020510651e+01 -3.80598399881695304e-02 
 5.37031796370246593e+03  1.99574534431964459e+01 -3.89463638636594750e-02 
 5.49540873857618226e+03  1.99574509731159075e+01 -3.98535372692323461e-02 
 5.62341325190342559e+03  1.99574483866001238e+01 -4.07818411755196328e-02 
 5.75439937337150241e+03  1.99574456782684422e+01 -4.17317677554129435e-02 
 5.88843655355582086e+03  1.99574428422306518e+01 -4.27038206433704784e-02 
 6.02559586074350682e+03  1.99574398725733211e+01 -4.36985152046222777e-02 
 6.16595001861474884e+03  1.99574367629797500e+01 -4.47163788065748566e-02 
 6.30957344480185748e+03  1.99574335067613369e+01 -4.57579510983891560e-02 
 6.45654229034647778e+03  1.99574300971639751e+01 -4.68237842987165309e-02 
 6.60693448007588086e+03  1.99574265268670921e+01 -4.79144434856759588e-02 
 6.76082975391973650e+03  1.99574227882668538e+01 -4.90305068978414971e-02 
 6.91830970918928142e+03  1.99574188735086864e+01 -5.01725662410060225e-02 
 7.07945784384129365e+03  1.99574147742442918e+01 -5.13412270003070353e-02 
 7.24435960074981267e+03  1.99574104817719089e+01 -5.25371087620283769e-02 
 7.41310241300908456e+03  1.99574059870027689e+01 -5.37608455416799108e-02 
 7.58577575029174477e+03  1.99574012804149632e+01 -5.50130861198097898e-02 
 7.76247116628682215e+03  1.99573963520434496e+01 -5.62944943857297542e-02 
 7.94328234724271715e+03  1.99573911913760256e+01 -5.76057496887033213e-02 
 8.12830516164089204e+03  1.99573857875338518e+01 -5.89475471990666272e-02 
 8.31763771102660758e+03  1.99573801289764567e+01 -6.03205982747170855e-02 
 8.51138038202365897e+03  1.99573742037945756e+01 -6.17256308400177742e-02 
 8.70963589956069882e+03  1.99573679993686248e+01 -6.31633897692227136e-02 
 8.91250938133734417e+03  1.99573615025218807e+01 -6.46346372821145210e-02 
 9.12010839355898315e+03  1.99573546994372180e+01 -6.61401533473662540e-02 
 9.33254300796979260e+03  1.99573475757904077e+01 -6.76807360968009475e-02 
 9.54992586021423813e+03  1.99573401164614772e+01 -6.92572022460634928e-02 
 9.77237220955798148e+03  1.99573323056142016e+01 -7.08703875279109025e-02 
 9.99999999999987085e+03  1.99573241266033463e+01 -7.25211471342704916e-02 
 1.02329299228074087e+04  1.99573155621943243e+01 -7.42103561709729631e-02 
 1.04712854805088591e+04  1.99573065941432581e+01 -7.59389101180079351e-02 
 1.07151930523759238e+04  1.99572972034060960e+01 -7.77077253055223072e-02 
 1.09647819614317068e+04  1.99572873701322990e+01 -7.95177393991921555e-02 
 1.12201845430194880e+04  1.99572770735176874e+01 -8.13699118957320888e-02 
 1.14815362149686771e+04  1.99572662915968877e+01 -8.32652246288758807e-02 
 1.17489755493951416e+04  1.99572550015657875e+01 -8.52046822926838532e-02 
 1.20226443461739709e+04  1.99572431794877900e+01 -8.71893129706560743e-02 
 1.23026877081236526e+04  1.99572308002160277e+01 -8.92201686794247828e-02 
 1.25892541179415057e+04  1.99572178376842579e+01 -9.12983259289198157e-02 
 1.28824955169311688e+04  1.99572042641887677e+01 -9.34248862848264250e-02 
 1.31825673855638961e+04  1.99571900510474833e+01 -9.56009769588130331e-02 
 1.34896288259163575e+04  1.99571751680985976e+01 -9.78277513999572801e-02 
 1.38038426460286646e+04  1.99571595837949936e+01 -1.00106389906478993e-01 
 1.41253754462273537e+04  1.99571432650261649e+01 -1.02438100248367345e-01 
 1.44543977074590803e+04  1.99571261772580293e+01 -1.04824118308544045e-01 
 1.47910838816818741e+04  1.99571082842042813e+01 -1.07265708732906806e-01 
 1.51356124843618763e+04  1.99570895479727533e+01 -1.09764165601545338e-01 
 1.54881661891246022e+04  1.99570699287471882e+01 -1.12320813109561213e-01 
 1.58489319246109189e+04  1.99570493849585873e+01 -1.14937006269878017e-01 
 1.62181009735890784e+04  1.99570278730995341e+01 -1.17614131627961846e-01 
 1.65958690743753796e+04  1.99570053475128546e+01 -1.20353607992441256e-01 
 1.69824365246172092e+04  1.99569817603752959e+01 -1.23156887185296118e-01 
 1.73780082874935142e+04  1.99569570616798693e+01 -1.26025454809740506e-01 
 1.77827941003889828e+04  1.99569311990872684e+01 -1.28960831033664181e-01 
 1.81970085860995823e+04  1.99569041178065270e+01 -1.31964571392030272e-01 
 1.86208713666284166e+04  1.99568757602548636e+01 -1.35038267596194722e-01 
 1.90546071796322067e+04  1.99568460665431431e+01 -1.38183548413892798e-01 
 1.94984459975801801e+04  1.99568149735273686e+01 -1.41402080469406499e-01 
 1.99526231496885157e+04  1.99567824152495632e+01 -1.44695569161667842e-01 
 2.04173794466950058e+04  1.99567483227831346e+01 -1.48065759555769144e-01 
 2.08929613085400997e+04  1.99567126237591097e+01 -1.51514437296893345e-01 
 2.13796208950220171e+04  1.99566752426231453e+01 -1.55043429558032325e-01 
 2.18776162394952153e+04  1.99566360999702432e+01 -1.58654605993499037e-01 
 2.23872113856830765e+04  1.99565951128218160e+01 -1.62349879731051944e-01 
 2.29086765276774022e+04  1.99565521944015636e+01 -1.66131208378226064e-01 
 2.34422881531988860e+04  1.99565072535683790e+01 -1.70000595044816460e-01 
 2.39883291901945595e+04  1.99564601951046292e+01 -1.73960089405761992e-01 
 2.45470891568499501e+04  1.99564109192714412e+01 -1.78011788773833945e-01 
 2.51188643150954376e+04  1.99563593215775974e+01 -1.82157839201795568e-01 
 2.57039578276882639e+04  1.99563052925512530e+01 -1.86400436608813169e-01 
 2.63026799189534358e+04  1.99562487178562868e+01 -1.90741827941740300e-01 
 2.69153480392687634e+04  1.99561894774454061e+01 -1.95184312340859811e-01 
 2.75422870333812607e+04  1.99561274457722710e+01 -1.99730242356138177e-01 
 2.81838293126441240e+04  1.99560624912524247e+01 -2.04382025174832282e-01 
 2.88403150312656362e+04  1.99559944763518473e+01 -2.09142123890589948e-01 
 2.95120922666634215e+04  1.99559232568160141e+01 -2.14013058783559640e-01 
 3.01995172040197140e+04  1.99558486817819407e+01 -2.18997408648870046e-01 
 3.09029543251354444e+04  1.99557705930597464e+01 -2.24097812135391594e-01 
 3.16227766016833193e+04  1.99556888253056144e+01 -2.29316969138822935e-01 
 3.23593656929623394e+04  1.99556032050576668e+01 -2.34657642182469095e-01 
 3.31131121482586095e+04  1.99555135510483801e+01 -2.40122657930600947e-01 
 3.38844156139197439e+04  1.99554196732967135e+01 -2.45714908570191737e-01 
 3.46736850452526414e+04  1.99553213727990197e+01 -2.51437353373064998e-01 
 3.54813389233570124e+04  1.99552184412594222e+01 -2.57293020228548164e-01 
 3.63078054770095841e+04  1.99551106606246584e+01 -2.63285007218994116e-01 
 3.71535229097166884e+04  1.99549978025729011e+01 -2.69416484228602260e-01 
 3.80189396320555388e+04  1.99548796280094756e+01 -2.75690694589991514e-01 
 3.89045144994274669e+04  1.99547558865495560e+01 -2.82110956766856158e-01 
 3.98107170553491160e+04  1.99546263161807182e+01 -2.88680666080970705e-01 
 4.07380277804106518e+04  1.99544906422864088e+01 -2.95403296455656883e-01 
 4.16869383470329049e+04  1.99543485776051526e+01 -3.02282402214945234e-01 
 4.26579518801586164e+04  1.99541998212892047e+01 -3.09321619976882567e-01 
 4.36515832240159289e+04  1.99540440584441683e+01 -3.16524670434436550e-01 
 4.46683592150956247e+04  1.99538809590288899e+01 -3.23895360325284154e-01 
 4.57088189614867952e+04  1.99537101777815593e+01 -3.31437584396523710e-01 
 4.67735141287190927e+04  1.99535313531854541e+01 -3.39155327396310491e-01 
 4.78630092322630881e+04  1.99533441066380810e+01 -3.47052666115756470e-01 
 4.89778819368438562e+04  1.99531480417654699e+01 -3.55133771462907977e-01 
 5.01187233627264432e+04  1.99529427435422839e+01 -3.63402910673410240e-01 
 5.12861383991356779e+04  1.99527277776535001e+01 -3.71864449382811435e-01 
 5.24807460249764335e+04  1.99525026890148602e+01 -3.80522853905871705e-01 
 5.37031796370244265e+04  1.99522670015728920e+01 -3.89382693523429746e-01 
 5.49540873857615879e+04  1.99520202165400207e+01 -3.98448642768440053e-01 
 5.62341325190340212e+04  1.99517618118324513e+01 -4.07725483794872057e-01 
 5.75439937337147858e+04  1.99514912410029197e+01 -4.17218108889811923e-01 
 5.88843655355579685e+04  1.99512079318073070e+01 -4.26931522790730933e-01 
 6.02559586074348263e+04  1.99509112852901183e+01 -4.36870845311435829e-01 
 6.16595001861472410e+04  1.99506006740546660e+01 -4.47041313839747712e-01 
 6.30957344480183237e+04  1.99502754416948953e+01 -4.57448286101637791e-01 
 6.45654229034645250e+04  1.99499349007273494e+01 -4.68097242648033984e-01 
 6.60693448007585539e+04  1.99495783315475492e+01 -4.78993789708846651e-01 
 6.76082975391970976e+04  1.99492049807188430e+01 -4.90143661910943995e-01 
 6.91830970918925450e+04  1.99488140596787389e+01 -5.01552725244205910e-01 
 7.07945784384126600e+04  1.99484047426934623e+01 -5.13226979767682945e-01 
 7.24435960074978502e+04  1.99479761654404371e+01 -5.25172562656227138e-01 
 7.41310241300905618e+04  1.99475274231805777e+01 -5.37395751298820445e-01 
 7.58577575029171567e+04  1.99470575686889156e+01 -5.49902966141268323e-01 
 7.76247116628679214e+04  1.99465656105902411e+01 -5.62700774067097620e-01 
 7.94328234724268696e+04  1.99460505109151995e+01 -5.75795891340352028e-01 
 8.12830516164086148e+04  1.99455111832221803e+01 -5.89195186945108307e-01 
 8.31763771102657629e+04  1.99449464903143188e+01 -6.02905685984345463e-01 
 8.51138038202362804e+04  1.99443552417619827e+01 -6.16934572790543534e-01 
 8.70963589956066571e+04  1.99437361917154163e+01 -6.31289194626102335e-01 
 8.91250938133731106e+04  1.99430880357481470e+01 -6.45977064836107617e-01 
 9.12010839355895005e+04  1.99424094089385520e+01 -6.61005866719124868e-01 
 9.33254300796975876e+04  1.99416988823380024e+01 -6.76383456766821323e-01 
 9.54992586021420429e+04  1.99409549607071561e+01 -6.92117868620883758e-01 
 9.77237220955794764e+04  1.99401760789048375e+01 -7.08217316628502180e-01 
 9.99999999999983702e+04  1.99393605986516604e+01 -7.24690199472463936e-01 
 1.02329299228073738e+05  1.99385068057826409e+01 -7.41545104283794831e-01 
 1.04712854805088238e+05  1.99376129061813181e+01 -7.58790810344136757e-01 
 1.07151930523758885e+05  1.99366770220282774e+01 -7.76436292879443379e-01 
 1.09647819614316701e+05  1.99356971885466763e+01 -7.94490727347641812e-01 
 1.12201845430194502e+05  1.99346713495111310e+01 -8.12963493253803238e-01 
 1.14815362149686393e+05  1.99335973531969586e+01 -8.31864178295456336e-01 
 1.17489755493951030e+05  1.99324729482895648e+01 -8.51202582569912436e-01 
 1.20226443461739313e+05  1.99312957787162155e+01 -8.70988722498756252e-01 
 1.23026877081236133e+05  1.99300633794266453e+01 -8.91232835405567858e-01 
 1.25892541179414649e+05  1.99287731712963243e+01 -9.11945383521486796e-01 
 1.28824955169311273e+05  1.99274224559644892e+01 -9.33137058564632693e-01 
 1.31825673855638539e+05  1.99260084102454229e+01 -9.54818785752551191e-01 
 1.34896288259163121e+05  1.99245280806051674e+01 -9.77001728411508230e-01 
 1.38038426460286195e+05  1.99229783772202040e+01 -9.99697292327533904e-01 
 1.41253754462273093e+05  1.99213560680067765e+01 -1.02291713016162045e+00 
 1.44543977074590366e+05  1.99196577720764481e+01 -1.04667314612246676e+00 
 1.47910838816818286e+05  1.99178799530819752e+01 -1.07097750011995441e+00 
 1.51356124843618309e+05  1.99160189119159874e+01 -1.09584261237998426e+00 
 1.54881661891245574e+05  1.99140707801528869e+01 -1.12128116817246926e+00 
 1.58489319246108731e+05  1.99120315121836313e+01 -1.14730612217955574e+00 
 1.62181009735890315e+05  1.99098968765898938e+01 -1.17393070268984978e+00 
 1.65958690743753308e+05  1.99076624493831744e+01 -1.20116841669134500e+00 
 1.69824365246171597e+05  1.99053236040102668e+01 -1.22903305390134010e+00 
 1.73780082874934626e+05  1.99028755034943572e+01 -1.25753869143267405e+00 
 1.77827941003889282e+05  1.99003130905687549e+01 -1.28669969813519858e+00 
 1.81970085860995285e+05  1.98976310782273522e+01 -1.31653073901812001e+00 
 1.86208713666283613e+05  1.98948239395570177e+01 -1.34704677956001251e+00 
 1.90546071796321514e+05  1.98918858976731947e+01 -1.37826308997510516e+00 
 1.94984459975801234e+05  1.98888109143218976e+01 -1.41019524963907439e+00 
 1.99526231496884575e+05  1.98855926789351365e+01 -1.44285915073612836e+00 
 2.04173794466949475e+05  1.98822245969732592e+01 -1.47627100285255231e+00 
 2.08929613085400400e+05  1.98786997772598006e+01 -1.51044733651263163e+00 
 2.13796208950219559e+05  1.98750110199498913e+01 -1.54540500717709195e+00 
 2.18776162394951505e+05  1.98711508029779580e+01 -1.58116119886729267e+00 
 2.23872113856830110e+05  1.98671112684261288e+01 -1.61773342770408557e+00 
 2.29086765276773367e+05  1.98628842085108772e+01 -1.65513954521063056e+00 
 2.34422881531988183e+05  1.98584610510653157e+01 -1.69339774195888326e+00 
 2.39883291901944904e+05  1.98538328438526861e+01 -1.73252654980568366e+00 
 2.45470891568498802e+05  1.98489902392645305e+01 -1.77254484550363900e+00 
 2.51188643150953663e+05  1.98439234777120141e+01 -1.81347185262088573e+00 
 2.57039578276881919e+05  1.98386223710228897e+01 -1.85532714503175900e+00 
 2.63026799189533631e+05  1.98330762842800752e+01 -1.89813064707050128e+00 
 2.69153480392686906e+05  1.98272741187145130e+01 -1.94190263750909020e+00 
 2.75422870333811850e+05  1.98212042919932401e+01 -1.98666374934994927e+00 
 2.81838293126440491e+05  1.98148547195396851e+01 -2.03243497256936090e+00 
 2.88403150312655605e+05  1.98082127943383526e+01 -2.07923765385142811e+00 
 2.95120922666633443e+05  1.98012653660725775e+01 -2.12709349753091548e+00 
 3.01995172040196368e+05  1.97939987198043035e+01 -2.17602456607828021e+00 
 3.09029543251353665e+05  1.97863985545979482e+01 -2.22605327957520860e+00 
 3.16227766016832436e+05  1.97784499599781043e+01 -2.27720241560232939e+00 
 3.23593656929622637e+05  1.97701373928381585e+01 -2.32949510740018351e+00 
 3.31131121482585324e+05  1.97614446535677573e+01 -2.38295484335058738e+00 
 3.38844156139196653e+05  1.97523548606912378e+01 -2.43760546502276743e+00 
 3.46736850452525599e+05  1.97428504256039972e+01 -2.49347116414615089e+00 
 3.54813389233569265e+05  1.97329130259460186e+01 -2.55057648063701414e+00 
 3.63078054770094983e+05  1.97225235786718223e+01 -2.60894629932903532e+00 
 3.71535229097166040e+05  1.97116622117805171e+01 -2.66860584591006722e+00 
 3.80189396320554544e+05  1.97003082356112103e+01 -2.72958068292410028e+00 
 3.89045144994273782e+05  1.96884401131789524e+01 -2.79189670495907416e+00 
 3.98107170553490287e+05  1.96760354296822548e+01 -2.85558013385911824e+00 
 4.07380277804105601e+05  1.96630708608370384e+01 -2.92065751307979315e+00 
 4.16869383470328117e+05  1.96495221407174263e+01 -2.98715570117242768e+00 
 4.26579518801585189e+05  1.96353640281817299e+01 -3.05510186591739297e+00 
 4.36515832240158285e+05  1.96205702723845690e+01 -3.12452347662265151e+00 
 4.46683592150955228e+05  1.96051135774722809e+01 -3.19544829756608451e+00 
 4.57088189614866918e+05  1.95889655654216277e+01 -3.26790437929193978e+00 
 4.67735141287189908e+05  1.95720967385221236e+01 -3.34192005142916360e+00 
 4.78630092322629876e+05  1.95544764398018174e+01 -3.41752391303008363e+00 
 4.89778819368437515e+05  1.95360728124238676e+01 -3.49474482533265585e+00 
 5.01187233627263398e+05  1.95168527570718204e+01 -3.57361190103278448e+00 
 5.12861383991355775e+05  1.94967818883666411e+01 -3.65415449625292066e+00 
 5.24807460249763331e+05  1.94758244885045677e+01 -3.73640219987521682e+00 
 5.37031796370243188e+05  1.94539434597635044e+01 -3.82038482447740835e+00 
 5.49540873857614817e+05  1.94311002738202490e+01 -3.90613239699881065e+00 
 5.62341325190339121e+05  1.94072549194886541e+01 -3.99367514754648445e+00 
 5.75439937337146723e+05  1.93823658468342863e+01 -4.08304350002070215e+00 
 5.88843655355578521e+05  1.93563899088352649e+01 -4.17426806187982002e+00 
 6.02559586074347026e+05  1.93292822994044009e+01 -4.26737961380863240e+00 
 6.16595001861471217e+05  1.93009964875853726e+01 -4.36240909903585994e+00 
 6.30957344480182044e+05  1.92714841473734566e+01 -4.45938761376983805e+00 
 6.45654229034644086e+05  1.92406950834400270e+01 -4.55834639459623325e+00 
 6.60693448007584317e+05  1.92085771505680363e+01 -4.65931680888299660e+00 
 6.76082975391969783e+05  1.91750761686810414e+01 -4.76233034197766791e+00 
 6.91830970918924198e+05  1.91401358301691893e+01 -4.86741858563107144e+00 
 7.07945784384125262e+05  1.91036976007666937e+01 -4.97461322360306379e+00 
 7.24435960074977134e+05  1.90657006128197146e+01 -5.08394601692209847e+00 
 7.41310241300904308e+05  1.90260815492047932e+01 -5.19544878771243290e+00 
 7.58577575029170257e+05  1.89847745181528218e+01 -5.30915340030507110e+00 
 7.76247116628677933e+05  1.89417109182709460e+01 -5.42509173826398516e+00 
 7.94328234724267386e+05  1.88968192904732710e+01 -5.54329568075439472e+00 
 8.12830516164084780e+05  1.88500251598121373e+01 -5.66379707057964144e+00 
 8.31763771102656145e+05  1.88012508619297556e+01 -5.78662767945831913e+00 
 8.51138038202361204e+05  1.87504153563279772e+01 -5.91181916555193521e+00 
 8.70963589956064941e+05  1.86974340231472453e+01 -6.03940302206230939e+00 
 8.91250938133729389e+05  1.86422184433520179e+01 -6.16941051783615002e+00 
 9.12010839355893200e+05  1.85846761614604965e+01 -6.30187262352140642e+00 
 9.33254300796974101e+05  1.85247104284081203e+01 -6.43681992687735782e+00 
 9.54992586021418567e+05  1.84622199252902668e+01 -6.57428252875401853e+00 
 9.77237220955792814e+05  1.83970984647496216e+01 -6.71428992304724304e+00 
 9.99999999999981723e+05  1.83292346720317028e+01 -6.85687085144301722e+00 
 1.02329299228073540e+06  1.82585116405842989e+01 -7.00205313631090753e+00 
 1.04712854805088032e+06  1.81848065665650687e+01 -7.14986348093385971e+00 
 1.07151930523758661e+06  1.81079903584799489e+01 -7.30032723768915481e+00 
 1.09647819614316477e+06  1.80279272216776505e+01 -7.45346813868975833e+00 
 1.12201845430194261e+06  1.79444742210462351e+01 -7.60930798121608021e+00 
 1.14815362149686133e+06  1.78574808179332898e+01 -7.76786626588342610e+00 
 1.17489755493950751e+06  1.77667883860200959e+01 -7.92915977880176204e+00 
 1.20226443461739039e+06  1.76722297061435540e+01 -8.09320211170743242e+00 
 1.23026877081235847e+06  1.75736284412068038e+01 -8.26000311435693213e+00 
 1.25892541179414350e+06  1.74707985970165964e+01 -8.42956826793259317e+00 
 1.28824955169310956e+06  1.73635439711794355e+01 -8.60189797434468773e+00 
 1.31825673855638201e+06  1.72516575921017257e+01 -8.77698675270994677e+00 
 1.34896288259162800e+06  1.71349211612324552e+01 -8.95482232943856893e+00 
 1.38038426460285857e+06  1.70131044982109891e+01 -9.13538461762950504e+00 
 1.41253754462272744e+06  1.68859650048978231e+01 -9.31864456993136514e+00 
 1.44543977074589999e+06  1.67532471535078926e+01 -9.50456289876361993e+00 
 1.47910838816817920e+06  1.66146820139961022e+01 -9.69308865105819883e+00 
 1.51356124843617924e+06  1.64699868381732344e+01 -9.88415762419968935e+00 
 1.54881661891245167e+06  1.63188647168149181e+01 -1.00776906160443929e+01 
 1.58489319246108318e+06  1.61610043237152965e+01 -1.02735914987144827e+01 
 1.62181009735889896e+06  1.59960797888240940e+01 -1.04717450996804828e+01 
 1.65958690743752895e+06  1.58237507047579982e+01 -1.06720148920758504e+01 
 1.69824365246171178e+06  1.56436623186098949e+01 -1.08742404784747109e+01 
 1.73780082874934212e+06  1.54554459346746587e+01 -1.10782348670214041e+01 
 1.77827941003888869e+06  1.52587195672992841e+01 -1.12837815418938785e+01 
 1.81970085860994854e+06  1.50530888986470828e+01 -1.14906313237320710e+01 
 1.86208713666283176e+06  1.48381485812342859e+01 -1.16984990352307783e+01 
 1.90546071796321054e+06  1.46134839488631965e+01 -1.19070599821427177e+01 
 1.94984459975800780e+06  1.43786731862993911e+01 -1.21159462751974978e+01 
 1.99526231496884115e+06  1.41332900386459173e+01 -1.23247430222349621e+01 
 2.04173794466948998e+06  1.38769071050056354e+01 -1.25329844400481960e+01 
 2.08929613085399917e+06  1.36090998112516370e+01 -1.27401499378129515e+01 
 2.13796208950219071e+06  1.33294511116330359e+01 -1.29456602514165287e+01 
 2.18776162394951005e+06  1.30375570063922233e+01 -1.31488737171515098e+01 
 2.23872113856829610e+06  1.27330329277829062e+01 -1.33490827992820869e+01 
 2.29086765276772855e+06  1.24155210521869659e+01 -1.35455110050443697e+01 
 2.34422881531987665e+06  1.20846985924120975e+01 -1.37373103453639445e+01 
 2.39883291901944391e+06  1.17402870769984613e+01 -1.39235595243917949e+01 
 2.45470891568498267e+06  1.13820626305892709e+01 -1.41032630644120438e+01 
 2.51188643150953110e+06  1.10098672111567897e+01 -1.42753515955340049e+01 
 2.57039578276881343e+06  1.06236207315634026e+01 -1.44386835599123202e+01 
 2.63026799189533014e+06  1.02233339389673521e+01 -1.45920485924377843e+01 
 2.69153480392686278e+06  9.80912186703262989e+00 -1.47341728472309388e+01 
 2.75422870333811222e+06  9.38121760817540817e+00 -1.48637265324305154e+01 
 2.81838293126439815e+06  8.93998608567630626e+00 -1.49793338993220360e+01 
 2.88403150312654907e+06  8.48593741539368196e+00 -1.50795858882207305e+01 
 2.95120922666632757e+06  8.01973938772075101e+00 -1.51630555844122714e+01 
 3.01995172040195670e+06  7.54222851073886869e+00 -1.52283165486500991e+01 
 3.09029543251352943e+06  7.05441901077832867e+00 -1.52739639917067347e+01 
 3.16227766016831668e+06  6.55750913016095716e+00 -1.52986386253048821e+01 
 3.23593656929621845e+06  6.05288404809909952e+00 -1.53010528727360615e+01 
 3.31131121482584532e+06  5.54211478604986585e+00 -1.52800189749955635e+01 
 3.38844156139195804e+06  5.02695248461624189e+00 -1.52344783199628253e+01 
 3.46736850452524750e+06  4.50931758240426994e+00 -1.51635311905157337e+01 
 3.54813389233568404e+06  3.99128356040937549e+00 -1.50664659509010761e+01 
 3.63078054770094110e+06  3.47505512044340570e+00 -1.49427865575325605e+01 
 3.71535229097165121e+06  2.96294093068449849e+00 -1.47922372437944318e+01 
 3.80189396320553590e+06  2.45732132006696080e+00 -1.46148231517543437e+01 
 3.89045144994272804e+06  1.96061162319213445e+00 -1.44108258054237943e+01 
 3.98107170553489262e+06  1.47522213698231908e+00 -1.41808124006530072e+01 
 4.07380277804104565e+06  1.00351591779224192e+00 -1.39256381251385601e+01 
 4.16869383470327035e+06  5.47765843480470416e-01 -1.36464410012862576e+01 
 4.26579518801584095e+06  1.10112490618339276e-01 -1.33446290803227310e+01 
 4.36515832240157202e+06 -3.07475587469925093e-01 -1.30218601678444301e+01 
 4.46683592150954157e+06 -7.03237659008485672e-01 -1.26800146707984034e+01 
 4.57088189614865836e+06 -1.07565132680512776e+00 -1.23211624642699853e+01 
 4.67735141287188791e+06 -1.42345664401765237e+00 -1.19475250052502346e+01 
 4.78630092322628666e+06 -1.74567303481047409e+00 -1.15614341153917835e+01 
 4.89778819368436281e+06 -2.04160859189859112e+00 -1.11652890155253814e+01 
 5.01187233627262153e+06 -2.31086168990768037e+00 -1.07615131892203930e+01 
 5.12861383991354518e+06 -2.55331522355148488e+00 -1.03525126107569836e+01 
 5.24807460249761958e+06 -2.76912410403470055e+00 -9.94063671198229670e+00 
 5.37031796370241791e+06 -2.95869689854923390e+00 -9.52814322543946979e+00 
 5.49540873857613374e+06 -3.12267270341813452e+00 -9.11716779554057233e+00 
 5.62341325190337654e+06 -3.26189443292005166e+00 -8.70969893209883850e+00 
 5.75439937337145209e+06 -3.37737973937847347e+00 -8.30755859746655112e+00 
 5.88843655355576985e+06 -3.47029075737871384e+00 -7.91238845732716012e+00 
 6.02559586074345466e+06 -3.54190372933748376e+00 -7.52564155745290098e+00 
 6.16595001861469541e+06 -3.59357947603172789e+00 -7.14857903421711427e+00 
 6.30957344480180275e+06 -3.62673546651615064e+00 -6.78227129307845100e+00 
 6.45654229034642223e+06 -3.64282009561285403e+00 -6.42760302055537558e+00 
 6.60693448007582407e+06 -3.64328957781883078e+00 -6.08528133752119338e+00 
 6.76082975391967874e+06 -3.62958771778650613e+00 -5.75584640638237666e+00 
 6.91830970918922219e+06 -3.60312865998692322e+00 -5.43968382832022446e+00 
 7.07945784384123329e+06 -3.56528260392563334e+00 -5.13703822295679924e+00 
 7.24435960074975155e+06 -3.51736436649904727e+00 -4.84802745019925752e+00 
 7.41310241300902236e+06 -3.46062461110603925e+00 -4.57265701447418849e+00 
 7.58577575029168092e+06 -3.39624349800003733e+00 -4.31083426990713825e+00 
 7.76247116628675628e+06 -3.32532649187428664e+00 -4.06238212663368081e+00 
 7.94328234724264964e+06 -3.24890204407165450e+00 -3.82705203101297320e+00 
 8.12830516164082289e+06 -3.16792086884056401e+00 -3.60453605942358513e+00 
 8.31763771102653630e+06 -3.08325654169839547e+00 -3.39447802290944800e+00 
 8.51138038202358596e+06 -2.99570716949904625e+00 -3.19648352808932978e+00 
 8.70963589956062287e+06 -2.90599790050709084e+00 -3.01012897944079150e+00 
 8.91250938133726642e+06 -2.81478407152018706e+00 -2.83496953838447885e+00 
 9.12010839355890453e+06 -2.72265481117836261e+00 -2.67054607880992911e+00 
 9.33254300796971284e+06 -2.63013694887734095e+00 -2.51639119427889968e+00 
 9.54992586021415703e+06 -2.53769910024555578e+00 -2.37203432384897983e+00 
 9.77237220955790021e+06 -2.44575582219017651e+00 -2.23700607047173516e+00 
 9.99999999999978766e+06 -2.35467175501629411e+00 -2.11084178718231463e+00 
 1.02329299228073228e+07 -2.26476568128945166e+00 -1.99308450872056775e+00 
 1.04712854805087708e+07 -2.17631445206277041e+00 -1.88328730215619511e+00 
 1.07151930523758344e+07 -2.08955674208970921e+00 -1.78101510738831537e+00 
 1.09647819614316151e+07 -2.00469660543089701e+00 -1.68584613496764124e+00 
 1.12201845430193935e+07 -1.92190681631265692e+00 -1.59737288132141497e+00 
 1.14815362149685808e+07 -1.84133198352047689e+00 -1.51520281834829840e+00 
 1.17489755493950434e+07 -1.76309143511216582e+00 -1.43895880768216822e+00 
 1.20226443461738713e+07 -1.68728187422240450e+00 -1.36827928507090602e+00 
 1.23026877081235517e+07 -1.61397981084667275e+00 -1.30281825495328851e+00 
 1.25892541179414019e+07 -1.54324377629709941e+00 -1.24224513135957038e+00 
 1.28824955169310626e+07 -1.47511633121125452e+00 -1.18624445517167265e+00 
 1.31825673855637871e+07 -1.40962587614798918e+00 -1.13451551636901793e+00 
 1.34896288259162456e+07 -1.34678827802189449e+00 -1.08677190367189636e+00 
 1.38038426460285503e+07 -1.28660832449647944e+00 -1.04274100200607811e+00 
 1.41253754462272376e+07 -1.22908101845655504e+00 -1.00216345559109432e+00 
 1.44543977074589618e+07 -1.17419272599385782e+00 -9.64792610714390819e-01 
 1.47910838816817533e+07 -1.12192218987266035e+00 -9.30393951112925666e-01 
 1.51356124843617529e+07 -1.07224142138659073e+00 -8.98744535697991953e-01 
 1.54881661891244762e+07 -1.02511648173104319e+00 -8.69632447915654749e-01 
 1.58489319246107899e+07 -9.80508165577932522e-01 -8.42856262398128608e-01 
 1.62181009735889453e+07 -9.38372596617797372e-01 -8.18224535575739376e-01 
 1.65958690743752439e+07 -8.98661746794340077e-01 -7.95555323044444318e-01 
 1.69824365246170722e+07 -8.61323888311493424e-01 -7.74675727472578068e-01 
 1.73780082874933742e+07 -8.26303988366977604e-01 -7.55421478215795417e-01 
 1.77827941003888398e+07 -7.93544055236131363e-01 -7.37636543578515158e-01 
 1.81970085860994384e+07 -7.62983443889884372e-01 -7.21172775564199453e-01 
 1.86208713666282669e+07 -7.34559128435342990e-01 -7.05889586407938641e-01 
 1.90546071796320528e+07 -7.08205948534841645e-01 -6.91653654797777850e-01 
 1.94984459975800253e+07 -6.83856835403487628e-01 -6.78338660020696427e-01 
 1.99526231496883593e+07 -6.61443022894684596e-01 -6.65825040937058410e-01 
 2.04173794466948472e+07 -6.40894247956676488e-01 -6.53999776754791817e-01 
 2.08929613085399382e+07 -6.22138944142617056e-01 -6.42756185987634399e-01 
 2.13796208950218521e+07 -6.05104430825773032e-01 -6.31993740010033278e-01 
 2.18776162394950464e+07 -5.89717100154361518e-01 -6.21617887229908739e-01 
 2.23872113856829032e+07 -5.75902602771301453e-01 -6.11539884162945024e-01 
 2.29086765276772268e+07 -5.63586032471332765e-01 -6.01676629919764894e-01 
 2.34422881531987041e+07 -5.52692109570587009e-01 -5.91950500348240483e-01 
 2.39883291901943758e+07 -5.43145361552006989e-01 -5.82289179175549898e-01 
 2.45470891568497606e+07 -5.34870299383219061e-01 -5.72625483297180660e-01 
 2.51188643150952458e+07 -5.27791587025404296e-01 -5.62897180419207666e-01 
 2.57039578276880682e+07 -5.21834201492350269e-01 -5.53046797466729578e-01 
 2.63026799189532362e+07 -5.16923580333218835e-01 -5.43021419080927048e-01 
 2.69153480392685607e+07 -5.12985753195616123e-01 -5.32772476279911644e-01 
 2.75422870333810523e+07 -5.09947454104054287e-01 -5.22255525974479218e-01 
 2.81838293126439117e+07 -5.07736211103271384e-01 -5.11430022750613666e-01 
 2.88403150312654190e+07 -5.06280409973709489e-01 -5.00259085203571430e-01 
 2.95120922666632012e+07 -5.05509328977084116e-01 -4.88709259782874716e-01 
 3.01995172040194906e+07 -5.05353141956188412e-01 -4.76750285654603922e-01 
 3.09029543251352161e+07 -5.05742887373060945e-01 -4.64354865081108126e-01 
 3.16227766016830876e+07 -5.06610401516979336e-01 -4.51498443950017536e-01 
 3.23593656929621026e+07 -5.07888214424834117e-01 -4.38159008313739606e-01 
 3.31131121482583694e+07 -5.09509407825518901e-01 -4.24316902966373755e-01 
 3.38844156139194965e+07 -5.11407435028577440e-01 -4.09954678917443471e-01 
 3.46736850452523902e+07 -5.13515903475896263e-01 -3.95056977386014474e-01 
 3.54813389233567566e+07 -5.15768321670195373e-01 -3.79610458413108975e-01 
 3.63078054770093262e+07 -5.18097813310186783e-01 -3.63603783331586161e-01 
 3.71535229097164273e+07 -5.20436802960077327e-01 -3.47027660743012722e-01 
 3.80189396320552751e+07 -5.22716679367446924e-01 -3.29874966768747835e-01 
 3.89045144994271919e+07 -5.24867444809394956e-01 -3.12140950667555817e-01 
 3.98107170553488359e+07 -5.26817361641363280e-01 -2.93823537702150306e-01 
 4.07380277804103643e+07 -5.28492610667040785e-01 -2.74923741155187029e-01 
 4.16869383470326066e+07 -5.29816980001475368e-01 -2.55446194730693354e-01 
 4.26579518801583126e+07 -5.30711607887639936e-01 -2.35399815444196192e-01 
 4.36515832240156233e+07 -5.31094808355256354e-01 -2.14798604568676582e-01 
 4.46683592150953114e+07 -5.30882014431184879e-01 -1.93662589939965157e-01 
 4.57088189614864811e+07 -5.29985879606923449e-01 -1.72018906798594468e-01 
 4.67735141287187710e+07 -5.28316584082265117e-01 -1.49903005985836196e-01 
 4.78630092322627604e+07 -5.25782396839807431e-01 -1.27359966568419775e-01 
 4.89778819368435219e+07 -5.22290547319053333e-01 -1.04445875610618383e-01 
 5.01187233627261072e+07 -5.17748460157444579e-01 -8.12292204298895454e-02 
 5.12861383991353363e+07 -5.12065400915003743e-01 -5.77922178494384292e-02 
 5.24807460249760821e+07 -5.05154569739910686e-01 -3.42319833693438200e-02 
 5.37031796370240673e+07 -4.96935660153238590e-01 -1.06614202827320474e-02 
 5.49540873857612163e+07 -4.87337871643775122e-01  1.27903111636880912e-02 
 5.62341325190336406e+07 -4.76303325828369484e-01  3.59778991008237320e-02 
 5.75439937337143943e+07 -4.63790787225611900e-01  5.87407189642590796e-02 
 5.88843655355575681e+07 -4.49779533400863629e-01  8.09045547275398513e-02 
 6.02559586074344143e+07 -4.34273159633010941e-01  1.02284321098212005e-01 
 6.16595001861468256e+07 -4.17303047162708718e-01  1.22687851922279920e-01 
 6.30957344480179027e+07 -3.98931181321596884e-01  1.41920742051449555e-01 
 6.45654229034640938e+07 -3.79251987081755337e-01  1.59792130371205876e-01 
 6.60693448007581085e+07 -3.58392865062811927e-01  1.76121198418070113e-01 
 6.76082975391966552e+07 -3.36513169179280702e-01  1.90744045262413314e-01 
 6.91830970918920934e+07 -3.13801469186512860e-01  2.03520502411254550e-01 
 7.07945784384122044e+07 -2.90471082303317862e-01  2.14340391242461348e-01 
 7.24435960074973851e+07 -2.66754022983229588e-01  2.23128716228313068e-01 
 7.41310241300900877e+07 -2.42893687272039249e-01  2.29849339652532070e-01 
 7.58577575029166788e+07 -2.19136732272416451e-01  2.34506797056078603e-01 
 7.76247116628674269e+07 -1.95724707949832072e-01  2.37146075141196733e-01 
 7.94328234724263549e+07 -1.72886030937567492e-01  2.37850363638170692e-01 
 8.12830516164080799e+07 -1.50828851292307803e-01  2.36736980764150728e-01 
 8.31763771102652103e+07 -1.29735261274839475e-01  2.33951832356935840e-01 
 8.51138038202357143e+07 -1.09757146354924909e-01  2.29662873450260346e-01 
 8.70963589956060797e+07 -9.10138087842639470e-02  2.24053088728180971e-01 
 8.91250938133725226e+07 -7.35913279197329545e-02  2.17313493254958773e-01 
 9.12010839355888963e+07 -5.75434813068362722e-02  2.09636588188386735e-01 
 9.33254300796969682e+07 -4.28939503855296153e-02  2.01210604490767803e-01 
 9.54992586021414101e+07 -2.96394799704590359e-02  1.92214750179590027e-01 
 9.77237220955788344e+07 -1.77536489292483939e-02  1.82815560795925619e-01 
 9.99999999999977052e+07 -7.19093254156199548e-03  1.73164352148656941e-01 
 1.02329299228073061e+08  2.10921599784707472e-03  1.63395696451541422e-01 
 1.04712854805087537e+08  1.02184779107070862e-02  1.53626790852241568e-01 
 1.07151930523758158e+08  1.72161254008169097e-02  1.43957559303747373e-01 
 1.09647819614315957e+08  2.31859145822942946e-02  1.34471321108260072e-01 
 1.12201845430193737e+08  2.82134572438266923e-02  1.25235866831710729e-01 
 1.14815362149685606e+08  3.23840750833976343e-02  1.16304799630104080e-01 
 1.17489755493950218e+08  3.57811120157939394e-02  1.07719022519493265e-01 
 1.20226443461738482e+08  3.84846620957291219e-02  9.95082763565333234e-02 
 1.23026877081235275e+08  4.05706607204193923e-02  9.16926566006365240e-02 
 1.25892541179413766e+08  4.21102831650895446e-02  8.42840577649115186e-02 
 1.28824955169310361e+08  4.31695954747000413e-02  7.72875121055764946e-02 
 1.31825673855637595e+08  4.38094065848779329e-02  7.07024032583528916e-02 
 1.34896288259162158e+08  4.40852760963091270e-02  6.45235464141745985e-02 
 1.38038426460285217e+08  4.40476384262122184e-02  5.87421345917535781e-02 
 1.41253754462272078e+08  4.37420104249350850e-02  5.33465560775121875e-02 
 1.44543977074589312e+08  4.32092555746416418e-02  4.83230916565528523e-02 
 1.47910838816817224e+08  4.24858833575279607e-02  4.36565022949360684e-02 
 1.51356124843617201e+08  4.16043670872122962e-02  3.93305188525787594e-02 
 1.54881661891244441e+08  4.05934675523678956e-02  3.53282455289342934e-02 
 1.58489319246107578e+08  3.94785531268216083e-02  3.16324883310279831e-02 
 1.62181009735889137e+08  3.82819096654205548e-02  2.82260191173877191e-02 
 1.65958690743752122e+08  3.70230356963423268e-02  2.50917848199639568e-02 
 1.69824365246170402e+08  3.57189200048869532e-02  2.22130704551798952e-02 
 1.73780082874933422e+08  3.43843000384570774e-02  1.95736234884817326e-02 
 1.77827941003888041e+08  3.30319004501592392e-02  1.71577461568890276e-02 
 1.81970085860994011e+08  3.16726518350703493e-02  1.49503614154340662e-02 
 1.86208713666282296e+08  3.03158901603164110e-02  1.29370573615407297e-02 
 1.90546071796320170e+08  2.89695377428658488e-02  1.11041142359206493e-02 
 1.94984459975799859e+08  2.76402668240781253e-02  9.43851745448588339e-03 
 1.99526231496883184e+08  2.63336469160114009e-02  7.92795955319204430e-03 
 2.04173794466948032e+08  2.50542771405546094e-02  6.56083344501925264e-03 
 2.08929613085398912e+08  2.38059047905184416e-02  5.32621896898211478e-03 
 2.13796208950218052e+08  2.25915313102591324e-02  4.21386436136464079e-03 
 2.18776162394949973e+08  2.14135068471843354e-02  3.21416397564497098e-03 
 2.23872113856828541e+08  2.02736144522976322e-02  2.31813333940275720e-03 
 2.29086765276771754e+08  1.91731449423404206e-02  1.51738241960353666e-03 
 2.34422881531986535e+08  1.81129633569593294e-02  8.04087797925557104e-04 
 2.39883291901943237e+08  1.70935678663471438e-02  1.70964318225732723e-04 
 2.45470891568497092e+08  1.61151419126231259e-02 -3.88763354010265795e-04 
 2.51188643150951922e+08  1.51776002949601321e-02 -8.81388913589093359e-04 
 2.57039578276880145e+08  1.42806298422455558e-02 -1.31275207345095575e-03 
 2.63026799189531803e+08  1.34237252537605725e-02 -1.68826549527467955e-03 
 2.69153480392684996e+08  1.26062206317355506e-02 -2.01294084584676238e-03 
 2.75422870333809912e+08  1.18273171754694484e-02 -2.29141386966768288e-03 
 2.81838293126438498e+08  1.10861074599264784e-02 -2.52796840835617809e-03 
 2.88403150312653542e+08  1.03815966768645105e-02 -2.72655931857345834e-03 
 2.95120922666631341e+08  9.71272117813755387e-03 -2.89083426926977196e-03 
 3.01995172040194213e+08  9.07836462430921566e-03 -3.02415441017541428e-03 
 3.09029543251351476e+08  8.47737201021252045e-03 -3.12961392070814628e-03 
 3.16227766016830146e+08  7.90856181000563693e-03 -3.21005845916285662e-03 
 3.23593656929620266e+08  7.37073645842387798e-03 -3.26810253827051079e-03 
 3.31131121482582927e+08  6.86269136168882101e-03 -3.30614586120461752e-03 
 3.38844156139194191e+08  6.38322261057196541e-03 -3.32638865617541695e-03 
 3.46736850452523053e+08  5.93113354945282601e-03 -3.33084605047418705e-03 
 3.54813389233566642e+08  5.50524033843374436e-03 -3.32136152709812090e-03 
 3.63078054770092309e+08  5.10437663027127776e-03 -3.29961950903872757e-03 
 3.71535229097163260e+08  4.72739747078560965e-03 -3.26715711512593583e-03 
 3.80189396320551693e+08  4.37318251861609341e-03 -3.22537513352883030e-03 
 3.89045144994270861e+08  4.04063867010488135e-03 -3.17554825583137761e-03 
 3.98107170553487301e+08  3.72870216465455645e-03 -3.11883461583958898e-03 
 4.07380277804102540e+08  3.43634023756392987e-03 -3.05628467480550687e-03 
 4.16869383470324934e+08  3.16255237934743617e-03 -2.98884949380092161e-03 
 4.26579518801581919e+08  2.90637125385965339e-03 -2.91738843179814144e-03 
 4.36515832240154982e+08  2.66686332072677001e-03 -2.84267630732189334e-03 
 4.46683592150951862e+08  2.44312920278372866e-03 -2.76541005836505611e-03 
 4.57088189614863515e+08  2.23430383362312321e-03 -2.68621493453717044e-03 
 4.67735141287186384e+08  2.03955641650421359e-03 -2.60565025268360900e-03 
 4.78630092322626233e+08  1.85809022153240544e-03 -2.52421474600377123e-03 
 4.89778819368433774e+08  1.68914224507867093e-03 -2.44235153419562583e-03 
 5.01187233627259552e+08  1.53198275192224721e-03 -2.36045274094510028e-03 
 5.12861383991351783e+08  1.38591471839531028e-03 -2.27886378280038127e-03 
 5.24807460249759197e+08  1.25027319218377528e-03 -2.19788735215585432e-03 
 5.37031796370239019e+08  1.12442458262904652e-03 -2.11778711524347003e-03 
 5.49540873857610464e+08  1.00776589343160570e-03 -2.03879114468783320e-03 
 5.62341325190334678e+08  8.99723908469554851e-04 -1.96109510447972212e-03 
 5.75439937337142229e+08  7.99754339653908366e-04 -1.88486520427546341e-03 
 5.88843655355573893e+08  7.07340945082075953e-04 -1.81024093830392248e-03 
 6.02559586074342251e+08  6.21994624529678144e-04 -1.73733762322594008e-03 
 6.16595001861466289e+08  5.43252498410149885e-04 -1.66624874825156114e-03 
 6.30957344480176926e+08  4.70676975860713530e-04 -1.59704814969539952e-03 
 6.45654229034638762e+08  4.03854816718345337e-04 -1.52979202142945856e-03 
 6.60693448007578850e+08  3.42396191815759422e-04 -1.46452077176540806e-03 
 6.76082975391964197e+08  2.85933745329609271e-04 -1.40126073667710569e-03 
 6.91830970918918490e+08  2.34121662741887279e-04 -1.34002575849304323e-03 
 7.07945784384119511e+08  1.86634747393143037e-04 -1.28081863868666213e-03 
 7.24435960074971199e+08  1.43167508374176259e-04 -1.22363247279755447e-03 
 7.41310241300898194e+08  1.03433262191168960e-04 -1.16845187503061962e-03 
 7.58577575029163957e+08  6.71632503500757739e-05 -1.11525409963548409e-03 
 7.76247116628671408e+08  3.41057747489077143e-05 -1.06401006575708164e-03 
 7.94328234724260688e+08  4.02535256307709314e-06 -1.01468529206475279e-03 
 8.12830516164077878e+08 -2.32981079546919450e-05 -9.67240747129819562e-04 
 8.31763771102649093e+08 -4.80701094934745345e-05 -9.21633621189579637e-04 
 8.51138038202354074e+08 -7.04823445113071575e-05 -8.77818024644124676e-04 
 8.70963589956057668e+08 -9.07134499584089354e-05 -8.35745618339674861e-04 
 8.91250938133721948e+08 -1.08929737238220193e-04 -7.95366180435275595e-04 
 9.12010839355885625e+08 -1.25285896856208078e-04 -7.56628114389600514e-04 
 9.33254300796966314e+08 -1.39925677377602712e-04 -7.19478902364814989e-04 
 9.54992586021410584e+08 -1.52982538444365639e-04 -6.83865508112371377e-04 
 9.77237220955784678e+08 -1.64580277746618402e-04 -6.49734733181989632e-04 
 9.99999999999973416e+08 -1.74833631945654902e-04 -6.17033530080861813e-04 
