 temp-sweep             v(vref)                i(vload)               i(vdd)                 v(vbe)                 v(dvbe)                v(pbias)               v(pcasc)               v(xbgr.c2)             v(xbgr.vbe3)           v(xbgr.vd1)            v(xbgr.vd2)           
-4.000000000000000e+01  1.034656668801834e+00  3.209653356966581e-06 -1.711710088102136e-05  7.759509426908938e-01  4.231919320414474e-02  2.068577901369713e+00  1.657837092369815e+00  8.788762934943665e-01  7.759607173259218e-01  1.551921299037774e+00  7.759606495165132e-01 
-3.500000000000000e+01  1.034649682225653e+00  3.279232141649484e-06 -1.747682791506493e-05  7.701846190500585e-01  4.326233480975335e-02  2.067762058616415e+00  1.647878786980162e+00  8.736845849141706e-01  7.701951629408553e-01  1.540390188509384e+00  7.701950942522411e-01 
-3.000000000000000e+01  1.034629225417889e+00  3.348774889844737e-06 -1.783653667123555e-05  7.643958949736476e-01  4.420698926679246e-02  2.066976026840101e+00  1.637936190641885e+00  8.685051904993776e-01  7.644072365954602e-01  1.528814334067278e+00  7.644071670312048e-01 
-2.500000000000000e+01  1.034595502102372e+00  3.418277778213842e-06 -1.819621030258518e-05  7.585849509740628e-01  4.515315910140633e-02  2.066219636985899e+00  1.628009096933918e+00  8.633375294903903e-01  7.585971181680953e-01  1.517194095466493e+00  7.585970477308223e-01 
-2.000000000000000e+01  1.034548706760795e+00  3.487736994700662e-06 -1.855583201401357e-05  7.527519585865011e-01  4.610084672682866e-02  2.065492740943548e+00  1.618097320692351e+00  8.581810723354378e-01  7.527649785210223e-01  1.505529814437639e+00  7.527649072164337e-01 
-1.500000000000000e+01  1.034489026864935e+00  3.557148756206131e-06 -1.891538515173768e-05  7.468970812161866e-01  4.705005465388298e-02  2.064795209243092e+00  1.608200693715330e+00  8.530353386816358e-01  7.469109803466553e-01  1.493821816366455e+00  7.469109081807742e-01 
-1.000000000000000e+01  1.034416643092991e+00  3.626509306427932e-06 -1.927485318945485e-05  7.410204745772195e-01  4.800078545882638e-02  2.064126929742601e+00  1.598319063776201e+00  8.478998943535733e-01  7.410352786170578e-01  1.482070411198720e+00  7.410352055969620e-01 
-5.000000000000000e+00  1.034331729525447e+00  3.695814913619384e-06 -1.963421971698559e-05  7.351222871270509e-01  4.895304177313041e-02  2.063487806436612e+00  1.588452293710510e+00  8.427743484775583e-01  7.351380210159444e-01  1.470275894305317e+00  7.351379471502011e-01 
 0.000000000000000e+00  1.034234454261170e+00  3.765061873515509e-06 -1.999346845305172e-05  7.292026604893407e-01  4.990682628763576e-02  2.062877758165135e+00  1.578600260083022e+00  8.376583509734856e-01  7.292193483717878e-01  1.458438547346122e+00  7.292192736705565e-01 
 5.000000000000000e+00  1.034124979683941e+00  3.834246508578609e-06 -2.035258324112952e-05  7.232617298314910e-01  5.086214174669126e-02  2.062296717575911e+00  1.568762852249670e+00  8.325515900234233e-01  7.232793950354124e-01  1.446558639023434e+00  7.232793195090077e-01 
 1.000000000000000e+01  1.034003462832677e+00  3.903365168798553e-06 -2.071154805028577e-05  7.172996242218810e-01  5.181899094787736e-02  2.061744630121364e+00  1.558939971486951e+00  8.274537897292324e-01  7.173182892395807e-01  1.434636425806984e+00  7.173182129004434e-01 
 1.500000000000000e+01  1.033870055948937e+00  3.972414234730049e-06 -2.107034698895839e-05  7.113164669703286e-01  5.277737674682898e-02  2.061221453041742e+00  1.549131529945327e+00  8.223647079983082e-01  7.113361534493017e-01  1.422672152626620e+00  7.113360763095946e-01 
 2.000000000000000e+01  1.033724906761545e+00  4.041390117885029e-06 -2.142896430396674e-05  7.053123759395529e-01  5.373730205855975e-02  2.060727154539893e+00  1.539337449814067e+00  8.172841344317310e-01  7.053331046688552e-01  1.410666053495425e+00  7.053330267427406e-01 
 2.500000000000000e+01  1.033568159307909e+00  4.110289267237550e-06 -2.178738441075051e-05  6.992874638599448e-01  5.469876987491822e-02  2.060261712756068e+00  1.529557662111710e+00  8.122118886073894e-01  6.993092547713127e-01  1.398618352160177e+00  6.993091760728276e-01 
 3.000000000000000e+01  1.033399954513761e+00  4.179108173446466e-06 -2.214559191065715e-05  6.932418386287043e-01  5.566178328478531e-02  2.059825114919449e+00  1.519792105759590e+00  8.071478183767596e-01  6.932647107891838e-01  1.386529262685549e+00  6.932646313312708e-01 
 3.500000000000000e+01  1.033220431551193e+00  4.247843381977688e-06 -2.250357164914626e-05  6.871756036248282e-01  5.662634551697065e-02  2.059417356153489e+00  1.510040725686238e+00  8.020917986795024e-01  6.871995752482338e-01  1.374398990123514e+00  6.871994950423297e-01 
 4.000000000000000e+01  1.033029728948709e+00  4.316491503422100e-06 -2.286130876339667e-05  6.810888580114521e-01  5.759245998526526e-02  2.059038438463387e+00  1.500303471395463e+00  7.970437303329834e-01  6.811139464648980e-01  1.362227731103669e+00  6.811138655180500e-01 
 4.500000000000000e+01  1.032827987326691e+00  4.385049242640896e-06 -2.321878881244449e-05  6.749816971226948e-01  5.856013040079030e-02  2.058688368956366e+00  1.490580293710070e+00  7.920035398019180e-01  6.750079189501101e-01  1.350015674639145e+00  6.750078372596219e-01 
 5.000000000000000e+01  1.032615352529478e+00  4.453513432012298e-06 -2.357599793020924e-05  6.688542128799803e-01  5.952936091403919e-02  2.058367157903276e+00  1.480871140891274e+00  7.869711792393728e-01  6.688815838259494e-01  1.337763002959409e+00  6.688815013723898e-01 
 5.500000000000000e+01  1.032391980804332e+00  4.521881088313996e-06 -2.393292308181801e-05  6.627064943230807e-01  6.050015634223256e-02  2.058074815825902e+00  1.471175952564840e+00  7.819466276993748e-01  6.627350293800840e-01  1.325469892607040e+00  6.627349461113112e-01 
 6.000000000000000e+01  1.032158046471852e+00  4.590149497329929e-06 -2.428955244980218e-05  6.565386283180666e-01  6.147252252489378e-02  2.057811349377945e+00  1.461494650528236e+00  7.769298937192834e-01  6.565683417860065e-01  1.313136515877100e+00  6.565682575952487e-01 
 6.500000000000000e+01  1.031913752790082e+00  4.658316334222009e-06 -2.464587598315889e-05  6.503507004676342e-01  6.244646682301674e-02  2.057576755677871e+00  1.451827125584121e+00  7.719210195675836e-01  6.503816060413673e-01  1.300763042668455e+00  6.503815207247843e-01 
 7.000000000000000e+01  1.031659347435643e+00  4.726379835934334e-06 -2.500188618613859e-05  6.441427963275579e-01  6.342199883242060e-02  2.057371014362065e+00  1.442173218172690e+00  7.669200878913582e-01  6.441749072269808e-01  1.288349642978091e+00  6.441748204152875e-01 
 7.500000000000000e+01  1.031395141704993e+00  4.794339014155502e-06 -2.535757910617053e-05  6.379150028518489e-01  6.439913125758369e-02  2.057194077804494e+00  1.432532693229625e+00  7.619272301695595e-01  6.379483320108601e-01  1.275896489868494e+00  6.379482430594055e-01 
 8.000000000000000e+01  1.031121532547805e+00  4.862193899750445e-06 -2.571295548858373e-05  6.316674099926598e-01  6.537788089626037e-02  2.057045859912037e+00  1.422905208061438e+00  7.569426363009554e-01  6.317019703314214e-01  1.263403762757295e+00  6.317018781365161e-01 
 8.500000000000000e+01  1.030839021954177e+00  4.929945755797915e-06 -2.606802184786313e-05  6.254001120099764e-01  6.635826943318189e-02  2.056926226200857e+00  1.413290277409712e+00  7.519665622860717e-01  6.254359168417922e-01  1.250871650204369e+00  6.254358195529925e-01 
 9.000000000000000e+01  1.030548227815154e+00  4.997597193831502e-06 -2.642279118644842e-05  6.191132080377787e-01  6.734032373634402e-02  2.056834988081500e+00  1.403687237803421e+00  7.469993325159811e-01  6.191502716692588e-01  1.238300351261240e+00  6.191501662327961e-01 
 9.500000000000000e+01  1.030249886345493e+00  5.065152195064121e-06 -2.677728341302376e-05  6.128068018427695e-01  6.832407561210636e-02  2.056771901355485e+00  1.394095207491070e+00  7.420413363804957e-01  6.128451404697478e-01  1.225690075320826e+00  6.128450219155485e-01 
 1.000000000000000e+02  1.029944859166621e+00  5.132616185207734e-06 -2.713152613590439e-05  6.064810016739955e-01  6.930956162592025e-02  2.056736662494535e+00  1.384513022685545e+00  7.370930256198076e-01  6.065206346974753e-01  1.213041042278993e+00  6.065204950455729e-01 
 1.050000000000000e+02  1.029634174814909e+00  5.199996496471117e-06 -2.748555735923603e-05  6.001359222416320e-01  7.029682436737246e-02  2.056728887965315e+00  1.374939112917341e+00  7.321549274114537e-01  6.001768742136755e-01  1.200353487177923e+00  6.001767008092516e-01 
 1.100000000000000e+02  1.029319134031384e+00  5.267303544580248e-06 -2.783943157603950e-05  5.937716908504914e-01  7.128591652711805e-02  2.056748061898260e+00  1.365371274196673e+00  7.272276874964750e-01  5.938139943085157e-01  1.187627673410294e+00  5.938137673185008e-01 
 1.150000000000000e+02  1.029001498523081e+00  5.334552935638072e-06 -2.819323032503840e-05  5.873884588720110e-01  7.227690858772004e-02  2.056793442089389e+00  1.355806304447817e+00  7.223121520035789e-01  5.874321584712431e-01  1.174863917043153e+00  5.874318471650231e-01 
 1.200000000000000e+02  1.028683774563798e+00  5.401768624649264e-06 -2.854707790024080e-05  5.809864191210814e-01  7.326990051195140e-02  2.056863918346425e+00  1.346239466579117e+00  7.174094914458068e-01  5.810315775953810e-01  1.162062623473495e+00  5.810311348737389e-01 
 1.250000000000000e+02  1.028369610070756e+00  5.468987325999884e-06 -2.890116332464508e-05  5.745658300681526e-01  7.426503805588312e-02  2.056957813545329e+00  1.336663729917938e+00  7.125213734237764e-01  5.746125367810856e-01  1.149224338540334e+00  5.746118912161597e-01 
