 temp-sweep             v(vref)                i(vload)               i(vdd)                 v(vbe)                 v(dvbe)                v(pbias)               v(pcasc)               v(xbgr.c2)             v(xbgr.vbe3)           v(xbgr.vd1)            v(xbgr.vd2)           
-4.000000000000000e+01  1.032015529745943e+00  2.832229581221631e-06 -1.509218277157801e-05  7.734000646175161e-01  4.230407161895439e-02  2.572271863514610e+00  2.161687441339941e+00  7.949023971082492e-01  7.734099524700100e-01  1.546819820028065e+00  7.734099100113064e-01 
-3.500000000000000e+01  1.031949376383143e+00  2.893615350041797e-06 -1.540943813597203e-05  7.675767360522803e-01  4.324686324685945e-02  2.571727531310170e+00  2.152004297659769e+00  7.898318068045423e-01  7.675873994953980e-01  1.535174713268008e+00  7.675873566312680e-01 
-3.000000000000000e+01  1.031869635376391e+00  2.954968733085298e-06 -1.572667385366057e-05  7.617309070680824e-01  4.419116524278234e-02  2.571215424211602e+00  2.142339301227402e+00  7.847748861180222e-01  7.617423746807804e-01  1.523484662841055e+00  7.617423314177337e-01 
-2.500000000000000e+01  1.031776509438335e+00  3.016286348223588e-06 -1.604387500471656e-05  7.558627579366242e-01  4.513698002019716e-02  2.570735351482256e+00  2.132692224841273e+00  7.797310546307334e-01  7.558750576478177e-01  1.511750027992181e+00  7.558750139934028e-01 
-2.000000000000000e+01  1.031670193131137e+00  3.077564833269157e-06 -1.636102676746487e-05  7.499724601254933e-01  4.608430999594493e-02  2.570287143888303e+00  2.123062861798260e+00  7.746997848757980e-01  7.499856191770018e-01  1.499971150280377e+00  7.499855751374881e-01 
-1.500000000000000e+01  1.031550873751158e+00  3.138800849212571e-06 -1.667811443501442e-05  7.440601769519002e-01  4.703315767133216e-02  2.569870651930845e+00  2.113451023664219e+00  7.696805995444224e-01  7.440742218602634e-01  1.488148354893968e+00  7.440741774442277e-01 
-1.000000000000000e+01  1.031418731768066e+00  3.199991080476999e-06 -1.699512341389662e-05  7.381260640522151e-01  4.798352562061641e-02  2.569485744372138e+00  2.103856538905286e+00  7.646730684775045e-01  7.381410205680005e-01  1.476281951575006e+00  7.381409757848134e-01 
-5.000000000000000e+00  1.031273941026837e+00  3.261132232885918e-06 -1.731203921414345e-05  7.321702697909135e-01  4.893541646320706e-02  2.569132306991027e+00  2.094279251936791e+00  7.596768057628696e-01  7.321861628828134e-01  1.464372235488187e+00  7.321861177413727e-01 
 0.000000000000000e+00  1.031116669343082e+00  3.322221036254722e-06 -1.762884745988764e-05  7.261929357103614e-01  4.988883288650192e-02  2.568810241246134e+00  2.084719021664022e+00  7.546914671800393e-01  7.262097895293402e-01  1.452419488086526e+00  7.262097440404012e-01 
 5.000000000000000e+00  1.030947078380650e+00  3.383254239647907e-06 -1.794553386384192e-05  7.201941968624130e-01  5.084377760902173e-02  2.568519463395310e+00  2.075175721098605e+00  7.497167474037941e-01  7.202120347234368e-01  1.440423977801710e+00  7.202119888977898e-01 
 1.000000000000000e+01  1.030765324478090e+00  3.444228616720528e-06 -1.826208425379883e-05  7.141741822061269e-01  5.180025340719860e-02  2.568259903221762e+00  2.065649235760866e+00  7.447523778786108e-01  7.141930265664214e-01  1.428385960837560e+00  7.141929804153109e-01 
 1.500000000000000e+01  1.030571558423460e+00  3.505140960685806e-06 -1.857848454346112e-05  7.081330148916074e-01  5.275826308247031e-02  2.568031503359613e+00  2.056139463441889e+00  7.397981242588364e-01  7.081528873371959e-01  1.416305681755495e+00  7.081528408735003e-01 
 2.000000000000000e+01  1.030365926198690e+00  3.565988089181937e-06 -1.889472075664359e-05  7.020708126017804e-01  5.371780948286094e-02  2.567834218218172e+00  2.046646312949346e+00  7.348537844959495e-01  7.020917338339704e-01  1.404183374149107e+00  7.020916870689391e-01 
 2.500000000000000e+01  1.030148568961735e+00  3.626766841794527e-06 -1.921077901047914e-05  6.959876878186770e-01  5.467889548788273e-02  2.567668013330358e+00  2.037169703566774e+00  7.299191866825130e-01  6.960096776406308e-01  1.392019261189235e+00  6.960096305863765e-01 
 3.000000000000000e+01  1.029919623524085e+00  3.687474082625689e-06 -1.952664552783731e-05  6.898837481025019e-01  5.564152401513155e-02  2.567532864528425e+00  2.027709564171977e+00  7.249941872465825e-01  6.899068254130775e-01  1.379813556185995e+00  6.899067780799019e-01 
 3.500000000000000e+01  1.029679222573586e+00  3.748106700590209e-06 -1.984230663503394e-05  6.837590963342817e-01  5.660569801438402e-02  2.567428757289399e+00  2.018265832600078e+00  7.200786691467427e-01  6.837832791260802e-01  1.367566463086268e+00  6.837832315211294e-01 
 4.000000000000000e+01  1.029427495351405e+00  3.808661614381704e-06 -2.015774878358443e-05  6.776138309892117e-01  5.757142049334328e-02  2.567355685906024e+00  2.008838454242629e+00  7.151725404312788e-01  6.776391363410280e-01  1.355278177009978e+00  6.776390884667254e-01 
 4.500000000000000e+01  1.029164568278356e+00  3.869135776901847e-06 -2.047295857115182e-05  6.714480463735808e-01  5.853869452850170e-02  2.567313652741620e+00  1.999427381008918e+00  7.102757328298943e-01  6.714744904548254e-01  1.342948884736773e+00  6.714744423004602e-01 
 5.000000000000000e+01  1.028890565702264e+00  3.929526181404284e-06 -2.078792276547533e-05  6.652618328611792e-01  5.950752328546126e-02  2.567302667444672e+00  1.990032569551702e+00  7.053882005525965e-01  6.652894309414308e-01  1.330578765196957e+00  6.652893824769291e-01 
 5.500000000000000e+01  1.028605611623090e+00  3.989829877147543e-06 -2.110262838221069e-05  6.590552771917862e-01  6.047791008957863e-02  2.567322745741074e+00  1.980653978507370e+00  7.005099196311569e-01  6.590840436522393e-01  1.318167990058230e+00  6.590839948114320e-01 
 6.000000000000000e+01  1.028309831812843e+00  4.050043989210214e-06 -2.141706277754231e-05  6.528284627641926e-01  6.144985850059632e-02  2.567373908067491e+00  1.971291564275126e+00  6.956408875014816e-01  6.528584111300774e-01  1.305716724341168e+00  6.528583617817981e-01 
 6.500000000000000e+01  1.028003357406106e+00  4.110165753129619e-06 -2.173121381740778e-05  6.465814700246524e-01  6.242337245941529e-02  2.567456177522140e+00  1.961945274747997e+00  6.907811233899607e-01  6.466126130119206e-01  1.293225127211204e+00  6.466125629153645e-01 
 7.000000000000000e+01  1.027686330608419e+00  4.170192570510843e-06 -2.204507014699688e-05  6.403143769738407e-01  6.339845652144421e-02  2.567569576812678e+00  1.952615038971763e+00  6.859306697037486e-01  6.403467265697295e-01  1.280693353023561e+00  6.403466752958051e-01 
 7.500000000000000e+01  1.027358913422534e+00  4.230122094754031e-06 -2.235862161256393e-05  6.340272598509503e-01  6.437511621578763e-02  2.567714123765104e+00  1.943300751118600e+00  6.810895948681663e-01  6.340608274426727e-01  1.268121552744369e+00  6.340607742487461e-01 
 8.000000000000000e+01  1.027021301494339e+00  4.289952367508043e-06 -2.267185992982714e-05  6.277201941246782e-01  6.535335861774513e-02  2.567889824355590e+00  1.934002245353678e+00  6.762579985006232e-01  6.277549907119864e-01  1.255509876017647e+00  6.277549343369252e-01 
 8.500000000000000e+01  1.026673745580506e+00  4.349682030547160e-06 -2.298477972812070e-05  6.213932559544929e-01  6.633319324459945e-02  2.568096662033297e+00  1.924719256630376e+00  6.714360200689224e-01  6.214292924838255e-01  1.242858474205089e+00  6.214292308175938e-01 
 9.000000000000000e+01  1.026316583867243e+00  4.409310644756288e-06 -2.329738011881080e-05  6.150465243083820e-01  6.731463339984406e-02  2.568334581737331e+00  1.915451361317143e+00  6.666238523769294e-01  6.150838121980367e-01  1.230167504823293e+00  6.150837417675122e-01 
 9.500000000000000e+01  1.025950291452958e+00  4.468839178347375e-06 -2.360966710341835e-05  6.086800841421633e-01  6.829769823912174e-02  2.568603465489915e+00  1.906197886152266e+00  6.618217627100994e-01  6.087186360959443e-01  1.217437138182620e+00  6.087185512581565e-01 
 1.000000000000000e+02  1.025575553329097e+00  4.528270726127315e-06 -2.392165712368562e-05  6.022940310012916e-01  6.928241580271090e-02  2.568903096394906e+00  1.896957772985316e+00  6.570301242849632e-01  6.023338622665474e-01  1.204667567047028e+00  6.023337539679380e-01 
 1.050000000000000e+02  1.025193371047712e+00  4.587611559305816e-06 -2.423338225223862e-05  5.958884776884722e-01  7.026882744749352e-02  2.569233105992723e+00  1.887729379180666e+00  6.522494623686692e-01  5.959296079576663e-01  1.191859020609698e+00  5.959294618485650e-01 
 1.100000000000000e+02  1.024805216049328e+00  4.646872632458354e-06 -2.454489766905796e-05  5.894635637439792e-01  7.125699418438927e-02  2.569592898457468e+00  1.878510187687571e+00  6.474805204950843e-01  5.895060200136290e-01  1.179011784418321e+00  5.895058136130141e-01 
 1.150000000000000e+02  1.024413243497328e+00  4.706071681331625e-06 -2.485629211439389e-05  5.830194685130746e-01  7.224700544432722e-02  2.569981544682800e+00  1.869296393921873e+00  6.427243521296447e-01  5.830632893374795e-01  1.166126227921054e+00  5.830629878198347e-01 
 1.200000000000000e+02  1.024020587874126e+00  4.765236117781007e-06 -2.516770239682485e-05  5.765564290271503e-01  7.323899110089632e-02  2.570397635577709e+00  1.860082323167275e+00  6.379824462680964e-01  5.766016707640121e-01  1.153202842220957e+00  5.766012207600326e-01 
 1.250000000000000e+02  1.023631765665383e+00  4.824406966800422e-06 -2.547933322883844e-05  5.700747640628550e-01  7.423313767619709e-02  2.570839081796985e+00  1.850859618441882e+00  6.332568967656965e-01  5.701215099694757e-01  1.140242291082306e+00  5.701208305515741e-01 
