 temp-sweep             v(vref)                i(vload)               i(vdd)                 v(vbe)                 v(dvbe)                v(pbias)               v(pcasc)               v(xbgr.c2)             v(xbgr.vbe3)           v(xbgr.vd1)            v(xbgr.vd2)           
-4.000000000000000e+01  1.037407180886556e+00  3.669356708185012e-06 -1.989873147637809e-05  7.786814636164178e-01  4.232294475852202e-02  1.992750737265063e+00  1.581961892122250e+00  8.335591982026107e-01  7.786911531551794e-01  1.557382147067102e+00  7.786910735314866e-01 
-3.500000000000000e+01  1.037461901675022e+00  3.748919238695598e-06 -2.031367400033316e-05  7.729761770665595e-01  4.326619524749178e-02  1.991474259333560e+00  1.571541595436289e+00  8.284593969727458e-01  7.729866295309712e-01  1.545973097683096e+00  7.729865488394233e-01 
-3.000000000000000e+01  1.037503279318428e+00  3.828441512833907e-06 -2.072864569143830e-05  7.672485979808054e-01  4.421096144381426e-02  1.990223771128407e+00  1.561133158670434e+00  8.233713202869127e-01  7.672598417394412e-01  1.534519519961493e+00  7.672597599786358e-01 
-2.500000000000000e+01  1.037531519529671e+00  3.907919181238002e-06 -2.114362809255492e-05  7.614989073586542e-01  4.515724616398523e-02  1.988999151580071e+00  1.550736420929239e+00  8.182944042353859e-01  7.615109701598272e-01  1.523021774662997e+00  7.615108873293347e-01 
-2.000000000000000e+01  1.037546817266843e+00  3.987347889901620e-06 -2.155860270362676e-05  7.557272769224750e-01  4.610505191042081e-02  1.987800299756568e+00  1.540351243695389e+00  8.132281354441571e-01  7.557401858573047e-01  1.511480203922302e+00  7.557401019590192e-01 
-1.500000000000000e+01  1.037549359937243e+00  4.066723311586988e-06 -2.197355113972857e-05  7.499338701599318e-01  4.705438121260084e-02  1.986627132109489e+00  1.529977504790251e+00  8.081720495719291e-01  7.499476516226977e-01  1.499895133322163e+00  7.499475666589389e-01 
-1.000000000000000e+01  1.037539327973708e+00  4.146041147158377e-06 -2.238845513661778e-05  7.441188428547241e-01  4.800523665757785e-02  1.985479581058152e+00  1.519615096828832e+00  8.031257284628175e-01  7.441335225104749e-01  1.488266872975755e+00  7.441334364857517e-01 
-5.000000000000000e+00  1.037516895228165e+00  4.225297125704419e-06 -2.280329654878099e-05  7.382823435335274e-01  4.895762088789743e-02  1.984357593749753e+00  1.509263926001171e+00  7.980887973003941e-01  7.382979462869083e-01  1.476595718417312e+00  7.382978592064912e-01 
 0.000000000000000e+00  1.037482229475826e+00  4.304487006197554e-06 -2.321805735987845e-05  7.324245138840521e-01  4.991153660237431e-02  1.983261130860564e+00  1.498923910950239e+00  7.930609220077026e-01  7.324410638542060e-01  1.464881951455861e+00  7.324409757257011e-01 
 5.000000000000000e+00  1.037435492565403e+00  4.383606575349955e-06 -2.363271966613040e-05  7.265454891191951e-01  5.086698654174407e-02  1.982190165659917e+00  1.488594982070156e+00  7.880418065850063e-01  7.265630096200204e-01  1.453125840908636e+00  7.265629204519201e-01 
 1.000000000000000e+01  1.037376840841625e+00  4.462651649078501e-06 -2.404726568542236e-05  7.206453983450621e-01  5.182397349492464e-02  1.981144683014570e+00  1.478277080443923e+00  7.830311907431103e-01  7.206639118607027e-01  1.441327643330743e+00  7.206638216626997e-01 
 1.500000000000000e+01  1.037306425364102e+00  4.541618071817789e-06 -2.446167774743840e-05  7.147243648746653e-01  5.278250028642066e-02  1.980124678563449e+00  1.467970157255008e+00  7.780288475873508e-01  7.147438930477892e-01  1.429487603668917e+00  7.147438018312092e-01 
 2.000000000000000e+01  1.037224392331387e+00  4.620501718559364e-06 -2.487593830383257e-05  7.087825065485513e-01  5.374256978349332e-02  1.979130157855286e+00  1.457674172848945e+00  7.730345815095293e-01  7.088030701654573e-01  1.417605955893054e+00  7.088029779421384e-01 
 2.500000000000000e+01  1.037130883395002e+00  4.699298496090723e-06 -2.529002993081434e-05  7.028199360227195e-01  5.470418489561775e-02  1.978161135591638e+00  1.447389095989640e+00  7.680482261809857e-01  7.028415550025089e-01  1.405682923583603e+00  7.028414617854125e-01 
 3.000000000000000e+01  1.037026036042898e+00  4.778004344990311e-06 -2.570393533390400e-05  6.968367610426485e-01  5.566734857763610e-02  1.977217634893711e+00  1.437114903115864e+00  7.630696426946069e-01  6.968594544298645e-01  1.393718720483903e+00  6.968593602318195e-01 
 3.500000000000000e+01  1.036909983925080e+00  4.856615241398716e-06 -2.611763735497126e-05  6.908330846974495e-01  5.663206383174537e-02  1.976299686637493e+00  1.426851577594975e+00  7.580987177907201e-01  6.908568706573429e-01  1.381713551012978e+00  6.908567754894438e-01 
 4.000000000000000e+01  1.036782857595860e+00  4.935127204169364e-06 -2.653111900290276e-05  6.848090056874129e-01  5.759833372876211e-02  1.975407328619579e+00  1.416599108462808e+00  7.531353624137760e-01  6.848339015060182e-01  1.369667610811813e+00  6.848338053762717e-01 
 4.500000000000000e+01  1.036644785275965e+00  5.013536302588982e-06 -2.694436348577964e-05  6.787646185804466e-01  5.856616143283412e-02  1.974540604747041e+00  1.406357489295589e+00  7.481795103927623e-01  6.787906406668345e-01  1.357581087255904e+00  6.787905435754417e-01 
 5.000000000000000e+01  1.036495893798975e+00  5.091838666530207e-06 -2.735735425982031e-05  6.727000140636863e-01  5.953555023163026e-02  1.973699564156250e+00  1.396126716363523e+00  7.432311172813812e-01  6.727271779584805e-01  1.345454159968220e+00  6.727270798901474e-01 
 5.500000000000000e+01  1.036336310461957e+00  5.170030508491559e-06 -2.777007512811959e-05  6.666152792446206e-01  6.050650360876497e-02  1.972884259899949e+00  1.385906785853624e+00  7.382901597724001e-01  6.666435996382025e-01  1.333287001439748e+00  6.666435005515634e-01 
 6.000000000000000e+01  1.036166165292937e+00  5.248108151150770e-06 -2.818251037391771e-05  6.605104979703396e-01  6.147902533641850e-02  1.972094747420607e+00  1.375697690076204e+00  7.333566353505248e-01  6.605399887288426e-01  1.321079777667377e+00  6.605398885331845e-01 
 6.500000000000000e+01  1.035985594965251e+00  5.326068076163084e-06 -2.859464499142648e-05  6.543857512369420e-01  6.245311963613309e-02  1.971331082186060e+00  1.365499411124488e+00  7.284305628401708e-01  6.544164254504483e-01  1.308832649009175e+00  6.544163239710674e-01 
 7.000000000000000e+01  1.035794748322690e+00  5.403906993733918e-06 -2.900646501900010e-05  6.482411176988935e-01  6.342879141370031e-02  1.970593316477255e+00  1.355311911573255e+00  7.235119837317255e-01  6.482729877526736e-01  1.296545771222118e+00  6.482728846711496e-01 
 7.500000000000000e+01  1.035593795275298e+00  5.481621955509322e-06 -2.941795808576625e-05  6.420766743804571e-01  6.440604663751444e-02  1.969881494396439e+00  1.345135119637661e+00  7.186009651508579e-01  6.421097520718618e-01  1.284219296937729e+00  6.421096468276147e-01 
 8.000000000000000e+01  1.035382939779972e+00  5.559210519944730e-06 -2.982911421002101e-05  6.358924976396436e-01  6.538489289294351e-02  1.969195644689806e+00  1.334968906884175e+00  7.136976047092193e-01  6.359267943580391e-01  1.271853377656712e+00  6.359266859902103e-01 
 8.500000000000000e+01  1.035162439474504e+00  5.636671002768172e-06 -3.023992701781717e-05  6.296886645413086e-01  6.636534021855989e-02  1.968535769999698e+00  1.324813054117741e+00  7.088020384027550e-01  6.297241915504792e-01  1.259448166604981e+00  6.297240784447200e-01 
 9.000000000000000e+01  1.034932634730392e+00  5.714002847494708e-06 -3.065039554924006e-05  6.234652548147057e-01  6.734740234319574e-02  1.967901831052949e+00  1.314667199893425e+00  7.039144526945740e-01  6.235020236886826e-01  1.247003822807322e+00  6.235019031769101e-01 
 9.500000000000000e+01  1.034693989972737e+00  5.791207152566719e-06 -3.106052684492727e-05  6.172223535564659e-01  6.833109843049341e-02  1.967293724186871e+00  1.304530765395526e+00  6.990351019373184e-01  6.172603768439325e-01  1.234520516728786e+00  6.172602445815465e-01 
 1.000000000000000e+02  1.034447152176023e+00  5.868287416452433e-06 -3.147033962836016e-05  6.109600549595742e-01  6.931645552272882e-02  1.966711249559851e+00  1.294402844893010e+00  6.941643330623604e-01  6.109993471980991e-01  1.221998438093651e+00  6.109991962044768e-01 
 1.050000000000000e+02  1.034193030784524e+00  5.945250554691101e-06 -3.187986937599011e-05  6.046784672914634e-01  7.030351183235140e-02  1.966154067675485e+00  1.284282050073617e+00  6.893026189921889e-01  6.047190465355372e-01  1.209437806373928e+00  6.047188657377697e-01 
 1.100000000000000e+02  1.033932905996144e+00  6.022108275682153e-06 -3.228917525274476e-05  5.983777194892650e-01  7.129232113088961e-02  1.965621640398433e+00  1.274166290629393e+00  6.844506032354560e-01  5.984196095879932e-01  1.196838884737995e+00  5.984193816276218e-01 
 1.150000000000000e+02  1.033668574360299e+00  6.098878928477777e-06 -3.269834951511216e-05  5.920579698342282e-01  7.228295854819025e-02  1.965113151511478e+00  1.264052467065182e+00  6.796091588097535e-01  5.921012037962196e-01  1.184201998512060e+00  5.921009017726855e-01 
 1.200000000000000e+02  1.033402551328599e+00  6.175590070177684e-06 -3.310753064326777e-05  5.857194178710942e-01  7.327552856836711e-02  1.964627396070320e+00  1.253936035903383e+00  6.747794695689326e-01  5.857640428008748e-01  1.171527560621092e+00  5.857636254794155e-01 
 1.250000000000000e+02  1.033138361832495e+00  6.252282146320597e-06 -3.351692211763726e-05  5.793623215116041e-01  7.427017653619614e-02  1.964162621464023e+00  1.243810388106778e+00  6.699631472340357e-01  5.794084057600759e-01  1.158816108044854e+00  5.794078106010490e-01 
