 temp-sweep             v(vref)                i(vload)               i(vdd)                 v(vbe)                 v(dvbe)                v(pbias)               v(pcasc)               v(xbgr.c2)             v(xbgr.vbe3)           v(xbgr.vd1)            v(xbgr.vd2)           
-4.000000000000000e+01  1.032073804537166e+00  2.832821158157872e-06 -1.509536241453867e-05  7.734043413863153e-01  4.231283565919706e-02  2.685164112493252e+00  2.274494086551853e+00  8.830553668699215e-01  7.734142102501874e-01  1.546828340627512e+00  7.734141703110676e-01 
-3.500000000000000e+01  1.032008901363727e+00  2.894219269905282e-06 -1.541268392213979e-05  7.675811043926293e-01  4.325581527252704e-02  2.684702819786850e+00  2.264892156604692e+00  8.778343052968469e-01  7.675917488327315e-01  1.535183417033858e+00  7.675917085141170e-01 
-3.000000000000000e+01  1.031930410842797e+00  2.955584972278707e-06 -1.572998583836334e-05  7.617353670120151e-01  4.420030520766497e-02  2.684274292649579e+00  2.255308915086416e+00  8.726265438052480e-01  7.617468156104561e-01  1.523493549843776e+00  7.617467749190930e-01 
-2.500000000000000e+01  1.031838536068986e+00  3.016914886286751e-06 -1.604725326140219e-05  7.558673095358424e-01  4.514630788044723e-02  2.683878327756829e+00  2.245744122044997e+00  8.674314814167210e-01  7.558795902301034e-01  1.511759098350823e+00  7.558795491726968e-01 
-2.000000000000000e+01  1.031733471615307e+00  3.078205649181806e-06 -1.636447137128726e-05  7.499771034370586e-01  4.609382569990750e-02  2.683514743664226e+00  2.236197558704615e+00  8.622485696135478e-01  7.499902434730935e-01  1.499980404119410e+00  7.499902020569945e-01 
-1.500000000000000e+01  1.031615404916241e+00  3.139453922637201e-06 -1.668162546756875e-05  7.440649120397063e-01  4.704286115972747e-02  2.683183378834305e+00  2.226669024582181e+00  8.570773098318868e-01  7.440789379420121e-01  1.488157792354759e+00  7.440788961746556e-01 
-1.000000000000000e+01  1.031484516675823e+00  3.200656392734284e-06 -1.699870097064343e-05  7.381308909900642e-01  4.799341682810991e-02  2.682884090179078e+00  2.217158336386396e+00  8.519172505250010e-01  7.381458285238641e-01  1.476291572833653e+00  7.381457864140550e-01 
-5.000000000000000e+00  1.031340981073187e+00  3.261809768043657e-06 -1.731568340985956e-05  7.321751886809249e-01  4.894549533005199e-02  2.682616751820351e+00  2.207665326763087e+00  8.467679842794789e-01  7.321910628250081e-01  1.464382040770759e+00  7.321910203825723e-01 
 0.000000000000000e+00  1.031184966334515e+00  3.322910781793672e-06 -1.763255843280180e-05  7.261979466771484e-01  4.989909935395576e-02  2.682381253784708e+00  2.198189843160665e+00  8.416291452761774e-01  7.262147815999513e-01  1.452429477674739e+00  7.262147388344732e-01 
 5.000000000000000e+00  1.031016634807754e+00  3.383956189218791e-06 -1.794931179181195e-05  7.201993000726581e-01  5.085423163166018e-02  2.682177501016188e+00  2.188731747085059e+00  8.365004066713629e-01  7.202171191143936e-01  1.440434152079479e+00  7.202170760366334e-01 
 1.000000000000000e+01  1.030836143764708e+00  3.444942772707710e-06 -1.826592936785449e-05  7.141793778847626e-01  5.181089496313293e-02  2.682005412139743e+00  2.179290912691263e+00  8.313814784463928e-01  7.141982035375491e-01  1.428396320323775e+00  7.141981601584588e-01 
 1.500000000000000e+01  1.030643645524067e+00  3.505867340175173e-06 -1.858239716012799e-05  7.081383033626193e-01  5.276909219986908e-02  2.681864918618435e+00  2.169867226045645e+00  8.262721050934929e-01  7.081581572596546e-01  1.416316227188872e+00  7.081581135901703e-01 
 2.000000000000000e+01  1.030439288095453e+00  3.566726728901435e-06 -1.889870130274285e-05  7.020761943183575e-01  5.372882625938202e-02  2.681755963740532e+00  2.160460584061718e+00  8.211720636700697e-01  7.020970972267788e-01  1.404194106569706e+00  7.020970532792030e-01 
 2.500000000000000e+01  1.030223215929694e+00  3.627517810718766e-06 -1.921482808881443e-05  6.959931634474510e-01  5.469010014650308e-02  2.681678501610453e+00  2.151070893335826e+00  8.160811620492905e-01  6.960151352641727e-01  1.392030182113173e+00  6.960150910484152e-01 
 3.000000000000000e+01  1.029995570618617e+00  3.688237497015282e-06 -1.953076399052096e-05  6.898893186238109e-01  5.565291697104564e-02  2.681632496227930e+00  2.141698068978835e+00  8.109992373002424e-01  6.899123783758432e-01  1.379824667831130e+00  6.899123339025531e-01 
 3.500000000000000e+01  1.029756492480871e+00  3.748882752240817e-06 -1.984649572224126e-05  6.837647632454384e-01  5.661728001109612e-02  2.681617920214089e+00  2.132342032591143e+00  8.059261545821040e-01  6.837889290945226e-01  1.367577768783613e+00  6.837888843698025e-01 
 4.000000000000000e+01  1.029506122276680e+00  3.809450609396995e-06 -2.016201030846380e-05  6.776195965602453e-01  5.758319277403729e-02  2.681634753509066e+00  2.123002710292593e+00  8.008618063137349e-01  6.776448858240623e-01  1.355289681774918e+00  6.776448408491587e-01 
 4.500000000000000e+01  1.029244604037950e+00  3.869938196486740e-06 -2.047729520343535e-05  6.714539140829920e-01  5.855065912952077e-02  2.681682981604664e+00  2.113680029178393e+00  7.958061119496223e-01  6.714803432489250e-01  1.342960596160932e+00  6.714802980125608e-01 
 5.000000000000000e+01  1.028972090027692e+00  3.930342784296822e-06 -2.079233850875811e-05  6.652678081228438e-01  5.951968352611436e-02  2.681762592823116e+00  2.104373911922159e+00  7.907590190489846e-01  6.652953928841028e-01  1.330590694953808e+00  6.652953473553394e-01 
 5.500000000000000e+01  1.028688747117894e+00  3.990661848151379e-06 -2.110712924935816e-05  6.590613684109485e-01  6.049027128458804e-02  2.681873574969833e+00  2.095084269551708e+00  7.857205051419149e-01  6.590901237171400e-01  1.318180156091324e+00  6.590900778280195e-01 
 6.000000000000000e+01  1.028394767646360e+00  4.050893174599430e-06 -2.142165785909994e-05  6.528346830361107e-01  6.146242910670870e-02  2.682015909913975e+00  2.085810989092101e+00  7.806905820203247e-01  6.528646231585430e-01  1.305729154332549e+00  6.528645767776340e-01 
 6.500000000000000e+01  1.028090384001853e+00  4.111035004262430e-06 -2.173591682386477e-05  6.465878396190322e-01  6.243616575334053e-02  2.682189566463069e+00  2.076553916959012e+00  7.756693020214329e-01  6.466189782526710e-01  1.293237863655773e+00  6.466189311377992e-01 
 7.000000000000000e+01  1.027775888786188e+00  4.171086230088145e-06 -2.204990158633622e-05  6.403209268645560e-01  6.341149298445474e-02  2.682394490634779e+00  2.067312835011921e+00  7.706567671985927e-01  6.403532772725888e-01  1.280706460418504e+00  6.403532289934707e-01 
 7.500000000000000e+01  1.027451658069547e+00  4.231046625432824e-06 -2.236361159886963e-05  6.340340362948653e-01  6.438842662774041e-02  2.682630594452019e+00  2.058087431107085e+00  7.656531399542459e-01  6.340676115173036e-01  1.268135126907070e+00  6.340675613306317e-01 
 8.000000000000000e+01  1.027118171423978e+00  4.290917038122523e-06 -2.267705126206000e-05  6.277272636731994e-01  6.536698744431485e-02  2.682897746245113e+00  2.048877268211376e+00  7.606586515233682e-01  6.277620768394837e-01  1.255524054306048e+00  6.277620234818707e-01 
 8.500000000000000e+01  1.026776020242627e+00  4.350699468166599e-06 -2.299023040949180e-05  6.214007094800860e-01  6.634720135843958e-02  2.683195766364162e+00  2.039681758089158e+00  7.556736036163216e-01  6.214367742657863e-01  1.242873443822089e+00  6.214367156275276e-01 
 9.000000000000000e+01  1.026425897057541e+00  4.410396955582764e-06 -2.330316404200983e-05  6.150544778536409e-01  6.732909865563264e-02  2.683524431829046e+00  2.030500143426993e+00  7.506983590033152e-01  6.150918091607539e-01  1.230183504818177e+00  6.150917417676296e-01 
 9.500000000000000e+01  1.026068578993367e+00  4.470013412004461e-06 -2.361587192341543e-05  6.086886748884306e-01  6.831271274997745e-02  2.683883483826945e+00  2.021331470410562e+00  7.457333277299489e-01  6.087272898606434e-01  1.217454451797100e+00  6.087272080699713e-01 
 1.000000000000000e+02  1.025704937145734e+00  4.529553711353119e-06 -2.392837944878358e-05  6.023034085486970e-01  6.929808004856727e-02  2.684272623256600e+00  2.012174516026303e+00  7.407789653999162e-01  6.023433280634720e-01  1.204686504740254e+00  6.023432228227874e-01 
 1.050000000000000e+02  1.025336008118326e+00  4.589024397901552e-06 -2.424072140278564e-05  5.958987926927196e-01  7.028524259862216e-02  2.684691477254012e+00  2.003027624734051e+00  7.358358020142786e-01  5.959400435630937e-01  1.191879897936907e+00  5.959399005270357e-01 
 1.100000000000000e+02  1.024963144812325e+00  4.648435176006708e-06 -2.455294941224638e-05  5.894749563120665e-01  7.127425426446059e-02  2.685139528489794e+00  1.993888425121806e+00  7.309045089648497e-01  5.895175744948971e-01  1.179034899519415e+00  5.895173711898496e-01 
 1.150000000000000e+02  1.024588250444081e+00  4.707801216444679e-06 -2.486514336142299e-05  5.830320579892103e-01  7.226519043689135e-02  2.685616005075024e+00  1.984753403502134e+00  7.259860044234294e-01  5.830760932605474e-01  1.166151841940360e+00  5.830757948755955e-01 
 1.200000000000000e+02  1.024214104636495e+00  4.767146360258430e-06 -2.517742730840165e-05  5.765703059204965e-01  7.325816150955858e-02  2.686119726624661e+00  1.975617299854946e+00  7.210815990775964e-01  5.766158286199911e-01  1.153231164164124e+00  5.766153818115365e-01 
 1.250000000000000e+02  1.023844806974049e+00  4.826507465449258e-06 -2.548999117402099e-05  5.700899848574768e-01  7.425333103942437e-02  2.686648894201823e+00  1.966472266906940e+00  7.161931923413292e-01  5.701370955697586e-01  1.140273468609728e+00  5.701364194517532e-01 
