 temp-sweep             v(vref)                i(vload)               i(vdd)                 v(vbe)                 v(dvbe)                v(pbias)               v(pcasc)               v(xbgr.c2)             v(xbgr.vbe3)           v(xbgr.vd1)            v(xbgr.vd2)           
-4.000000000000000e+01  1.032042150511796e+00  2.832499854013462e-06 -1.501613293338870e-05  7.734020182562686e-01  4.230812709351538e-02  2.328990596136606e+00  1.918367117945514e+00  8.358143653165058e-01  7.734118975878200e-01  1.546823696281334e+00  7.734118481379419e-01 
-3.500000000000000e+01  1.031976577881610e+00  2.893891360020192e-06 -1.533255881574268e-05  7.675787323200829e-01  4.325100627001683e-02  2.328489446259212e+00  1.908726308981862e+00  8.306726255649177e-01  7.675893871429583e-01  1.535178674320908e+00  7.675893371576453e-01 
-3.000000000000000e+01  1.031897417379287e+00  2.955250465659770e-06 -1.564895328015732e-05  7.617329459598250e-01  4.419539576904924e-02  2.328020782820635e+00  1.899103909279310e+00  8.255441884462590e-01  7.617444048482377e-01  1.523488708674869e+00  7.617443543347107e-01 
-2.500000000000000e+01  1.031804871815277e+00  3.016573789463032e-06 -1.596530124211031e-05  7.558648394506640e-01  4.514129800110098e-02  2.327584408878140e+00  1.889499685343889e+00  8.204284708471096e-01  7.558771303305228e-01  1.511754158594373e+00  7.558770792943988e-01 
-2.000000000000000e+01  1.031699135713357e+00  3.077857968569980e-06 -1.628158770992248e-05  7.499745842599685e-01  4.608871537751617e-02  2.327180149182171e+00  1.879913424645849e+00  8.153249420779773e-01  7.499877343675875e-01  1.499975365641226e+00  7.499876828179548e-01 
-1.500000000000000e+01  1.031580396368304e+00  3.139099663655040e-06 -1.659779780879764e-05  7.440623437067804e-01  4.703765039493463e-02  2.326807848342090e+00  1.870344932843584e+00  8.102331211488690e-01  7.440763795515488e-01  1.488152654998545e+00  7.440763274965552e-01 
-1.000000000000000e+01  1.031448834482593e+00  3.200295561095505e-06 -1.691391678999717e-05  7.381282734401207e-01  4.798810563007728e-02  2.326467369255721e+00  1.860794032445477e+00  8.051525739438391e-01  7.381432207696164e-01  1.476286336442035e+00  7.381431682182167e-01 
-5.000000000000000e+00  1.031304623786991e+00  3.261442365351199e-06 -1.722992999124713e-05  7.321725218188289e-01  4.894008369232997e-02  2.326158592124637e+00  1.851260562467168e+00  8.000829100527331e-01  7.321884055957288e-01  1.464376705122989e+00  7.321883525587422e-01 
 0.000000000000000e+00  1.031147932338842e+00  3.322536808340570e-06 -1.754582288402192e-05  7.261952304026235e-01  4.989358727398838e-02  2.325881412809681e+00  1.841744376057453e+00  7.950237805837397e-01  7.262120747721001e-01  1.452424042526409e+00  7.262120212603413e-01 
 5.000000000000000e+00  1.030978921882570e+00  3.383575639611883e-06 -1.786158102127241e-05  7.201965342477207e-01  5.084861908954278e-02  2.325635742170727e+00  1.832245340958791e+00  7.899748751487172e-01  7.202143625203691e-01  1.440428617097520e+00  7.202143085457610e-01 
 1.000000000000000e+01  1.030797748964980e+00  3.444555634625593e-06 -1.817719007767940e-05  7.141765623284322e-01  5.180518191840323e-02  2.325421504677027e+00  1.822763337257408e+00  7.849359199000762e-01  7.141953969567036e-01  1.428390685071342e+00  7.141953425321442e-01 
 1.500000000000000e+01  1.030604564774371e+00  3.505473590293543e-06 -1.849263582576770e-05  7.081354378197805e-01  5.276327857087967e-02  2.325238637691921e+00  1.813298257374977e+00  7.799066750378733e-01  7.081553003893727e-01  1.416310491063884e+00  7.081552455277411e-01 
 2.000000000000000e+01  1.030399515829489e+00  3.566326329377230e-06 -1.880790415633658e-05  7.020732784468893e-01  5.372291191533698e-02  2.325087090425553e+00  1.803850004690111e+00  7.748869328943152e-01  7.020941896554462e-01  1.404188268752645e+00  7.020941343706760e-01 
 2.500000000000000e+01  1.030182743892117e+00  3.627110697138614e-06 -1.912298105862133e-05  6.959901967280000e-01  5.468408484703201e-02  2.324966823323930e+00  1.794418493178442e+00  7.698765157398836e-01  6.960121763835625e-01  1.392024241393824e+00  6.960121206887016e-01 
 3.000000000000000e+01  1.029954386742177e+00  3.687823567135584e-06 -1.943785264759314e-05  6.898863002899744e-01  5.564680031956416e-02  2.324877807098913e+00  1.785003646290144e+00  7.648752741741909e-01  6.899093672990944e-01  1.379818622438119e+00  6.899093112059685e-01 
 3.500000000000000e+01  1.029714578789121e+00  3.748461845205382e-06 -1.975250518075287e-05  6.837616921373852e-01  5.661106135640293e-02  2.324820021895142e+00  1.775605395582981e+00  7.598830855314537e-01  6.837858645033952e-01  1.367571616086963e+00  6.837858080215100e-01 
 4.000000000000000e+01  1.029463451341817e+00  3.809022470288803e-06 -2.006692505943555e-05  6.776164708853935e-01  5.757687104944226e-02  2.324793456664925e+00  1.766223680331257e+00  7.548998522292032e-01  6.776417657087477e-01  1.355283417759377e+00  6.776417088414337e-01 
 4.500000000000000e+01  1.029201134074090e+00  3.869502427593643e-06 -2.038109888897603e-05  6.714507310644844e-01  5.854423261602369e-02  2.324798108018346e+00  1.756858445138283e+00  7.499255008522375e-01  6.714771645495234e-01  1.342954214714569e+00  6.714771072893668e-01 
 5.000000000000000e+01  1.028927756543783e+00  3.929898761824644e-06 -2.069501354217848e-05  6.652645634137165e-01  5.951314945707682e-02  2.324833979093367e+00  1.747509637764854e+00  7.449599813309994e-01  6.652921508810199e-01  1.330584186643279e+00  6.652920932001687e-01 
 5.500000000000000e+01  1.028643450184564e+00  3.990208595988377e-06 -2.100865624196693e-05  6.590580551946510e-01  6.048362523855283e-02  2.324901078225937e+00  1.738177205885114e+00  7.400032664620894e-01  6.590868110981902e-01  1.318173506300122e+00  6.590867529323682e-01 
 6.000000000000000e+01  1.028348352184666e+00  4.050429168368653e-06 -2.132201473826939e-05  6.528312906084783e-01  6.145566404979719e-02  2.324999416778047e+00  1.728861091611478e+00  7.350553524379904e-01  6.528612285783160e-01  1.305722340376772e+00  6.528611697996605e-01 
 6.500000000000000e+01  1.028042611230124e+00  4.110557888523775e-06 -2.163507757035864e-05  6.465843513490834e-01  6.242927066184094e-02  2.325129006088030e+00  1.719561222663236e+00  7.301162603823200e-01  6.466154842426971e-01  1.293230850606098e+00  6.466154246129191e-01 
 7.000000000000000e+01  1.027726396047627e+00  4.170592420850720e-06 -2.194783446093647e-05  6.403173172977157e-01  6.340445088716225e-02  2.325289853133325e+00  1.710277499836608e+00  7.251860392794779e-01  6.403496573031211e-01  1.280699195224573e+00  6.403495963963998e-01 
 7.500000000000000e+01  1.027399909214036e+00  4.230530820570799e-06 -2.226027696134065e-05  6.340302675943005e-01  6.438121220143017e-02  2.325481953690316e+00  1.701009776001793e+00  7.202647715099941e-01  6.340638263670864e-01  1.268127531135002e+00  6.340637634443036e-01 
 8.000000000000000e+01  1.027063407286745e+00  4.290371731884588e-06 -2.257239938966638e-05  6.277232820715164e-01  6.535956461543768e-02  2.325705282500937e+00  1.691757825112218e+00  7.153525814096665e-01  6.277580709716591e-01  1.255516016892144e+00  6.277580047744423e-01 
 8.500000000000000e+01  1.026717230866534e+00  4.350114684382458e-06 -2.288420024771864e-05  6.213964433448438e-01  6.633952199615281e-02  2.325959778682924e+00  1.682521295114802e+00  7.104496485367460e-01  6.214324737960274e-01  1.242864817007629e+00  6.214324022194923e-01 
 9.000000000000000e+01  1.026361846580589e+00  4.409760506376032e-06 -2.319568420765567e-05  6.150498396286355e-01  6.732110388347379e-02  2.326245325426820e+00  1.673299639365970e+00  7.055562263262929e-01  6.150871236772777e-01  1.230174107790919e+00  6.150870432524506e-01 
 9.500000000000000e+01  1.025997902365666e+00  4.469311868458481e-06 -2.350686476462906e-05  6.086835683299965e-01  6.830433783802781e-02  2.326561723268503e+00  1.664092020919650e+00  7.006726664184946e-01  6.087221195018412e-01  1.217444084842129e+00  6.087220245897758e-01 
 1.000000000000000e+02  1.025626296669482e+00  4.528773962724945e-06 -2.381776762574177e-05  6.022977403671257e-01  6.928926228206461e-02  2.326908656602147e+00  1.654897181228989e+00  6.957994482758997e-01  6.023375749748170e-01  1.204674972159596e+00  6.023374565274167e-01 
 1.050000000000000e+02  1.025248260499645e+00  4.588155306337375e-06 -2.412843484658209e-05  5.958924850152090e-01  7.027592970243673e-02  2.327285653924088e+00  1.645713265674161e+00  6.909372125846410e-01  5.959336241281775e-01  1.191867032505990e+00  5.959334678023430e-01 
 1.100000000000000e+02  1.024865461476006e+00  4.647468759404311e-06 -2.443893020321832e-05  5.894679557618016e-01  7.126441053903766e-02  2.327692037384275e+00  1.636537582450240e+00  6.860868019721306e-01  5.895104281499156e-01  1.179020580118323e+00  5.895102114730452e-01 
 1.150000000000000e+02  1.024480156247638e+00  4.706733017797210e-06 -2.474934704275388e-05  5.830243388512433e-01  7.225479889638667e-02  2.328126848928146e+00  1.627366251318556e+00  6.812493211968232e-01  5.830681853460276e-01  1.166135999252027e+00  5.830678735029011e-01 
 1.200000000000000e+02  1.024095439668908e+00  4.765975054827541e-06 -2.505982084598192e-05  5.765618677356762e-01  7.324722225074111e-02  2.328588729639594e+00  1.618193669352873e+00  6.764262397503431e-01  5.766071476085473e-01  1.153213775130513e+00  5.766066872456933e-01 
 1.250000000000000e+02  1.023715644618839e+00  4.825234038301524e-06 -2.537054899778195e-05  5.700808468890972e-01  7.424185749417364e-02  2.329075725977560e+00  1.609011706880594e+00  6.716195617622708e-01  5.701276471040201e-01  1.140254544504509e+00  5.701269573163491e-01 
