 temp-sweep             v(vref)                i(vload)               i(vdd)                 v(vbe)                 v(dvbe)                v(pbias)               v(pcasc)               v(xbgr.c2)             v(xbgr.vbe3)           v(xbgr.vd1)            v(xbgr.vd2)           
-4.000000000000000e+01  1.036724606547431e+00  2.832162055077151e-06 -1.509206543761319e-05  7.781072418590026e-01  4.231969820793373e-02  2.685194016947181e+00  2.274619540482624e+00  8.908363476513438e-01  7.781251928645170e-01  1.556250304858625e+00  7.781251524266245e-01 
-3.500000000000000e+01  1.036749473789305e+00  2.893410746842545e-06 -1.540863955074640e-05  7.723868230902815e-01  4.326175482146822e-02  2.684739492134011e+00  2.265046106656740e+00  8.857764019944229e-01  7.724061873813108e-01  1.544812293095010e+00  7.724061465447147e-01 
-3.000000000000000e+01  1.036760243021744e+00  2.954620580836582e-06 -1.572516181878654e-05  7.666439761184449e-01  4.420527165204065e-02  2.684318029451793e+00  2.255492621308446e+00  8.807293970123815e-01  7.666648062981987e-01  1.533329530141555e+00  7.666647650679932e-01 
-2.500000000000000e+01  1.036757132524576e+00  3.015788345166393e-06 -1.604161817528093e-05  7.608788835373891e-01  4.515025227584888e-02  2.683929421332868e+00  2.245958818925804e+00  8.756947351269972e-01  7.609012310703819e-01  1.521802378911250e+00  7.609011894528663e-01 
-2.000000000000000e+01  1.036740351197257e+00  3.076910838172066e-06 -1.635799460548446e-05  7.550917188778952e-01  4.609670007264471e-02  2.683573482372486e+00  2.236444456438314e+00  8.706718704478454e-01  7.551156340096500e-01  1.510231184029857e+00  7.551155920121816e-01 
-1.500000000000000e+01  1.036710101414919e+00  3.137984889262641e-06 -1.667427724728900e-05  7.492826475927346e-01  4.704461853305805e-02  2.683250046766178e+00  2.226949307983511e+00  8.656603072051607e-01  7.493081792826384e-01  1.498616273829769e+00  7.493081369120986e-01 
-1.000000000000000e+01  1.036666579521951e+00  3.199007359410425e-06 -1.699045239494528e-05  7.434518275616786e-01  4.799401127337615e-02  2.682958966824375e+00  2.217473163314716e+00  8.606595968847500e-01  7.434790234181271e-01  1.486957961372172e+00  7.434789806833176e-01 
-5.000000000000000e+00  1.036609975918591e+00  3.259975137830961e-06 -1.730650648126335e-05  7.375994094961924e-01  4.894488200715934e-02  2.682700111774024e+00  2.208015827096863e+00  8.556693352565897e-01  7.376283157281163e-01  1.475256545279800e+00  7.376282726371211e-01 
 0.000000000000000e+00  1.036540475802727e+00  3.320885145948645e-06 -1.762242609443627e-05  7.317255373856703e-01  4.989723456703719e-02  2.682473366370100e+00  2.198577117454679e+00  8.506891599580587e-01  7.317561987485299e-01  1.463512310627736e+00  7.317561553109240e-01 
 5.000000000000000e+00  1.036458259109239e+00  3.381734333423035e-06 -1.793819795853346e-05  7.258303488307136e-01  5.085107287113847e-02  2.682278629959034e+00  2.189156865339731e+00  8.457187477385172e-01  7.258628085900888e-01  1.451725529639242e+00  7.258627648165795e-01 
 1.000000000000000e+01  1.036363501010782e+00  3.442519680062396e-06 -1.825380894171137e-05  7.199139754093062e-01  5.180640093032494e-02  2.682115815376290e+00  2.179754913575077e+00  8.407578121887422e-01  7.199482753063871e-01  1.439896462421074e+00  7.199482312070073e-01 
 1.500000000000000e+01  1.036256372087456e+00  3.503238194572827e-06 -1.856924604646664e-05  7.139765429887832e-01  5.276322283546928e-02  2.681984848080381e+00  2.170371116252872e+00  8.358061014111159e-01  7.140127232140784e-01  1.428025357607627e+00  7.140126787995829e-01 
 2.000000000000000e+01  1.036137039072740e+00  3.563886919699162e-06 -1.888449643466681e-05  7.080181720640730e-01  5.372154277856067e-02  2.681885665074217e+00  2.161005337411814e+00  8.308633961444397e-01  7.080562712323134e-01  1.416112453038005e+00  7.080562265132904e-01 
 2.500000000000000e+01  1.036005665309097e+00  3.624462934087011e-06 -1.919954743363497e-05  7.020389780427073e-01  5.468136505132581e-02  2.681818214041570e+00  2.151657450307993e+00  8.259295078492743e-01  7.020790331832043e-01  1.404157976358288e+00  7.020789881708922e-01 
 3.000000000000000e+01  1.035862411641654e+00  3.684963359340773e-06 -1.951438656648998e-05  6.960390715597112e-01  5.564269407759529e-02  2.681782452325812e+00  2.142327335999609e+00  8.210042771466707e-01  6.960811181055466e-01  1.392162145643832e+00  6.960810728087869e-01 
 3.500000000000000e+01  1.035707437588415e+00  3.745385369356583e-06 -1.982900159590050e-05  6.900185587818866e-01  5.660553444996017e-02  2.681778345840493e+00  2.133014881950376e+00  8.160875725389733e-01  6.900626305712246e-01  1.380125170037185e+00  6.900625849965669e-01 
 4.000000000000000e+01  1.035540903301946e+00  3.805726208121600e-06 -2.014338060263497e-05  6.839775417641876e-01  5.756989101258558e-02  2.681805867658584e+00  2.123719979632199e+00  8.111792896402162e-01  6.840236710457521e-01  1.368047250460815e+00  6.840236251920500e-01 
 4.500000000000000e+01  1.035362972129908e+00  3.865983213618071e-06 -2.045751209326550e-05  6.779161188203316e-01  5.853576896406157e-02  2.681864996355330e+00  2.114442521516700e+00  8.062793508790097e-01  6.779643362763069e-01  1.355928580403563e+00  6.779642901336583e-01 
 5.000000000000000e+01  1.035173815417584e+00  3.926153863717736e-06 -2.077138520843254e-05  6.718343850577402e-01  5.950317407980860e-02  2.681955713372504e+00  2.105182395696433e+00  8.013877063995029e-01  6.718847198316780e-01  1.343769346978481e+00  6.718846733674203e-01 
 5.500000000000000e+01  1.034973618883019e+00  3.986235838319738e-06 -2.108499000293878e-05  6.657324329956783e-01  6.047211299976375e-02  2.682077999647113e+00  2.095939478642395e+00  7.965043359627623e-01  6.657849127410218e-01  1.331569732211892e+00  6.657848658877467e-01 
 6.000000000000000e+01  1.034762592951421e+00  4.046227120210939e-06 -2.139831790204923e-05  6.596103534638287e-01  6.144259371336358e-02  2.682231830456936e+00  2.086713623574329e+00  7.916292529364360e-01  6.596650044098659e-01  1.319329914847551e+00  6.596649570341963e-01 
 6.500000000000000e+01  1.034540987520903e+00  4.106126140212578e-06 -2.171136235910432e-05  6.534682367868487e-01  6.241462624467625e-02  2.682417168188174e+00  2.077504643454696e+00  7.867625106939421e-01  6.535250838430764e-01  1.307050072786416e+00  6.535250357015219e-01 
 7.000000000000000e+01  1.034309111355833e+00  4.165931967483694e-06 -2.202411972208220e-05  6.473061742909156e-01  6.338822356235242e-02  2.682633952962730e+00  2.068312287955436e+00  7.819042113577714e-01  6.473652411873773e-01  1.294730386135339e+00  6.473651918490639e-01 
 7.500000000000000e+01  1.034067355417038e+00  4.225644538201478e-06 -2.233659028958400e-05  6.411242600352912e-01  6.436340264739668e-02  2.682882091404929e+00  2.059136213843551e+00  7.770545164630777e-01  6.411855695372126e-01  1.282371040767129e+00  6.411855182555748e-01 
 8.000000000000000e+01  1.033816213630321e+00  4.285264857433068e-06 -2.264877928509766e-05  6.349225923034522e-01  6.534018540471730e-02  2.683161446577655e+00  2.049975953429580e+00  7.722136558738290e-01  6.349861665184399e-01  1.269972231413555e+00  6.349861120268261e-01 
 8.500000000000000e+01  1.033556292091177e+00  4.344795085066319e-06 -2.296069737566842e-05  6.287012741371278e-01  6.631859893279386e-02  2.683471833291572e+00  2.040830887472500e+00  7.673819298722541e-01  6.287671349764933e-01  1.257534162915396e+00  6.287670751589053e-01 
 9.000000000000000e+01  1.033288300363300e+00  4.404238443683168e-06 -2.327236049233084e-05  6.224604124192049e-01  6.729867481777230e-02  2.683813021819580e+00  2.031700225247523e+00  7.625597008027155e-01  6.225285822811869e-01  1.245057048642769e+00  6.225285136537363e-01 
 9.500000000000000e+01  1.033013036232172e+00  4.463599062793771e-06 -2.358378948221695e-05  6.162001162701479e-01  6.828044796831248e-02  2.684184744783351e+00  2.022582976294090e+00  7.577473799718225e-01  6.162706190547930e-01  1.232541107665912e+00  6.162705359599812e-01 
 1.000000000000000e+02  1.032731394609444e+00  4.522882064658478e-06 -2.389501095403410e-05  6.099204969150400e-01  6.926395644877678e-02  2.684586692901104e+00  2.013477877765888e+00  7.529454256315807e-01  6.099933595259405e-01  1.219986565019170e+00  6.099932528878035e-01 
 1.050000000000000e+02  1.032444437196153e+00  4.582094253239400e-06 -2.420606095454088e-05  6.036216715883352e-01  7.024924404534330e-02  2.685018482363014e+00  2.004383233050191e+00  7.481543708150182e-01  6.036969261377481e-01  1.207393660272118e+00  6.036967815709592e-01 
 1.100000000000000e+02  1.032153541746502e+00  4.641245588921702e-06 -2.451699235580255e-05  5.973037726825361e-01  7.123636638077400e-02  2.685479584774921e+00  1.995296629720098e+00  7.433748895898071e-01  5.973814597034730e-01  1.194762666894733e+00  5.973812546746721e-01 
 1.150000000000000e+02  1.031860635584718e+00  4.700351488950879e-06 -2.482788625007980e-05  5.909669622231958e-01  7.222540063306171e-02  2.685969217222865e+00  1.986214513168486e+00  7.386079021940568e-01  5.910471353351660e-01  1.182093922723818e+00  5.910468349381780e-01 
 1.200000000000000e+02  1.031568521582572e+00  4.759436030044142e-06 -2.513886785826719e-05  5.846114519424734e-01  7.321645904334498e-02  2.686486188249236e+00  1.977131582521451e+00  7.338547208905275e-01  5.846941845800656e-01  1.169387872246824e+00  5.846937353243636e-01 
 1.250000000000000e+02  1.031281322449094e+00  4.818536301148382e-06 -2.545012824910049e-05  5.782375303689350e-01  7.420970717089168e-02  2.687028687274354e+00  1.968039948260641e+00  7.291172467282829e-01  5.783229254312379e-01  1.156645123799641e+00  5.783222462072894e-01 
