 temp-sweep             v(vref)                i(vload)               i(vdd)                 v(vbe)                 v(dvbe)                v(pbias)               v(pcasc)               v(xbgr.c2)             v(xbgr.vbe3)           v(xbgr.vd1)            v(xbgr.vd2)           
-4.000000000000000e+01  1.039272350372706e+00  3.208464394633819e-06 -1.711082708955069e-05  7.806544022282577e-01  4.232018979880122e-02  1.954937383374161e+00  1.544348505644971e+00  7.983037366394982e-01  7.806722316489458e-01  1.561344315810818e+00  7.806721579030439e-01 
-3.500000000000000e+01  1.039354238594657e+00  3.277863341819180e-06 -1.746964813710561e-05  7.749908761926324e-01  4.326226108884024e-02  1.954029741070422e+00  1.534321498516390e+00  7.934179044603643e-01  7.750101098063760e-01  1.550020070137291e+00  7.750100350662127e-01 
-3.000000000000000e+01  1.039422140880576e+00  3.347218916910512e-06 -1.782841397161784e-05  7.693050209633030e-01  4.420579455325706e-02  1.953151565246229e+00  1.524310824576083e+00  7.885443139471692e-01  7.693257112531957e-01  1.538651271043683e+00  7.693256355193425e-01 
-2.500000000000000e+01  1.039476275826149e+00  3.416527482973800e-06 -1.818710867450583e-05  7.635970193162003e-01  4.515079386939320e-02  1.952302696769736e+00  1.514316266247640e+00  7.836824080338164e-01  7.636192176476144e-01  1.527238281847359e+00  7.636191409212501e-01 
-2.000000000000000e+01  1.039516853761745e+00  3.485785425966410e-06 -1.854571643733732e-05  7.578670451550811e-01  4.609726264866310e-02  1.951482996703899e+00  1.504337625236372e+00  7.788316814821514e-01  7.578908017009265e-01  1.515781447975869e+00  7.578907239855088e-01 
-1.500000000000000e+01  1.039544076730963e+00  3.554989148966525e-06 -1.890422153227032e-05  7.521152639912125e-01  4.704520440159739e-02  1.950692344996815e+00  1.494374721722127e+00  7.739916774844864e-01  7.521406276590612e-01  1.504281097921753e+00  7.521405489584219e-01 
-1.000000000000000e+01  1.039558140478204e+00  3.624135087826821e-06 -1.926260838910118e-05  7.463418337169486e-01  4.799462273442200e-02  1.949930638354612e+00  1.484427390541691e+00  7.691619856575516e-01  7.463688520894517e-01  1.492737544822702e+00  7.463687724089068e-01 
-5.000000000000000e+00  1.039559235030842e+00  3.693219713072124e-06 -1.962086160217397e-05  7.405469050829555e-01  4.894552136929341e-02  1.949197788863483e+00  1.474495479625477e+00  7.643422393085645e-01  7.405756243583435e-01  1.481151087413057e+00  7.405755437040722e-01 
 0.000000000000000e+00  1.039547544637120e+00  3.762239524898338e-06 -1.997896590678829e-05  7.347306220636181e-01  4.989790411174923e-02  1.948493723013719e+00  1.464578849625790e+00  7.595321125479114e-01  7.347610870112885e-01  1.469522010789016e+00  7.347610053919594e-01 
 5.000000000000000e+00  1.039523248283583e+00  3.831191055476274e-06 -2.033690618561746e-05  7.288931222541556e-01  5.085177486027630e-02  1.947818380533980e+00  1.454677372595997e+00  7.547313178073802e-01  7.289253761676250e-01  1.457850587190155e+00  7.289252935923610e-01 
 1.000000000000000e+01  1.039486519800415e+00  3.900070866480151e-06 -2.069466745735764e-05  7.230345371963079e-01  5.180713758580807e-02  1.947171713502653e+00  1.444790931583940e+00  7.499396033336416e-01  7.230686218594646e-01  1.446137076682160e+00  7.230685383379492e-01 
 1.500000000000000e+01  1.039437528176498e+00  3.968875549548200e-06 -2.105223487442343e-05  7.171549927095314e-01  5.276399633277731e-02  1.946553685433586e+00  1.434919419656053e+00  7.451567509049503e-01  7.171909483619344e-01  1.434381727820176e+00  7.171908639063342e-01 
 2.000000000000000e+01  1.039376437695969e+00  4.037601724926452e-06 -2.140959371601560e-05  7.112546091764899e-01  5.372235520380648e-02  1.945964270522208e+00  1.425062739454876e+00  7.403825735905375e-01  7.112924744890610e-01  1.422584778232107e+00  7.112923891110156e-01 
 2.500000000000000e+01  1.039303408135631e+00  4.106246040960234e-06 -2.176672938148576e-05  7.053335018232126e-01  5.468221835561703e-02  1.945403452911859e+00  1.415220802587028e+00  7.356169136898435e-01  7.053733138749646e-01  1.410746455189544e+00  7.053732275874196e-01 
 3.000000000000000e+01  1.039218595131916e+00  4.174805175761274e-06 -2.212362739573007e-05  6.993917809883583e-01  5.564359000037383e-02  1.944871225943012e+00  1.405393528762319e+00  7.308596408513361e-01  6.994335752487176e-01  1.398866976149852e+00  6.994334880633085e-01 
 3.500000000000000e+01  1.039122150499690e+00  4.243275838539964e-06 -2.248027341462077e-05  6.934295523691845e-01  5.660647440309489e-02  1.944367591464992e+00  1.395580845212558e+00  7.261106503246504e-01  6.934733626892403e-01  1.386946549271221e+00  6.934732746161044e-01 
 4.000000000000000e+01  1.039014222513850e+00  4.311654770782319e-06 -2.283665322538571e-05  6.874469172650851e-01  5.757087588830451e-02  1.943892559215087e+00  1.385782685821503e+00  7.213698612650626e-01  6.874927758625036e-01  1.374985373883571e+00  6.874926869078335e-01 
 4.500000000000000e+01  1.038894956562709e+00  4.379938751501210e-06 -2.319275277127696e-05  6.814439728069478e-01  5.853679884732670e-02  1.943446146057278e+00  1.375998990089423e+00  7.166372153604461e-01  6.814919102702347e-01  1.362983640980625e+00  6.814918204301682e-01 
 5.000000000000000e+01  1.038764495876336e+00  4.448124603994964e-06 -2.354855817998181e-05  6.754208122026377e-01  5.950424776530992e-02  1.943028375207613e+00  1.366229701463819e+00  7.119126755684543e-01  6.754708574910477e-01  1.350941533705225e+00  6.754707667449945e-01 
 5.500000000000000e+01  1.038622982881575e+00  4.516209209120265e-06 -2.390405582719740e-05  6.693775249920701e-01  6.047322726367198e-02  1.942639275192216e+00  1.356474765057510e+00  7.071962252513779e-01  6.694297054530223e-01  1.338859227881649e+00  6.694296137480887e-01 
 6.000000000000000e+01  1.038470561116203e+00  4.584189525747563e-06 -2.425923243325764e-05  6.633141973442926e-01  6.144374217834925e-02  1.942278878528423e+00  1.346734123940915e+00  7.024878676536593e-01  6.633685387323226e-01  1.326736892609091e+00  6.633684459603442e-01 
 6.500000000000000e+01  1.038307378286509e+00  4.652062623675867e-06 -2.461407522203970e-05  6.572309123933084e-01  6.241579767169887e-02  1.941947219866205e+00  1.337007713533294e+00  6.977876259665752e-01  6.572874389207735e-01  1.314574690976090e+00  6.572873448770531e-01 
 7.000000000000000e+01  1.038133591081245e+00  4.719825736693235e-06 -2.496857218136489e-05  6.511277506943943e-01  6.338939943241499e-02  1.941644333247092e+00  1.327295452588154e+00  6.930955442360289e-01  6.511864851015974e-01  1.302372780982976e+00  6.511863894149525e-01 
 7.500000000000000e+01  1.037949372769086e+00  4.787476346742412e-06 -2.532271247357909e-05  6.450047908308494e-01  6.436455398328762e-02  1.941370247953717e+00  1.317597229057526e+00  6.884116896014932e-01  6.450657545074547e-01  1.290131316820212e+00  6.450656565302707e-01 
 8.000000000000000e+01  1.037754925173138e+00  4.855012317751182e-06 -2.567648709609032e-05  6.388621102927743e-01  6.534126917836498e-02  1.941124982115036e+00  1.307912877641892e+00  6.837361564856538e-01  6.389253234659242e-01  1.277850450685303e+00  6.389252220917628e-01 
 8.500000000000000e+01  1.037550496736900e+00  4.922432097016511e-06 -2.602988987401952e-05  6.326997867142059e-01  6.631955494785516e-02  1.940908533181438e+00  1.298242145698452e+00  6.790690734779783e-01  6.327652687509197e-01  1.265530335375870e+00  6.327651621235018e-01 
 9.000000000000000e+01  1.037336410424161e+00  4.989735027514564e-06 -2.638291900312969e-05  6.265178997173027e-01  6.729942445760684e-02  1.940720863297228e+00  1.288584640504972e+00  6.744106145512289e-01  6.265856695921526e-01  1.253171128145699e+00  6.265855546489687e-01 
 9.500000000000000e+01  1.037113106080732e+00  5.056921820931898e-06 -2.673557939022887e-05  6.203165336378127e-01  6.828089586918862e-02  1.940561877162242e+00  1.278939748909478e+00  6.697610165302844e-01  6.203866106601006e-01  1.240772996409951e+00  6.203864824156984e-01 
 1.000000000000000e+02  1.036881202833221e+00  5.123995254450290e-06 -2.708788610279264e-05  6.140957814760115e-01  6.926399493202573e-02  1.940431389416903e+00  1.269306518127623e+00  6.651206051643871e-01  6.141681863961580e-01  1.228336126032685e+00  6.141680368477400e-01 
 1.050000000000000e+02  1.036641591484453e+00  5.190961200864436e-06 -2.743986947884854e-05  6.078557506681408e-01  7.024875880974828e-02  1.940329076334990e+00  1.259683478488989e+00  6.604898339716138e-01  6.079305073646258e-01  1.215860733444646e+00  6.079303238180104e-01 
 1.100000000000000e+02  1.036395568030295e+00  5.257830115420461e-06 -2.779158251089553e-05  6.015965713728765e-01  7.123524161008489e-02  1.940254405890517e+00  1.250068385229358e+00  6.558693404582520e-01  6.016737093714296e-01  1.203347083048591e+00  6.016734719318805e-01 
 1.150000000000000e+02  1.036145024018821e+00  5.324619151856743e-06 -2.814311138275342e-05  5.953184081750533e-01  7.222352222750036e-02  1.940206537885026e+00  1.240457846560084e+00  6.512600260123640e-01  5.953979663927720e-01  1.190795511848017e+00  5.953976442309574e-01 
 1.200000000000000e+02  1.035892713408049e+00  5.391355124110690e-06 -2.849459026327315e-05  5.890214763710693e-01  7.321371528596840e-02  1.940184183641423e+00  1.230846795528960e+00  6.466631672915807e-01  5.891035086161456e-01  1.178206463772772e+00  5.891030544788103e-01 
 1.250000000000000e+02  1.035642622476177e+00  5.458078604338805e-06 -2.884622184776842e-05  5.827060643704642e-01  7.420598621979412e-02  1.940185411118155e+00  1.221227747709847e+00  6.420805694832418e-01  5.827906473387433e-01  1.165580536971264e+00  5.827899895589589e-01 
