 temp-sweep             v(vref)                i(vload)               i(vdd)                 v(vbe)                 v(dvbe)                v(pbias)               v(pcasc)               v(xbgr.c2)             v(xbgr.vbe3)           v(xbgr.vd1)            v(xbgr.vd2)           
-4.000000000000000e+01  1.039301078063764e+00  3.208794717242332e-06 -1.711265363687120e-05  7.806565137065539e-01  4.232451333830595e-02  2.012059204584328e+00  1.601428153337725e+00  8.413997407602251e-01  7.806743342120693e-01  1.561348526147364e+00  7.806742630712349e-01 
-3.500000000000000e+01  1.039383586516231e+00  3.278200601708033e-06 -1.747151255848257e-05  7.749930333577474e-01  4.326667765219635e-02  2.011202744850244e+00  1.591451423403560e+00  8.364411850398416e-01  7.750122579391089e-01  1.550024371683299e+00  7.750121858392168e-01 
-3.000000000000000e+01  1.039452109399641e+00  3.347563103336563e-06 -1.783031633787951e-05  7.693072238593331e-01  4.421030414163777e-02  2.010376072492137e+00  1.581491347536212e+00  8.314947092623216e-01  7.693279049929779e-01  1.538655663874826e+00  7.693278319349524e-01 
-2.500000000000000e+01  1.039506865454491e+00  3.416878586486505e-06 -1.818904906395872e-05  7.635992679946613e-01  4.515539648424290e-02  2.009579021260572e+00  1.571547701001929e+00  8.265597463745241e-01  7.636214570410019e-01  1.527242766059386e+00  7.636213830272137e-01 
-2.000000000000000e+01  1.039548064926510e+00  3.486143435749972e-06 -1.854769492219540e-05  7.578693396629790e-01  4.610195828319796e-02  2.008811445380100e+00  1.561620278777370e+00  8.216357809249411e-01  7.578930867888996e-01  1.515786023648594e+00  7.578930118219050e-01 
-1.500000000000000e+01  1.039575909923313e+00  3.555354054559951e-06 -1.890623818860091e-05  7.521176043778882e-01  4.704999304540691e-02  2.008073218032236e+00  1.551708894291152e+00  8.167223459259765e-01  7.521429584867207e-01  1.504285765147885e+00  7.521428825715125e-01 
-1.000000000000000e+01  1.039590596345842e+00  3.624506880152818e-06 -1.926466330096876e-05  7.463442200448442e-01  4.799950438021045e-02  2.007364229283536e+00  1.541813375685874e+00  8.118190208154468e-01  7.463712287135045e-01  1.492742303716216e+00  7.463711518556982e-01 
-5.000000000000000e+00  1.039592314148131e+00  3.693598381821462e-06 -1.962295484964103e-05  7.405493374081257e-01  4.895049599941757e-02  2.006684384856440e+00  1.531933564655283e+00  8.069254286071471e-01  7.405780468296386e-01  1.481155938076987e+00  7.405779690360260e-01 
 0.000000000000000e+00  1.039581247784923e+00  3.762625061760417e-06 -1.998109758194226e-05  7.347331004562966e-01  4.990297171197178e-02  2.006033604904776e+00  1.522069315430601e+00  8.020412332515092e-01  7.347635553954415e-01  1.469526953354346e+00  7.347634766745719e-01 
 5.000000000000000e+00  1.039557576426558e+00  3.831583453798822e-06 -2.033907639126665e-05  7.288956467969696e-01  5.085693541797520e-02  2.005411822990625e+00  1.512220493892070e+00  7.971661370479411e-01  7.289278905440379e-01  1.457855621815172e+00  7.289278109048816e-01 
 1.000000000000000e+01  1.039521474102862e+00  3.900470121533553e-06 -2.069687630887419e-05  7.230371079869580e-01  5.181239109162002e-02  2.004818985178930e+00  1.502386977011764e+00  7.922998781549337e-01  7.230711823210078e-01  1.446142203553538e+00  7.230711017736401e-01 
 1.500000000000000e+01  1.039473110095943e+00  3.969281659579356e-06 -2.105448250544538e-05  7.171576098610835e-01  5.276934278019808e-02  2.004255049084070e+00  1.492568651917382e+00  7.874422283683121e-01  7.171935550234226e-01  1.434386947166599e+00  7.171934735795558e-01 
 2.000000000000000e+01  1.039412649166986e+00  4.038014693207647e-06 -2.141188028844034e-05  7.112572728403621e-01  5.372779460431865e-02  2.003719983066933e+00  1.482765415206097e+00  7.825929909354378e-01  7.112951274995536e-01  1.422590090352947e+00  7.112950451714680e-01 
 2.500000000000000e+01  1.039340251844148e+00  4.106665878862172e-06 -2.176905510193629e-05  7.053362121992021e-01  5.468775074515669e-02  2.003213765463504e+00  1.472977172353103e+00  7.777519985523078e-01  7.053760134384869e-01  1.410751860491691e+00  7.053759302385559e-01 
 3.000000000000000e+01  1.039256074613572e+00  4.175231903929850e-06 -2.212599252223087e-05  6.993945383342430e-01  5.564921544517284e-02  2.002736383911520e+00  1.463203837085160e+00  7.729191114138662e-01  6.994363216311101e-01  1.398872475165512e+00  6.994362375711510e-01 
 3.500000000000000e+01  1.039160270730974e+00  4.243709493578912e-06 -2.248267828908000e-05  6.934323570463756e-01  5.661219303002085e-02  2.002287834423308e+00  1.453445330113997e+00  7.680942157144431e-01  6.934761562619092e-01  1.386952142742510e+00  6.934760713516915e-01 
 4.000000000000000e+01  1.039052990409473e+00  4.312095410794169e-06 -2.283909830234749e-05  6.874497697653691e-01  5.757668790235455e-02  2.001868120816695e+00  1.443701578573555e+00  7.632772219323901e-01  6.874956171385351e-01  1.374991062835922e+00  6.874955313840638e-01 
 4.500000000000000e+01  1.038934381896901e+00  4.380386466523018e-06 -2.319523866751367e-05  6.814468738213990e-01  5.854270457759028e-02  2.001477253741427e+00  1.433972514401782e+00  7.584680636744481e-01  6.814947999721223e-01  1.362989426858735e+00  6.814947133692091e-01 
 5.000000000000000e+01  1.038804592731194e+00  4.448579532225210e-06 -2.355108575470747e-05  6.754237627237072e-01  5.951024773337814e-02  2.001115249648349e+00  1.424258072288720e+00  7.536666967026358e-01  6.754737966568642e-01  1.350947418583837e+00  6.754737091843693e-01 
 5.500000000000000e+01  1.038663771507106e+00  4.516671557982870e-06 -2.390662627994792e-05  6.693805264478659e-01  6.047932227366640e-02  2.000782129548424e+00  1.414558186919612e+00  7.488730983122509e-01  6.694326955727384e-01  1.338865214740861e+00  6.694326071776865e-01 
 6.000000000000000e+01  1.038512070853172e+00  4.584659604542395e-06 -2.426184745846453e-05  6.633172517976207e-01  6.144993345074183e-02  2.000477917186770e+00  1.404872788357710e+00  7.440872673666281e-01  6.633715819624453e-01  1.326742985760708e+00  6.633714925362297e-01 
 6.500000000000000e+01  1.038349652037527e+00  4.652540893841227e-06 -2.461673724263664e-05  6.572340228706395e-01  6.242208706515675e-02  2.000202636429395e+00  1.395201794783922e+00  7.393092252001757e-01  6.572905384120871e-01  1.314580896719931e+00  6.572904477489913e-01 
 7.000000000000000e+01  1.038176691879462e+00  4.720312885327831e-06 -2.497128468389523e-05  6.511309216506547e-01  6.339578975704904e-02  1.999956307516735e+00  1.385545101614266e+00  7.345390176729516e-01  6.511896454812951e-01  1.302379108573039e+00  6.511895532100581e-01 
 7.500000000000000e+01  1.037993393402652e+00  4.787973394517828e-06 -2.532548050184146e-05  6.450080288438569e-01  6.437104946947605e-02  1.999738941440340e+00  1.375902564331256e+00  7.297767190403829e-01  6.450689825845420e-01  1.290137779872695e+00  6.450688880566654e-01 
 8.000000000000000e+01  1.037800002155987e+00  4.855520774856283e-06 -2.567931795411344e-05  6.388654250683032e-01  6.534787615582370e-02  1.999550531486508e+00  1.366273972003881e+00  7.250224385112708e-01  6.389286292570382e-01  1.277857069233115e+00  6.389285313660692e-01 
 8.500000000000000e+01  1.037596830096143e+00  4.922954184162419e-06 -2.603279411987972e-05  6.327031925166282e-01  6.632628281208360e-02  1.999391040945774e+00  1.356659007611957e+00  7.202763302655313e-01  6.327686669312497e-01  1.265537138767591e+00  6.327685638200132e-01 
 9.000000000000000e+01  1.037384290805800e+00  4.990273977792837e-06 -2.638591180211347e-05  6.265214173311757e-01  6.730628699618299e-02  1.999260385070724e+00  1.347057188211632e+00  7.155386086515908e-01  6.265891814845250e-01  1.253178159024096e+00  6.265890700891401e-01 
 9.500000000000000e+01  1.037162948169086e+00  5.057482251053601e-06 -2.673868217552176e-05  6.203201927838702e-01  6.828791289518402e-02  1.999158406173557e+00  1.337467779226362e+00  7.108095691900380e-01  6.203902666868951e-01  1.240780315620423e+00  6.203901420226458e-01 
 1.000000000000000e+02  1.036933582404277e+00  5.124583574505208e-06 -2.709112841795225e-05  6.140996234819787e-01  6.927119409109798e-02  1.999084839828066e+00  1.327889671943882e+00  7.060896168119370e-01  6.141720287973684e-01  1.228343818053518e+00  6.141718828611276e-01 
 1.050000000000000e+02  1.036697276280137e+00  5.191585952356499e-06 -2.744329052292288e-05  6.078598306852852e-01  7.025617708079254e-02  1.999039270704865e+00  1.318321213626445e+00  7.013793019167125e-01  6.079345924627291e-01  1.215868910919570e+00  6.079344125605745e-01 
 1.100000000000000e+02  1.036455525983671e+00  5.258502053073630e-06 -2.779523158901937e-05  6.016009588970553e-01  7.124292566211766e-02  1.999021075682715e+00  1.308759973339650e+00  6.966793654128690e-01  6.016781081713596e-01  1.203355887988412e+00  6.016778744105986e-01 
 1.150000000000000e+02  1.036210391847247e+00  5.325350881099113e-06 -2.814704645410739e-05  5.953231846479363e-01  7.223152680514486e-02  1.999029346446073e+00  1.299202411508107e+00  6.919907989029409e-01  5.954027622708495e-01  1.190805111008459e+00  5.954024438264672e-01 
 1.200000000000000e+02  1.035964716600798e+00  5.392160196628795e-06 -2.849887416603546e-05  5.890267291744984e-01  7.322209916040158e-02  1.999062777339634e+00  1.289643403581016e+00  6.873149323441448e-01  5.891087914349817e-01  1.178217036884214e+00  5.891083410608131e-01 
 1.250000000000000e+02  1.035722458678829e+00  5.458970210134049e-06 -2.885091679726645e-05  5.827118780997554e-01  7.421480630424734e-02  1.999119493994073e+00  1.280075538995064e+00  6.826535707172202e-01  5.827965048645872e-01  1.165592259577906e+00  5.827958509075180e-01 
