 temp-sweep             v(vref)                i(vload)               i(vdd)                 v(vbe)                 v(dvbe)                v(pbias)               v(pcasc)               v(xbgr.c2)             v(xbgr.vbe3)           v(xbgr.vd1)            v(xbgr.vd2)           
-4.000000000000000e+01  1.042595124088923e+00  2.829487137412625e-06 -1.500095776570229e-05  7.842084933824571e-01  4.230766004718896e-02  2.272401992345741e+00  1.862215188736965e+00  8.104211947651658e-01  7.842399569557772e-01  1.568479808505739e+00  7.842399042501206e-01 
-3.500000000000000e+01  1.042728672852734e+00  2.890461326906141e-06 -1.531529439103185e-05  7.786209049999786e-01  4.324778856542041e-02  2.271877156682574e+00  1.852611470071454e+00  8.057162609809956e-01  7.786548517351445e-01  1.557309596826106e+00  7.786547984102515e-01 
-3.000000000000000e+01  1.042847205196642e+00  2.951385910503497e-06 -1.562951346557482e-05  7.730109462830028e-01  4.418929385717137e-02  2.271385383909100e+00  1.843029314022485e+00  8.010238516633356e-01  7.730474696818809e-01  1.546094831488711e+00  7.730474157415309e-01 
-2.500000000000000e+01  1.042950960262744e+00  3.012257917189766e-06 -1.594360195552387e-05  7.673788027546180e-01  4.513218088100335e-02  2.270926472862760e+00  1.833468431555277e+00  7.963434016809042e-01  7.674179943943835e-01  1.534835879693897e+00  7.674179398441476e-01 
-2.000000000000000e+01  1.043040171773249e+00  3.073074423206763e-06 -1.625754706326295e-05  7.617246515754768e-01  4.607645483145383e-02  2.270500242632121e+00  1.823928548922952e+00  7.916743996664445e-01  7.617666009669030e-01  1.523533091631385e+00  7.617665458129064e-01 
-1.500000000000000e+01  1.043115068095807e+00  3.133832547917541e-06 -1.657133620572488e-05  7.560486619872209e-01  4.702212108526051e-02  2.270106531106563e+00  1.814409407005460e+00  7.870163847022545e-01  7.560934564576386e-01  1.512186801418395e+00  7.560934007064189e-01 
-1.000000000000000e+01  1.043175870642375e+00  3.194529435640358e-06 -1.688495692223611e-05  7.503509954356038e-01  4.796918496161656e-02  2.269745194334598e+00  1.804910763224060e+00  7.823689421329828e-01  7.503987200128086e-01  1.500797327350551e+00  7.503986636725204e-01 
-5.000000000000000e+00  1.043222795945419e+00  3.255162270187462e-06 -1.719839694524247e-05  7.446318063230551e-01  4.891765193217600e-02  2.269416104468933e+00  1.795432387730560e+00  7.777317017598055e-01  7.446825436333355e-01  1.489364973429401e+00  7.446824867118584e-01 
 0.000000000000000e+00  1.043256055878323e+00  3.315728272996438e-06 -1.751164419121112e-05  7.388912424389367e-01  4.986752763531802e-02  2.269119148603559e+00  1.785974062205456e+00  7.731043351220089e-01  7.389450726200348e-01  1.477890030260675e+00  7.389450151274294e-01 
 5.000000000000000e+00  1.043275857859783e+00  3.376224701717725e-06 -1.782468675092625e-05  7.331294453192555e-01  5.081881786375766e-02  2.268854227712272e+00  1.776535579324482e+00  7.684865528784429e-01  7.331864459425418e-01  1.466372775784307e+00  7.331863878890363e-01 
 1.000000000000000e+01  1.043282405237538e+00  3.436648850960630e-06 -1.813751289279659e-05  7.273465505974093e-01  5.177152856382920e-02  2.268621255568823e+00  1.767116741724361e+00  7.638781024162433e-01  7.274067965947033e-01  1.454813475989452e+00  7.274067379912358e-01 
 1.500000000000000e+01  1.043275896933063e+00  3.496998045735610e-06 -1.845011102627123e-05  7.215426882621607e-01  5.272566578960783e-02  2.268420158120957e+00  1.757717362055935e+00  7.592787652387418e-01  7.216062518729836e-01  1.443212385471476e+00  7.216061927314499e-01 
 2.000000000000000e+01  1.043256527898137e+00  3.557269643524123e-06 -1.876246971160627e-05  7.157179829740122e-01  5.368123571139034e-02  2.268250872526597e+00  1.748337262160919e+00  7.546883548938347e-01  7.157849336930883e-01  1.431569748061889e+00  7.157848740252660e-01 
 2.500000000000000e+01  1.043224489169742e+00  3.617461032274914e-06 -1.907457764895547e-05  7.098725543216223e-01  5.463824459773026e-02  2.268113346462254e+00  1.738976272522122e+00  7.501067148209892e-01  7.099429588571581e-01  1.419885797365146e+00  7.099428986742290e-01 
 3.000000000000000e+01  1.043179968229047e+00  3.677569631746800e-06 -1.938642367916763e-05  7.040065170855492e-01  5.559669881538958e-02  2.268007537340431e+00  1.729634231616651e+00  7.455337165029623e-01  7.040804393261704e-01  1.408160757304403e+00  7.040803786390111e-01 
 3.500000000000000e+01  1.043123148818517e+00  3.737592889617658e-06 -1.969799676573955e-05  6.981199814485948e-01  5.655660480465626e-02  2.267933411837850e+00  1.720310985841769e+00  7.409692574277290e-01  6.981974824350865e-01  1.396394842547657e+00  6.981974212517169e-01 
 4.000000000000000e+01  1.043054211619066e+00  3.797528286370288e-06 -2.000928601409346e-05  6.922130532459907e-01  5.751796909284054e-02  2.267890945063138e+00  1.711006388239822e+00  7.364132596225217e-01  6.922941911569021e-01  1.384588259035978e+00  6.922941294794620e-01 
 4.500000000000000e+01  1.042973334822396e+00  3.857373339190116e-06 -2.032028068954018e-05  6.862858341994710e-01  5.848079830608354e-02  2.267880119819546e+00  1.701720297532597e+00  7.318656682386694e-01  6.863706643426272e-01  1.372741204460366e+00  6.863706021618640e-01 
 5.000000000000000e+01  1.042880694771453e+00  3.917125606715604e-06 -2.063097023686307e-05  6.803384221462827e-01  5.944509918716405e-02  2.267900925872341e+00  1.692452576623081e+00  7.273264502413037e-01  6.804269969544264e-01  1.360853868725049e+00  6.804269342402796e-01 
 5.500000000000000e+01  1.042776467460312e+00  3.976782702567585e-06 -2.094134434596625e-05  6.743709113006704e-01  6.041087864400854e-02  2.267953358845176e+00  1.683203089909417e+00  7.227955936405598e-01  6.744632803449839e-01  1.348926434501651e+00  6.744632170317785e-01 
 6.000000000000000e+01  1.042660830628061e+00  4.036342314720894e-06 -2.125139304203784e-05  6.683833925523450e-01  6.137814383003259e-02  2.268037418855998e+00  1.673971699561165e+00  7.182731070516725e-01  6.684796025682468e-01  1.336959077834647e+00  6.684795385263180e-01 
 6.500000000000000e+01  1.042533967264625e+00  4.095802239190206e-06 -2.156110685144926e-05  6.623759538342699e-01  6.234690227919895e-02  2.268153108504656e+00  1.664758259145269e+00  7.137590200006788e-01  6.624760487757479e-01  1.324951968915818e+00  6.624759837636808e-01 
 7.000000000000000e+01  1.042396070981857e+00  4.155160432266894e-06 -2.187047705670231e-05  6.563486806094927e-01  6.331716212759116e-02  2.268300429977148e+00  1.655562603508432e+00  7.092533841256289e-01  6.564527017299077e-01  1.312905273082424e+00  6.564526353180078e-01 
 7.500000000000000e+01  1.042247354875989e+00  4.214415097458289e-06 -2.217949612038424e-05  6.503016565597446e-01  6.428893247756527e-02  2.268479380484286e+00  1.646384533045105e+00  7.047562760641868e-01  6.504096425499019e-01  1.300819152258195e+00  6.504095739931138e-01 
 8.000000000000000e+01  1.042088065113279e+00  4.273564819138798e-06 -2.248815834472034e-05  6.442349645626397e-01  6.526222396236912e-02  2.268689945400893e+00  1.637223788538011e+00  7.002678024600559e-01  6.443469517683502e-01  1.288693766985925e+00  6.443468797988126e-01 
 8.500000000000000e+01  1.041918502027657e+00  4.332608770774349e-06 -2.279646089594191e-05  6.381486881342635e-01  6.623704963036262e-02  2.268932087751909e+00  1.628080012458073e+00  6.957881083908947e-01  6.382647108957584e-01  1.276529279433109e+00  6.382646333930310e-01 
 9.000000000000000e+01  1.041739052152643e+00  4.391547030806157e-06 -2.310440536141861e-05  6.320429135311711e-01  6.721342627951078e-02  2.269205732334923e+00  1.618952689706852e+00  6.913173906693793e-01  6.321630047185769e-01  1.264325857800793e+00  6.321629181901394e-01 
 9.500000000000000e+01  1.041550237430842e+00  4.450381067888222e-06 -2.341200014433158e-05  6.259177329351149e-01  6.819137652742295e-02  2.269510741395557e+00  1.609841056814946e+00  6.868559187709301e-01  6.260419247665625e-01  1.252083682961397e+00  6.260418235350932e-01 
 1.000000000000000e+02  1.041352787667185e+00  4.509114454599180e-06 -2.371926398837243e-05  6.197732490576455e-01  6.917093184518029e-02  2.269846878814015e+00  1.600743966964439e+00  6.824040659447140e-01  6.199015743492935e-01  1.239802958095580e+00  6.199014493034138e-01 
 1.050000000000000e+02  1.041147746893650e+00  4.567753913941108e-06 -2.402623115596338e-05  6.136095818305564e-01  7.015213700304827e-02  2.270213757474331e+00  1.591659690381745e+00  6.779623550779728e-01  6.137420758899811e-01  1.227483922713263e+00  6.137419125867818e-01 
 1.100000000000000e+02  1.040936626509794e+00  4.626310823611172e-06 -2.433295889210654e-05  6.074268779565688e-01  7.113505645300375e-02  2.270610763387687e+00  1.582585624109571e+00  6.735315246775896e-01  6.075635814166905e-01  1.215126872674452e+00  6.075633572260440e-01 
 1.150000000000000e+02  1.040721620570156e+00  4.684803327233399e-06 -2.463953793767290e-05  6.012253241995166e-01  7.211978324004090e-02  2.271036948803381e+00  1.573517876868560e+00  6.691126210927772e-01  6.013662872250367e-01  1.202732188121764e+00  6.013659670834511e-01 
 1.200000000000000e+02  1.040505903713089e+00  4.743259251197867e-06 -2.494610713065844e-05  5.950051655944795e-01  7.310645124056413e-02  2.271490883963623e+00  1.564450683098565e+00  6.647071251108939e-01  5.951504540546831e-01  1.190300371838367e+00  5.951499842238226e-01 
 1.250000000000000e+02  1.040294039624025e+00  4.801720096180273e-06 -2.525287348407738e-05  5.887667301583630e-01  7.409525179647919e-02  2.271970453463543e+00  1.555375583889537e+00  6.603171238983684e-01  5.889164346084553e-01  1.177832101439085e+00  5.889157335911622e-01 
