 temp-sweep             v(vref)                i(vload)               i(vdd)                 v(vbe)                 v(dvbe)                v(pbias)               v(pcasc)               v(xbgr.c2)             v(xbgr.vbe3)           v(xbgr.vd1)            v(xbgr.vd2)           
-4.000000000000000e+01  1.045260234514553e+00  3.206744240230244e-06 -1.731573769262718e-05  7.867675134553862e-01  4.232500054175323e-02  2.612148269237272e+00  2.201779626146647e+00  8.557727571193342e-01  7.867987467198770e-01  1.573597399661812e+00  7.867986998284997e-01 
-3.500000000000000e+01  1.045453218119902e+00  3.275858619928031e-06 -1.767550234334411e-05  7.812370456569393e-01  4.326548633606461e-02  2.611304413393352e+00  2.191852976053612e+00  8.510115219563242e-01  7.812707478049234e-01  1.562541400829680e+00  7.812707004123760e-01 
-3.000000000000000e+01  1.045631298654302e+00  3.344917408556336e-06 -1.803518268938354e-05  7.756843064654142e-01  4.420735071994752e-02  2.610490889151198e+00  2.181945137946668e+00  8.462622042379373e-01  7.757205708529851e-01  1.551441045932266e+00  7.757205229635996e-01 
-2.500000000000000e+01  1.045794714209742e+00  3.413917226483042e-06 -1.839476456718453e-05  7.701094813302326e-01  4.515059857747966e-02  2.609707525072325e+00  2.172055854163149e+00  8.415242260821751e-01  7.701483994308996e-01  1.540296702102658e+00  7.701483510487861e-01 
-2.000000000000000e+01  1.045943697638173e+00  3.482854749579565e-06 -1.875423408318024e-05  7.645127473418429e-01  4.609523503165869e-02  2.608954168695232e+00  2.162184880911268e+00  8.367970638510929e-01  7.645544086066052e-01  1.529108719480197e+00  7.645543597376563e-01 
-1.500000000000000e+01  1.046078476932738e+00  3.551726707218497e-06 -1.911357760326948e-05  7.588942738000322e-01  4.704126547428916e-02  2.608230685028387e+00  2.152331986920379e+00  8.320802449989176e-01  7.589387655338572e-01  1.517877432373837e+00  7.589387161844655e-01 
-1.000000000000000e+01  1.046199274817382e+00  3.620529873957126e-06 -1.947278170981444e-05  7.532542225061972e-01  4.798869544046863e-02  2.607536955453320e+00  2.142496953723181e+00  8.273733445719019e-01  7.533016297562072e-01  1.506603159872262e+00  7.533015799336885e-01 
-5.000000000000000e+00  1.046306307437514e+00  3.689261051884697e-06 -1.983183311269673e-05  7.475927478961073e-01  4.893753039975757e-02  2.606872877162629e+00  2.132679577298697e+00  8.226759813504658e-01  7.476431533544748e-01  1.495286206137635e+00  7.476431030663038e-01 
 0.000000000000000e+00  1.046399786010635e+00  3.757917083150385e-06 -2.019071870947003e-05  7.419099977362646e-01  4.988777595022559e-02  2.606238361420626e+00  2.122879664807834e+00  8.179878159596045e-01  7.419634816493815e-01  1.483926861814379e+00  7.419634309045638e-01 
 5.000000000000000e+00  1.046479917486210e+00  3.826494852860268e-06 -2.054942559941346e-05  7.362061135565425e-01  5.083943785500433e-02  2.605633332333035e+00  2.113097033124657e+00  8.133085484952728e-01  7.362627536422187e-01  1.472525404905451e+00  7.362627024499420e-01 
 1.000000000000000e+01  1.046546904594869e+00  3.894991286309413e-06 -2.090794106589489e-05  7.304812309650899e-01  5.179252201763723e-02  2.605057725965848e+00  2.103331508394316e+00  8.086379159615159e-01  7.305411023458404e-01  1.461082101439380e+00  7.305410507165716e-01 
 1.500000000000000e+01  1.046600945869232e+00  3.963403345798577e-06 -2.126625256047852e-05  7.247354799443292e-01  5.274703446133105e-02  2.604511489572413e+00  2.093582925711160e+00  8.039756898199824e-01  7.247986550913866e-01  1.449597206078026e+00  7.247986030352183e-01 
 2.000000000000000e+01  1.046642236031929e+00  4.031728032083312e-06 -2.162434770504667e-05  7.189689851601642e-01  5.370298133281715e-02  2.603994580697197e+00  2.083851128211522e+00  7.993216738689159e-01  7.190355338388763e-01  1.438070962743735e+00  7.190354813668256e-01 
 2.500000000000000e+01  1.046670966098647e+00  4.099962382792967e-06 -2.198221428221180e-05  7.131818662176130e-01  5.466036888379777e-02  2.603506966482607e+00  2.074135966814258e+00  7.946757021173819e-01  7.132518554498553e-01  1.426503605160511e+00  7.132518025728674e-01 
 3.000000000000000e+01  1.046687323458525e+00  4.168103470661013e-06 -2.233984022429263e-05  7.073742379090734e-01  5.561920346011065e-02  2.603048623051510e+00  2.064437299706289e+00  7.900376367400872e-01  7.074477319377037e-01  1.414895357354127e+00  7.074476786654266e-01 
 3.500000000000000e+01  1.046691492594754e+00  4.236148409481175e-06 -2.269721363866510e-05  7.015462104883332e-01  5.657949152027328e-02  2.602619534610367e+00  2.054754991348250e+00  7.854073665358278e-01  7.016232707508661e-01  1.403246434220294e+00  7.016232170905664e-01 
 4.000000000000000e+01  1.046683655273784e+00  4.304094353947715e-06 -2.305432280404716e-05  6.956978898856668e-01  5.754123962487545e-02  2.602219692878124e+00  2.045088911837933e+00  7.807848051705130e-01  6.957785750003411e-01  1.391557041975784e+00  6.957785209538523e-01 
 4.500000000000000e+01  1.046663991422111e+00  4.371938507588419e-06 -2.341115620430184e-05  6.898293779632791e-01  5.850445446312452e-02  2.601849096204170e+00  2.035438935722927e+00  7.761698899237192e-01  6.899137437228510e-01  1.379827378685976e+00  6.899136892825825e-01 
 5.000000000000000e+01  1.046632680307366e+00  4.439678134241458e-06 -2.376770258195557e-05  6.839407727870247e-01  5.946914289933652e-02  2.601507748572097e+00  2.025804939888138e+00  7.715625806511612e-01  6.840288721538044e-01  1.368057634804136e+00  6.840288172940759e-01 
 5.500000000000000e+01  1.046589902308262e+00  4.507310576313314e-06 -2.412395102343467e-05  6.780321689027849e-01  6.043531203117324e-02  2.601195658354012e+00  2.016186800979487e+00  7.669628591632941e-01  6.781240520287766e-01  1.356247993769138e+00  6.781239966911714e-01 
 6.000000000000000e+01  1.046535841752883e+00  4.574833285121582e-06 -2.447989110044962e-05  6.721036576932993e-01  6.140296930973806e-02  2.600912836547451e+00  2.006584390841719e+00  7.623707291834282e-01  6.721993719483486e-01  1.344398632727242e+00  6.721993160182611e-01 
 6.500000000000000e+01  1.046470691311679e+00  4.642243868917397e-06 -2.483551309880474e-05  6.661553278182153e-01  6.237212272327185e-02  2.600659294266740e+00  1.996997569718118e+00  7.577862171592920e-01  6.662549178437969e-01  1.332509723444094e+00  6.662548611089046e-01 
 7.000000000000000e+01  1.046394658729258e+00  4.709540167138963e-06 -2.519080837386109e-05  6.601872657993082e-01  6.334278108524144e-02  2.600435039082283e+00  1.987426175354956e+00  7.532093742311811e-01  6.602907735932370e-01  1.320581433508024e+00  6.602907156736929e-01 
 7.500000000000000e+01  1.046307977535467e+00  4.776720369536764e-06 -2.554576992166700e-05  6.541995568553887e-01  6.431495449735339e-02  2.600240069364522e+00  1.977870005905868e+00  7.486402801837824e-01  6.543070219092272e-01  1.308613928067464e+00  6.543069621472757e-01 
 8.000000000000000e+01  1.046210922624531e+00  4.843783189612319e-06 -2.590039321285763e-05  6.481922860414161e-01  6.528865502371202e-02  2.600074366188903e+00  1.968328794151835e+00  7.440790496690799e-01  6.483037455517981e-01  1.296607372179276e+00  6.483036828271524e-01 
 8.500000000000000e+01  1.046103834360195e+00  4.910728133638594e-06 -2.625467749251083e-05  6.421655399359988e-01  6.626389774064098e-02  2.599937880916787e+00  1.958802167591032e+00  7.395258424846088e-01  6.422810291272951e-01  1.284561934304489e+00  6.422809615676379e-01 
 9.000000000000000e+01  1.045987152849325e+00  4.977555882818078e-06 -2.660862763522310e-05  6.361194089485535e-01  6.724070221009150e-02  2.599830517619275e+00  1.949289589696431e+00  7.349808784173690e-01  6.362389615742755e-01  1.272477791105822e+00  6.362388860942656e-01 
 9.500000000000000e+01  1.045861467067549e+00  5.044268840862442e-06 -2.696225682257981e-05  6.300539905527514e-01  6.821909458317521e-02  2.599752107908140e+00  1.939790273308629e+00  7.304444587515410e-01  6.301776396561964e-01  1.260355134178711e+00  6.301775512410855e-01 
 1.000000000000000e+02  1.045727580868887e+00  5.110871868791759e-06 -2.731559017850345e-05  6.239693935103333e-01  6.919911037730478e-02  2.599702377111886e+00  1.930303058391392e+00  7.259169948672632e-01  6.240971725733806e-01  1.248194178887592e+00  6.240970631760362e-01 
 1.050000000000000e+02  1.045586600208068e+00  5.177373254420327e-06 -2.766866963239793e-05  6.178657432848680e-01  7.018079806089458e-02  2.599680899527405e+00  1.920826240921258e+00  7.213990453712823e-01  6.179976879584016e-01  1.235995175783230e+00  6.179975448226112e-01 
 1.100000000000000e+02  1.045440047066447e+00  5.243785976768943e-06 -2.802156037392110e-05  6.117431889004323e-01  7.116422361824923e-02  2.599687039897913e+00  1.911357335237194e+00  7.168913634108318e-01  6.118793395855845e-01  1.223758425172560e+00  6.118791427236508e-01 
 1.150000000000000e+02  1.045290011638945e+00  5.310129393407747e-06 -2.837435955824827e-05  6.056019118752896e-01  7.214947652025350e-02  2.599719875123577e+00  1.901892742263612e+00  7.123949587098118e-01  6.057423175363682e-01  1.211484296225654e+00  6.057420359814464e-01 
 1.200000000000000e+02  1.045139373502387e+00  5.376431692032189e-06 -2.872720893499998e-05  5.994421391923955e-01  7.313667842594941e-02  2.599778080430502e+00  1.892427269425276e+00  7.079111881908332e-01  5.995868629416033e-01  1.199173254688658e+00  5.995864492335613e-01 
 1.250000000000000e+02  1.044992133928515e+00  5.442733571865775e-06 -2.908031362673134e-05  5.932641630083794e-01  7.412599644117869e-02  2.599859758203794e+00  1.882953430190007e+00  7.034418943901681e-01  5.934132902015222e-01  1.186825904817219e+00  5.934126723664038e-01 
