 temp-sweep             v(vref)                i(vload)               i(vdd)                 v(vbe)                 v(dvbe)                v(pbias)               v(pcasc)               v(xbgr.c2)             v(xbgr.vbe3)           v(xbgr.vd1)            v(xbgr.vd2)           
-4.000000000000000e+01  1.042653472073588e+00  2.830079299944946e-06 -1.500411877750405e-05  7.842127983904637e-01  4.231642385457064e-02  2.385288439577065e+00  1.975015966805757e+00  8.987908078900357e-01  7.842442337642155e-01  1.568488368522233e+00  7.842441842583852e-01 
-3.500000000000000e+01  1.042788280325683e+00  2.891065918392716e-06 -1.531852152557638e-05  7.786253036672562e-01  4.325674084057667e-02  2.384845776586722e+00  1.965492582863245e+00  8.939415984832212e-01  7.786592214872403e-01  1.557318342810365e+00  7.786591714023868e-01 
-3.000000000000000e+01  1.042908072946470e+00  2.952002911855688e-06 -1.563280677921839e-05  7.730154387182674e-01  4.419843458069436e-02  2.384436680273564e+00  1.955991265472943e+00  8.891045798477971e-01  7.730519324709582e-01  1.546103763629470e+00  7.730518818119135e-01 
-2.500000000000000e+01  1.043013089194403e+00  3.012887309925572e-06 -1.594696150993472e-05  7.673833890739430e-01  4.514151002819863e-02  2.384060937489897e+00  1.946511713674260e+00  8.842791669752267e-01  7.674225503198177e-01  1.534844998188937e+00  7.674224990916647e-01 
-2.000000000000000e+01  1.043103562781432e+00  3.073716187984070e-06 -1.626097291869400e-05  7.617293318916755e-01  4.608597236462866e-02  2.383718355668388e+00  1.937053642261981e+00  8.794648283044941e-01  7.617712501267785e-01  1.523542396677667e+00  7.617711983360775e-01 
-1.500000000000000e+01  1.043179722284212e+00  3.134486666852272e-06 -1.657482843319206e-05  7.560534364242864e-01  4.703182696271616e-02  2.383408761204489e+00  1.927616780526113e+00  8.746610826174888e-01  7.560981989650064e-01  1.512196293240676e+00  7.560981466176059e-01 
-1.000000000000000e+01  1.043241789324529e+00  3.195195892204936e-06 -1.688851560283522e-05  7.503558641311455e-01  4.797907913881420e-02  2.383131998900341e+00  1.918200874764332e+00  8.698674947870971e-01  7.504035559954999e-01  1.500807006205925e+00  7.504035031001680e-01 
-5.000000000000000e+00  1.043289980645406e+00  3.255841049311503e-06 -1.720202217301826e-05  7.446367694248659e-01  4.892773435859320e-02  2.382887929934851e+00  1.908805684113605e+00  8.650836739975449e-01  7.446874732334362e-01  1.489374839601507e+00  7.446874197979267e-01 
 0.000000000000000e+00  1.043324508548475e+00  3.316419363241663e-06 -1.751533608353166e-05  7.388963001174015e-01  4.987779826227143e-02  2.382676430619892e+00  1.899430979520723e+00  8.603092712263049e-01  7.389500960105021e-01  1.477900084094660e+00  7.389500420443939e-01 
 5.000000000000000e+00  1.043345581217874e+00  3.376928098671473e-06 -1.782844546720518e-05  7.331345977974074e-01  5.082927666364969e-02  2.382497391280087e+00  1.890076542728069e+00  8.555439766801070e-01  7.331915633513583e-01  1.466383017735102e+00  7.331915088644851e-01 
 1.000000000000000e+01  1.043353402685325e+00  3.437364556354560e-06 -1.814133863025273e-05  7.273517981311588e-01  5.178217551622411e-02  2.382350715381034e+00  1.880742165981343e+00  8.507875172506034e-01  7.274120082989491e-01  1.454823906610843e+00  7.274119533019001e-01 
 1.500000000000000e+01  1.043348173356257e+00  3.497726075571571e-06 -1.845400406353805e-05  7.215480312033449e-01  5.273650092280307e-02  2.382236318482580e+00  1.871427651074395e+00  8.460396543815631e-01  7.216115582580913e-01  1.443223005533122e+00  7.216115027622765e-01 
 2.000000000000000e+01  1.043330090240182e+00  3.558010033716542e-06 -1.876643043733679e-05  7.157234218068667e-01  5.369225912600027e-02  2.382154127398855e+00  1.862132808731206e+00  8.413001818927472e-01  7.157903352941226e-01  1.431580558633126e+00  7.157902793108292e-01 
 2.500000000000000e+01  1.043299347390795e+00  3.618213848269867e-06 -1.907860660896796e-05  7.098780897212730e-01  5.464945650526632e-02  2.382104079319893e+00  1.852857457817587e+00  8.365689240856661e-01  7.099484564302572e-01  1.419896799958419e+00  7.099483999708376e-01 
 3.000000000000000e+01  1.043256136812656e+00  3.678334983567524e-06 -1.939052165310764e-05  7.040121500232139e-01  5.560809960817664e-02  2.382086120788559e+00  1.843601424141374e+00  8.318457341702666e-01  7.040860339588011e-01  1.408171954092263e+00  7.040859770329445e-01 
 3.500000000000000e+01  1.043200649472632e+00  3.738370958811016e-06 -1.970216489702087e-05  6.981257133774054e-01  5.656819518022786e-02  2.382100206668305e+00  1.834364539179278e+00  8.271304929115872e-01  6.982031757447136e-01  1.396406236764253e+00  6.982031183600085e-01 
 4.000000000000000e+01  1.043133076832597e+00  3.798319361385054e-06 -2.001352597742330e-05  6.922188863469441e-01  5.752975021858882e-02  2.382146298926443e+00  1.825146638187979e+00  8.224231076289551e-01  6.922999855526003e-01  1.384599855496472e+00  6.922999277097425e-01 
 4.500000000000000e+01  1.043053613840378e+00  3.858177874894328e-06 -2.032459496951612e-05  6.862917718018469e-01  5.849277210206619e-02  2.382224364780864e+00  1.815947556885181e+00  8.177235121016220e-01  6.863765634642435e-01  1.372753010443133e+00  6.863765051531504e-01 
 5.000000000000000e+01  1.042962462925640e+00  3.917944317242413e-06 -2.063536255765266e-05  6.803444693887103e-01  5.945726877126152e-02  2.382334374412877e+00  1.806767126735826e+00  8.130316670716035e-01  6.804330063590442e-01  1.360865895343528e+00  6.804329475494999e-01 
 5.500000000000000e+01  1.042859840329893e+00  3.977616701767323e-06 -2.094582031019929e-05  6.743770761399117e-01  6.042324901162070e-02  2.382476297637042e+00  1.797605167961326e+00  8.083475620808295e-01  6.744694085492048e-01  1.348938698787077e+00  6.744693491745875e-01 
 6.000000000000000e+01  1.042745986075753e+00  4.037193335012078e-06 -2.125596112296188e-05  6.683896873459332e-01  6.139072292172079e-02  2.382650098883250e+00  1.788461478204831e+00  8.036712192764326e-01  6.684858626687340e-01  1.336971605976804e+00  6.684858025974700e-01 
 6.500000000000000e+01  1.042621177918567e+00  4.096672953218632e-06 -2.156577983579072e-05  6.623823976834622e-01  6.235970256159815e-02  2.382855730356127e+00  1.779335816412282e+00  7.990026993554985e-01  6.624824608398495e-01  1.324964801047365e+00  6.624823998295791e-01 
 7.000000000000000e+01  1.042485750582613e+00  4.156054911289429e-06 -2.187527409381255e-05  6.563553027099273e-01  6.333020285520696e-02  2.383093122715001e+00  1.770227879819744e+00  7.943421102107748e-01  6.564592962067675e-01  1.312918470100233e+00  6.564592338271750e-01 
 7.500000000000000e+01  1.042340118758215e+00  4.215339408085864e-06 -2.218444538687381e-05  6.503085005805961e-01  6.430224264917783e-02  2.383362173985919e+00  1.761137274744999e+00  7.896896174114891e-01  6.504164647225669e-01  1.300832804724936e+00  6.504164002269223e-01 
 8.000000000000000e+01  1.042184798656641e+00  4.274527696142649e-06 -2.249330005448619e-05  6.442420935953641e-01  6.527584566212044e-02  2.383662739120222e+00  1.752063484275401e+00  7.850454535119162e-01  6.443540667949892e-01  1.288708005216001e+00  6.443539989147554e-01 
 8.500000000000000e+01  1.042020419487201e+00  4.333622190111973e-06 -2.280184990060094e-05  6.381561889098638e-01  6.625104087490585e-02  2.383994624238675e+00  1.743005839032646e+00  7.804099213587867e-01  6.382722081437247e-01  1.276544282157803e+00  6.382721347567943e-01 
 9.000000000000000e+01  1.041847718242458e+00  4.392626409370983e-06 -2.311011216138619e-05  6.320508978641884e-01  6.722786199175668e-02  2.384357588702414e+00  1.733963493990752e+00  7.757833875841366e-01  6.321709993610422e-01  1.264341855364674e+00  6.321709169747536e-01 
 9.500000000000000e+01  1.041667526589414e+00  4.451544843051835e-06 -2.341810924229254e-05  6.259263345304986e-01  6.820634637814592e-02  2.384751350995116e+00  1.724935398212344e+00  7.711662705837787e-01  6.260505547911189e-01  1.252100951336591e+00  6.260504577273438e-01 
 1.000000000000000e+02  1.041480779222637e+00  4.510383030119499e-06 -2.372586953524495e-05  6.197826155382995e-01  6.918653486654122e-02  2.385175584696304e+00  1.715920222714411e+00  7.665590381552911e-01  6.199109928447116e-01  1.239821803460974e+00  6.199108719944039e-01 
 1.050000000000000e+02  1.041288580706302e+00  4.569148219903219e-06 -2.403343096878012e-05  6.136198637900450e-01  7.016847419443935e-02  2.385629887107862e+00  1.706916201661959e+00  7.619622336688031e-01  6.137524404148968e-01  1.227504660186080e+00  6.137522813379799e-01 
 1.100000000000000e+02  1.041092350958932e+00  4.627850808580132e-06 -2.434084822029902e-05  6.074382173699220e-01  7.115222295436263e-02  2.386113710873473e+00  1.697920853615420e+00  7.573765401124793e-01  6.075750427930446e-01  1.215149803903321e+00  6.075748228666542e-01 
 1.150000000000000e+02  1.040894057601908e+00  4.686506627585996e-06 -2.464820405859982e-05  6.012378440080648e-01  7.213786130130560e-02  2.386626254411942e+00  1.688930556003554e+00  7.528028843434125e-01  6.013789795695137e-01  1.202757581351878e+00  6.013786637443271e-01 
 1.200000000000000e+02  1.040696542117112e+00  4.745140147040331e-06 -2.495562524423259e-05  5.950189612702043e-01  7.312550453158717e-02  2.387166307568140e+00  1.679939940068597e+00  7.482425826840924e-01  5.951644868726290e-01  1.190328446101991e+00  5.951640214350243e-01 
 1.250000000000000e+02  1.040503965313928e+00  4.803788838922407e-06 -2.526330429153792e-05  5.887818638858779e-01  7.411532149011864e-02  2.387732040130161e+00  1.670941046759081e+00  7.436975378023160e-01  5.889318875859039e-01  1.177863016146917e+00  5.889311910806906e-01 
