 temp-sweep             v(vref)                i(vload)               i(vdd)                 v(vbe)                 v(dvbe)                v(pbias)               v(pcasc)               v(xbgr.c2)             v(xbgr.vbe3)           v(xbgr.vd1)            v(xbgr.vd2)           
-4.000000000000000e+01  1.042596914928681e+00  2.829505265626616e-06 -1.507855534897077e-05  7.842086235361755e-01  4.230788635989582e-02  2.572401242649635e+00  2.162211761908196e+00  8.124968992097734e-01  7.842400882331401e-01  1.568480089100777e+00  7.842400445475916e-01 
-3.500000000000000e+01  1.042730495525069e+00  2.890479765626906e-06 -1.539375354909969e-05  7.786210374291185e-01  4.324801933401096e-02  2.571876394949715e+00  2.152607983818079e+00  8.077878452052547e-01  7.786549853656429e-01  1.557309882454959e+00  7.786549412246814e-01 
-3.000000000000000e+01  1.042849060208532e+00  2.951404664085152e-06 -1.570884599012444e-05  7.730110810225000e-01  4.418952911397323e-02  2.571384609845449e+00  2.143025767527980e+00  8.030914862519490e-01  7.730476057030178e-01  1.546095122229877e+00  7.730475611120857e-01 
-2.500000000000000e+01  1.042952848120915e+00  3.012276989983350e-06 -1.602381980719261e-05  7.673789398420876e-01  4.513242066017197e-02  2.570925686176514e+00  2.133464823982608e+00  7.984072499095725e-01  7.674181328442594e-01  1.534836175624034e+00  7.674180878092181e-01 
-2.000000000000000e+01  1.043042092904059e+00  3.073093818682453e-06 -1.633866236540587e-05  7.617247910381075e-01  4.607669916021735e-02  2.570499443077097e+00  2.123924879615478e+00  7.937346178496174e-01  7.617667418777289e-01  1.523533392813791e+00  7.617666964040569e-01 
-1.500000000000000e+01  1.043117022879086e+00  3.133852269092958e-06 -1.665336124660570e-05  7.560488038496588e-01  4.702236998917238e-02  2.570105718459928e+00  2.114405675287387e+00  7.890731225660415e-01  7.560935998580623e-01  1.512187107912041e+00  7.560935539532574e-01 
-1.000000000000000e+01  1.043177859599330e+00  3.194549486889539e-06 -1.696790416310149e-05  7.503511397342385e-01  4.796943847427649e-02  2.569744368311639e+00  2.104906968292140e+00  7.844223432515829e-01  7.503988659420354e-01  1.500797639232957e+00  7.503988196137154e-01 
-5.000000000000000e+00  1.043224819444569e+00  3.255182654364163e-06 -1.728227900631369e-05  7.446319530810518e-01  4.891791007822639e-02  2.569415264858518e+00  2.095428528942632e+00  7.797819037407027e-01  7.446826921190001e-01  1.489365290756900e+00  7.446826453755944e-01 
 0.000000000000000e+00  1.043258114405003e+00  3.315748994042736e-06 -1.759647386301647e-05  7.388913916889582e-01  4.986779044589904e-02  2.569118295144382e+00  2.085970138820095e+00  7.751514700441711e-01  7.389452236988545e-01  1.477890353103439e+00  7.389451765487378e-01 
 5.000000000000000e+00  1.043277951896783e+00  3.376245763580916e-06 -1.791047698834303e-05  7.331295970948474e-01  5.081908537046371e-02  2.568853360145116e+00  2.076531590594089e+00  7.705307475477854e-01  7.331865996505826e-01  1.466373104215088e+00  7.331865521044294e-01 
 1.000000000000000e+01  1.043284535217376e+00  3.436670257007501e-06 -1.822427681084297e-05  7.273467049244254e-01  5.177180079312962e-02  2.568620373663419e+00  2.067112686954934e+00  7.659194786177754e-01  7.274069529644739e-01  1.454813810070661e+00  7.274069050317827e-01 
 1.500000000000000e+01  1.043278063222725e+00  3.497019798686057e-06 -1.853786189938401e-05  7.215428451640640e-01  5.272594276629628e-02  2.568419261678882e+00  2.057713240669180e+00  7.613174400140420e-01  7.216064109322565e-01  1.443212725256836e+00  7.216063626240786e-01 
 2.000000000000000e+01  1.043258731046466e+00  3.557291747865456e-06 -1.885122098494244e-05  7.157181424891584e-01  5.368151747017020e-02  2.568249961265806e+00  2.048333073326636e+00  7.567244409277737e-01  7.157850954829403e-01  1.431570093631238e+00  7.157850468099772e-01 
 2.500000000000000e+01  1.043226729678661e+00  3.617483491970977e-06 -1.916434292321728e-05  7.098727164822535e-01  5.463853116911198e-02  2.568112420127472e+00  2.038972015473293e+00  7.521403205855146e-01  7.099431234151098e-01  1.419886148792176e+00  7.099430743877827e-01 
 3.000000000000000e+01  1.043182246451257e+00  3.677592449323743e-06 -1.947721670719966e-05  7.040066819147883e-01  5.559699022361662e-02  2.568006595746999e+00  2.029629905824287e+00  7.475649464452728e-01  7.040806066785967e-01  1.408161114637995e+00  7.040805573057987e-01 
 3.500000000000000e+01  1.043125465212887e+00  3.737616068559592e-06 -1.978983146144970e-05  6.981201489744178e-01  5.655690107712059e-02  2.567932454756152e+00  2.020306590582837e+00  7.429982123330483e-01  6.981976526165984e-01  1.396395205852854e+00  6.981976029042136e-01 
 4.000000000000000e+01  1.043056566703817e+00  3.797551830761009e-06 -2.010217644875592e-05  6.922132235029801e-01  5.751827026111887e-02  2.567889972234273e+00  2.011001922764987e+00  7.384400368336387e-01  6.922943642060723e-01  1.384588628387144e+00  6.922943141550176e-01 
 4.500000000000000e+01  1.042975729078207e+00  3.857397252684632e-06 -2.041424108551772e-05  6.862860072212646e-01  5.848110440093361e-02  2.567879131004808e+00  2.001715761122377e+00  7.338903618099631e-01  6.863708402955293e-01  1.372741579925089e+00  6.863707898941521e-01 
 5.000000000000000e+01  1.042883128702158e+00  3.917149893178432e-06 -2.072601496708507e-05  6.803385979644972e-01  5.944541023786243e-02  2.567899920826983e+00  1.992447968511245e+00  7.293491511898308e-01  6.804271758485000e-01  1.360854250374753e+00  6.804271250651296e-01 
 5.500000000000000e+01  1.042778941557877e+00  3.976807365671203e-06 -2.103748793050222e-05  6.743710899490338e-01  6.041119468086742e-02  2.567952337331755e+00  1.983198409379672e+00  7.248163901344191e-01  6.744634622170118e-01  1.348926822403840e+00  6.744634109829126e-01 
 6.000000000000000e+01  1.042663345420878e+00  4.036367358540668e-06 -2.134865014877241e-05  6.683835740657271e-01  6.137846488388730e-02  2.568036380619645e+00  1.973966945828147e+00  7.202920846399343e-01  6.684797874576237e-01  1.336959472062119e+00  6.684797356400827e-01 
 6.500000000000000e+01  1.042536523240210e+00  4.095827667309845e-06 -2.165949228963412e-05  6.623761382471018e-01  6.234722838027165e-02  2.568152053313891e+00  1.964753431416236e+00  7.157762617765264e-01  6.624762367188940e-01  1.324952369535511e+00  6.624761840734985e-01 
 7.000000000000000e+01  1.042398668777190e+00  4.155186249759718e-06 -2.197000578107132e-05  6.563488679675973e-01  6.331749331342952e-02  2.568299357531854e+00  1.955557700894543e+00  7.112689710359369e-01  6.564528927739520e-01  1.312905680183312e+00  6.564528388684990e-01 
 7.500000000000000e+01  1.042249995212759e+00  4.214441310151248e-06 -2.228018322905873e-05  6.503018469141648e-01  6.428926878889184e-02  2.568478290442774e+00  1.946379554444509e+00  7.067702870716533e-01  6.504098367483646e-01  1.300819565940027e+00  6.504097808339786e-01 
 8.000000000000000e+01  1.042090748574531e+00  4.273591431528824e-06 -2.259001906349423e-05  6.442351579584717e-01  6.526256543552540e-02  2.568688837491975e+00  1.937218733037527e+00  7.022803146668049e-01  6.443471491644602e-01  1.288694187327298e+00  6.443470899695678e-01 
 8.500000000000000e+01  1.041921229329464e+00  4.332635788569265e-06 -2.289951059044259e-05  6.381488846237076e-01  6.623739630610093e-02  2.568930961644565e+00  1.928074878921667e+00  6.977991974389119e-01  6.382649115423981e-01  1.276529706532741e+00  6.382648469428764e-01 
 9.000000000000000e+01  1.041741824144786e+00  4.391574461007144e-06 -2.320865953429678e-05  6.320431131805150e-01  6.721377820769017e-02  2.569204587635538e+00  1.918947476855513e+00  6.933271310364524e-01  6.321632086786282e-01  1.264326291776340e+00  6.321631351780080e-01 
 9.500000000000000e+01  1.041553055100110e+00  4.450408918827727e-06 -2.351747443476633e-05  6.259179358226850e-01  6.819173376585526e-02  2.569509577647526e+00  1.909835763103385e+00  6.888643841461338e-01  6.260421321122490e-01  1.252084123948302e+00  6.260420440286171e-01 
 1.000000000000000e+02  1.041355651931378e+00  4.509142733874843e-06 -2.382597416204115e-05  6.197734552569553e-01  6.917129444801251e-02  2.569845695599632e+00  1.900738590921293e+00  6.844113296164136e-01  6.199017851480610e-01  1.239803406219705e+00  6.199016733656203e-01 
 1.050000000000000e+02  1.041150659041592e+00  4.567782632739986e-06 -2.413419312698515e-05  6.136097914461064e-01  7.015250504562490e-02  2.570212554202209e+00  1.891654230030209e+00  6.799684908287702e-01  6.137422902359886e-01  1.227484378154348e+00  6.137421403076231e-01 
 1.100000000000000e+02  1.040939587825429e+00  4.626339993036714e-06 -2.444218870736860e-05  6.074270910959928e-01  7.113543001289105e-02  2.570609539477569e+00  1.882580077378401e+00  6.755366074915483e-01  6.075637994035222e-01  1.215127335608264e+00  6.075635886934730e-01 
 1.150000000000000e+02  1.040724632610448e+00  4.684832961044145e-06 -2.475005179576568e-05  6.012255409916801e-01  7.212016240983193e-02  2.571035703551855e+00  1.873512241265846e+00  6.711167285992211e-01  6.013665089648288e-01  1.202732658763402e+00  6.013662024050669e-01 
 1.200000000000000e+02  1.040508968274600e+00  4.743289365380349e-06 -2.505792138824057e-05  5.950053861913953e-01  7.310683612975430e-02  2.571489616567792e+00  1.864444955781009e+00  6.667103393777446e-01  5.951506796764023e-01  1.190300850436373e+00  5.951502235241992e-01 
 1.250000000000000e+02  1.040297158702166e+00  4.801750708631228e-06 -2.536600466566303e-05  5.887669547253614e-01  7.409564252562628e-02  2.571969163046890e+00  1.855369761677303e+00  6.623195339786282e-01  5.889166642539042e-01  1.177832588269391e+00  5.889159770084953e-01 
