 frequency                ac_re                    ac_im                   
 1.00000000000000000e+00  1.99834445557039899e+01 -5.76756236246795617e-06 
 1.02329299228075410e+00  1.99834445557039437e+01 -5.90190614805562724e-06 
 1.04712854805089939e+00  1.99834445557039011e+01 -6.03937920240418536e-06 
 1.07151930523760619e+00  1.99834445557038478e+01 -6.18005441554617685e-06 
 1.09647819614318465e+00  1.99834445557038016e+01 -6.32400637534211563e-06 
 1.12201845430196312e+00  1.99834445557037483e+01 -6.47131140702639076e-06 
 1.14815362149688238e+00  1.99834445557036950e+01 -6.62204761367659563e-06 
 1.17489755493952908e+00  1.99834445557036382e+01 -6.77629491762472991e-06 
 1.20226443461741250e+00  1.99834445557035636e+01 -6.93413510283318553e-06 
 1.23026877081238117e+00  1.99834445557034961e+01 -7.09565185825716021e-06 
 1.25892541179416684e+00  1.99834445557034286e+01 -7.26093082221847395e-06 
 1.28824955169313360e+00  1.99834445557033611e+01 -7.43005962781147831e-06 
 1.31825673855640679e+00  1.99834445557032900e+01 -7.60312794936770775e-06 
 1.34896288259165331e+00  1.99834445557032012e+01 -7.78022755000180063e-06 
 1.38038426460288455e+00  1.99834445557031266e+01 -7.96145233026659304e-06 
 1.41253754462275394e+00  1.99834445557030556e+01 -8.14689837793900063e-06 
 1.44543977074592700e+00  1.99834445557029667e+01 -8.33666401896824323e-06 
 1.47910838816820678e+00  1.99834445557028708e+01 -8.53084986960933695e-06 
 1.51356124843620754e+00  1.99834445557027749e+01 -8.72955888977046591e-06 
 1.54881661891248057e+00  1.99834445557026683e+01 -8.93289643760413709e-06 
 1.58489319246111271e+00  1.99834445557025653e+01 -9.14097032537009755e-06 
 1.62181009735892911e+00  1.99834445557024516e+01 -9.35389087659738170e-06 
 1.65958690743755977e+00  1.99834445557023344e+01 -9.57177098458110291e-06 
 1.69824365246174347e+00  1.99834445557022136e+01 -9.79472617223805022e-06 
 1.73780082874937447e+00  1.99834445557020857e+01 -1.00228746533599454e-05 
 1.77827941003892165e+00  1.99834445557019471e+01 -1.02563373952915417e-05 
 1.81970085860998210e+00  1.99834445557018228e+01 -1.04952381830688833e-05 
 1.86208713666286596e+00  1.99834445557016664e+01 -1.07397036850516415e-05 
 1.90546071796324568e+00  1.99834445557015066e+01 -1.09898635200851957e-05 
 1.94984459975804381e+00  1.99834445557013574e+01 -1.12458503262248498e-05 
 1.99526231496887796e+00  1.99834445557011904e+01 -1.15077998310641188e-05 
 2.04173794466952740e+00  1.99834445557010092e+01 -1.17758509236976402e-05 
 2.08929613085403743e+00  1.99834445557008280e+01 -1.20501457283622708e-05 
 2.13796208950222999e+00  1.99834445557006397e+01 -1.23308296797950331e-05 
 2.18776162394955032e+00  1.99834445557004301e+01 -1.26180516003416382e-05 
 2.23872113856833721e+00  1.99834445557002383e+01 -1.29119637788665900e-05 
 2.29086765276777049e+00  1.99834445557000038e+01 -1.32127220514971399e-05 
 2.34422881531991933e+00  1.99834445556997942e+01 -1.35204858842502089e-05 
 2.39883291901948770e+00  1.99834445556995490e+01 -1.38354184575837887e-05 
 2.45470891568502747e+00  1.99834445556992861e+01 -1.41576867529171480e-05 
 2.51188643150957702e+00  1.99834445556990232e+01 -1.44874616411661649e-05 
 2.57039578276886038e+00  1.99834445556987426e+01 -1.48249179733413323e-05 
 2.63026799189537819e+00  1.99834445556984512e+01 -1.51702346732568593e-05 
 2.69153480392691202e+00  1.99834445556981564e+01 -1.55235948323983916e-05 
 2.75422870333816272e+00  1.99834445556978224e+01 -1.58851858069986742e-05 
 2.81838293126444972e+00  1.99834445556974991e+01 -1.62551993173789970e-05 
 2.88403150312660150e+00  1.99834445556971403e+01 -1.66338315496006360e-05 
 2.95120922666638119e+00  1.99834445556967673e+01 -1.70212832594846057e-05 
 3.01995172040201165e+00  1.99834445556963836e+01 -1.74177598790560941e-05 
 3.09029543251358563e+00  1.99834445556959928e+01 -1.78234716254665843e-05 
 3.16227766016837419e+00  1.99834445556955700e+01 -1.82386336124547336e-05 
 3.23593656929627738e+00  1.99834445556951223e+01 -1.86634659644005965e-05 
 3.31131121482590540e+00  1.99834445556946676e+01 -1.90981939330415235e-05 
 3.38844156139201980e+00  1.99834445556941773e+01 -1.95430480168996189e-05 
 3.46736850452531042e+00  1.99834445556936799e+01 -1.99982640834995892e-05 
 3.54813389233574838e+00  1.99834445556931435e+01 -2.04640834944241728e-05 
 3.63078054770100689e+00  1.99834445556925893e+01 -2.09407532332921582e-05 
 3.71535229097171849e+00  1.99834445556920173e+01 -2.14285260367079695e-05 
 3.80189396320560480e+00  1.99834445556914027e+01 -2.19276605282684087e-05 
 3.89045144994279868e+00  1.99834445556907809e+01 -2.24384213556885072e-05 
 3.98107170553496470e+00  1.99834445556900953e+01 -2.29610793311181238e-05 
 4.07380277804111923e+00  1.99834445556894025e+01 -2.34959115747350836e-05 
 4.16869383470334576e+00  1.99834445556886813e+01 -2.40432016616737017e-05 
 4.26579518801591817e+00  1.99834445556879068e+01 -2.46032397723830783e-05 
 4.36515832240165125e+00  1.99834445556871287e+01 -2.51763228464816728e-05 
 4.46683592150962205e+00  1.99834445556862690e+01 -2.57627547402017105e-05 
 4.57088189614874096e+00  1.99834445556853915e+01 -2.63628463874952255e-05 
 4.67735141287197198e+00  1.99834445556844642e+01 -2.69769159648972839e-05 
 4.78630092322637335e+00  1.99834445556835334e+01 -2.76052890602246945e-05 
 4.89778819368445184e+00  1.99834445556825067e+01 -2.82482988452118228e-05 
 5.01187233627271223e+00  1.99834445556814444e+01 -2.89062862521563007e-05 
 5.12861383991363784e+00  1.99834445556803360e+01 -2.95796001546916388e-05 
 5.24807460249771474e+00  1.99834445556791387e+01 -3.02685975527627970e-05 
 5.37031796370251602e+00  1.99834445556779343e+01 -3.09736437619063211e-05 
 5.49540873857623335e+00  1.99834445556766624e+01 -3.16951126069577692e-05 
 5.62341325190347785e+00  1.99834445556753586e+01 -3.24333866202475483e-05 
 5.75439937337155616e+00  1.99834445556739411e+01 -3.31888572444299297e-05 
 5.88843655355587625e+00  1.99834445556724880e+01 -3.39619250400294346e-05 
 6.02559586074356357e+00  1.99834445556709568e+01 -3.47529998978242833e-05 
 6.16595001861480707e+00  1.99834445556693403e+01 -3.55625012561750926e-05 
 6.30957344480191740e+00  1.99834445556676776e+01 -3.63908583234177750e-05 
 6.45654229034653948e+00  1.99834445556659226e+01 -3.72385103054326201e-05 
 6.60693448007594419e+00  1.99834445556641036e+01 -3.81059066385211779e-05 
 6.76082975391980145e+00  1.99834445556621816e+01 -3.89935072277006685e-05 
 6.91830970918934796e+00  1.99834445556601743e+01 -3.99017826905518253e-05 
 7.07945784384136179e+00  1.99834445556580675e+01 -4.08312146067476721e-05 
 7.24435960074988294e+00  1.99834445556558400e+01 -4.17822957733934286e-05 
 7.41310241300915695e+00  1.99834445556535059e+01 -4.27555304663114339e-05 
 7.58577575029181883e+00  1.99834445556510971e+01 -4.37514347074181961e-05 
 7.76247116628689771e+00  1.99834445556485782e+01 -4.47705365383263410e-05 
 7.94328234724279447e+00  1.99834445556459208e+01 -4.58133763003135377e-05 
 8.12830516164097183e+00  1.99834445556431319e+01 -4.68805069208283576e-05 
 8.31763771102668947e+00  1.99834445556402187e+01 -4.79724942066465883e-05 
 8.51138038202374325e+00  1.99834445556371634e+01 -4.90899171438856211e-05 
 8.70963589956078366e+00  1.99834445556339766e+01 -5.02333682049739213e-05 
 8.91250938133743098e+00  1.99834445556306193e+01 -5.14034536628030456e-05 
 9.12010839355907166e+00  1.99834445556271305e+01 -5.26007939121682906e-05 
 9.33254300796988367e+00  1.99834445556234570e+01 -5.38260237987176718e-05 
 9.54992586021433176e+00  1.99834445556196023e+01 -5.50797929555577346e-05 
 9.77237220955807828e+00  1.99834445556155913e+01 -5.63627661476884365e-05 
 9.99999999999996980e+00  1.99834445556114133e+01 -5.76756236244787640e-05 
 1.02329299228075108e+01  1.99834445556069653e+01 -5.90190614803424898e-05 
 1.04712854805089641e+01  1.99834445556023788e+01 -6.03937920238102477e-05 
 1.07151930523760317e+01  1.99834445555975115e+01 -6.18005441552170996e-05 
 1.09647819614318163e+01  1.99834445555924631e+01 -6.32400637531567905e-05 
 1.12201845430195988e+01  1.99834445555871660e+01 -6.47131140699797551e-05 
 1.14815362149687914e+01  1.99834445555816167e+01 -6.62204761364628168e-05 
 1.17489755493952579e+01  1.99834445555758151e+01 -6.77629491759220706e-05 
 1.20226443461740899e+01  1.99834445555697187e+01 -6.93413510279835215e-05 
 1.23026877081237753e+01  1.99834445555633700e+01 -7.09565185821966918e-05 
 1.25892541179416302e+01  1.99834445555566873e+01 -7.26093082217833645e-05 
 1.28824955169312965e+01  1.99834445555496814e+01 -7.43005962776859897e-05 
 1.31825673855640257e+01  1.99834445555423876e+01 -7.60312794932151565e-05 
 1.34896288259164887e+01  1.99834445555347173e+01 -7.78022754995254804e-05 
 1.38038426460287997e+01  1.99834445555266846e+01 -7.96145233021361621e-05 
 1.41253754462274923e+01  1.99834445555183287e+01 -8.14689837788229449e-05 
 1.44543977074592220e+01  1.99834445555095108e+01 -8.33666401890768410e-05 
 1.47910838816820203e+01  1.99834445555003022e+01 -8.53084986954450098e-05 
 1.51356124843620261e+01  1.99834445554906459e+01 -8.72955888970078695e-05 
 1.54881661891247564e+01  1.99834445554805775e+01 -8.93289643752949485e-05 
 1.58489319246110760e+01  1.99834445554699904e+01 -9.14097032528995502e-05 
 1.62181009735892374e+01  1.99834445554589131e+01 -9.35389087651177073e-05 
 1.65958690743755426e+01  1.99834445554473312e+01 -9.57177098448905685e-05 
 1.69824365246173770e+01  1.99834445554351809e+01 -9.79472617213968496e-05 
 1.73780082874936852e+01  1.99834445554224658e+01 -1.00228746532544499e-04 
 1.77827941003891574e+01  1.99834445554091431e+01 -1.02563373951787085e-04 
 1.81970085860997628e+01  1.99834445553952200e+01 -1.04952381829479121e-04 
 1.86208713666286023e+01  1.99834445553806184e+01 -1.07397036849220197e-04 
 1.90546071796323986e+01  1.99834445553653417e+01 -1.09898635199462782e-04 
 1.94984459975803794e+01  1.99834445553493190e+01 -1.12458503260761975e-04 
 1.99526231496887192e+01  1.99834445553325892e+01 -1.15077998309048298e-04 
 2.04173794466952145e+01  1.99834445553150175e+01 -1.17758509235267784e-04 
 2.08929613085403147e+01  1.99834445552966571e+01 -1.20501457281794316e-04 
 2.13796208950222386e+01  1.99834445552773872e+01 -1.23308296795991544e-04 
 2.18776162394954419e+01  1.99834445552572681e+01 -1.26180516001317048e-04 
 2.23872113856833082e+01  1.99834445552361686e+01 -1.29119637786415797e-04 
 2.29086765276776383e+01  1.99834445552292550e+01 -1.32127220512804310e-04 
 2.34422881531991258e+01  1.99834445552061233e+01 -1.35204858840167727e-04 
 2.39883291901948077e+01  1.99834445551818902e+01 -1.38354184573331483e-04 
 2.45470891568502019e+01  1.99834445551565274e+01 -1.41576867526471912e-04 
 2.51188643150956956e+01  1.99834445551299495e+01 -1.44874616408754818e-04 
 2.57039578276885301e+01  1.99834445551021531e+01 -1.48249179730286653e-04 
 2.63026799189537073e+01  1.99834445550730173e+01 -1.51702346729205005e-04 
 2.69153480392690412e+01  1.99834445550425031e+01 -1.55235948320363385e-04 
 2.75422870333815446e+01  1.99834445550128699e+01 -1.58851858066139193e-04 
 2.81838293126444164e+01  1.99834445549794317e+01 -1.62551993169652946e-04 
 2.88403150312659342e+01  1.99834445549444091e+01 -1.66338315491555846e-04 
 2.95120922666637284e+01  1.99834445549077699e+01 -1.70212832590061879e-04 
 3.01995172040200295e+01  1.99834445548693651e+01 -1.74177598785413257e-04 
 3.09029543251357701e+01  1.99834445548291519e+01 -1.78234716249127813e-04 
 3.16227766016836540e+01  1.99834445547928787e+01 -1.82386336118733173e-04 
 3.23593656929626832e+01  1.99834445547487931e+01 -1.86634659637751108e-04 
 3.31131121482589634e+01  1.99834445547026114e+01 -1.90981939323687957e-04 
 3.38844156139201047e+01  1.99834445546542980e+01 -1.95430480161758814e-04 
 3.46736850452530092e+01  1.99834445546036932e+01 -1.99982640827213204e-04 
 3.54813389233573844e+01  1.99834445545485480e+01 -2.04640834935852707e-04 
 3.63078054770099712e+01  1.99834445544930617e+01 -2.09407532323901914e-04 
 3.71535229097170827e+01  1.99834445544349499e+01 -2.14285260357384780e-04 
 3.80189396320559467e+01  1.99834445543740991e+01 -2.19276605272265243e-04 
 3.89045144994278829e+01  1.99834445543103989e+01 -2.24384213545687804e-04 
 3.98107170553495422e+01  1.99834445542436612e+01 -2.29610793299157937e-04 
 4.07380277804110875e+01  1.99834445541738290e+01 -2.34959115734433482e-04 
 4.16869383470333474e+01  1.99834445541006538e+01 -2.40432016602872781e-04 
 4.26579518801590680e+01  1.99834445540240360e+01 -2.46032397708942688e-04 
 4.36515832240163917e+01  1.99834445539438441e+01 -2.51763228448835866e-04 
 4.46683592150961033e+01  1.99834445538598544e+01 -2.57627547384864451e-04 
 4.57088189614872888e+01  1.99834445537718821e+01 -2.63628463856539134e-04 
 4.67735141287195972e+01  1.99834445536797887e+01 -2.69769159629200698e-04 
 4.78630092322636074e+01  1.99834445535833680e+01 -2.76052890581028891e-04 
 4.89778819368443834e+01  1.99834445534823679e+01 -2.82482988429338944e-04 
 5.01187233627269819e+01  1.99834445533952767e+01 -2.89062862497792077e-04 
 5.12861383991362345e+01  1.99834445532845493e+01 -2.95796001521373764e-04 
 5.24807460249770017e+01  1.99834445531686207e+01 -3.02685975500182171e-04 
 5.37031796370250092e+01  1.99834445530461373e+01 -3.09736437589567951e-04 
 5.49540873857621861e+01  1.99834445529189928e+01 -3.16951126037898592e-04 
 5.62341325190346311e+01  1.99834445527858691e+01 -3.24333866168451850e-04 
 5.75439937337154106e+01  1.99834445526464677e+01 -3.31888572407767742e-04 
 5.88843655355586080e+01  1.99834445525005009e+01 -3.39619250361071490e-04 
 6.02559586074354741e+01  1.99834445523476987e+01 -3.47529998936136676e-04 
 6.16595001861479091e+01  1.99834445521981259e+01 -3.55625012517006838e-04 
 6.30957344480190088e+01  1.99834445520294679e+01 -3.63908583186098506e-04 
 6.45654229034652190e+01  1.99834445518539923e+01 -3.72385103002699773e-04 
 6.60693448007592536e+01  1.99834445516702210e+01 -3.81059066329784925e-04 
 6.76082975391978209e+01  1.99834445514849044e+01 -3.89935072217860381e-04 
 6.91830970918932877e+01  1.99834445512868761e+01 -3.99017826842194639e-04 
 7.07945784384134242e+01  1.99834445510748040e+01 -4.08312145999455503e-04 
 7.24435960074986269e+01  1.99834445508539105e+01 -4.17822957660897887e-04 
 7.41310241300913617e+01  1.99834445506214671e+01 -4.27555304584680972e-04 
 7.58577575029179769e+01  1.99834445503792182e+01 -4.37514346989980598e-04 
 7.76247116628687621e+01  1.99834445501314093e+01 -4.47705365293209049e-04 
 7.94328234724277280e+01  1.99834445498971611e+01 -4.58133762908179609e-04 
 8.12830516164094945e+01  1.99834445496237656e+01 -4.68805069106565124e-04 
 8.31763771102666567e+01  1.99834445493325177e+01 -4.79724941957205869e-04 
 8.51138038202371945e+01  1.99834445490275883e+01 -4.90899171321472678e-04 
 8.70963589956076021e+01  1.99834445487071797e+01 -5.02333681923652843e-04 
 8.91250938133740789e+01  1.99834445483902812e+01 -5.14034536493703648e-04 
 9.12010839355904892e+01  1.99834445480390563e+01 -5.26007938977335440e-04 
 9.33254300796986058e+01  1.99834445476745941e+01 -5.38260237832308792e-04 
 9.54992586021430867e+01  1.99834445473013034e+01 -5.50797929389956168e-04 
 9.77237220955805412e+01  1.99834445469027280e+01 -5.63627661299236212e-04 
 9.99999999999994600e+01  1.99834445464969619e+01 -5.76756236055075652e-04 
 1.02329299228074859e+02  1.99834445460550505e+01 -5.90190614599574886e-04 
 1.04712854805089378e+02  1.99834445456052379e+01 -6.03937920020071331e-04 
 1.07151930523760043e+02  1.99834445451324250e+01 -6.18005441318742973e-04 
 1.09647819614317882e+02  1.99834445446334144e+01 -6.32400637281438642e-04 
 1.12201845430195704e+02  1.99834445441032003e+01 -6.47131140431117156e-04 
 1.14815362149687616e+02  1.99834445435519257e+01 -6.62204761076435277e-04 
 1.17489755493952273e+02  1.99834445429985443e+01 -6.77629491451993480e-04 
 1.20226443461740587e+02  1.99834445423900640e+01 -6.93413509949773093e-04 
 1.23026877081237430e+02  1.99834445417552793e+01 -7.09565185467708032e-04 
 1.25892541179415971e+02  1.99834445411091153e+01 -7.26093081839224988e-04 
 1.28824955169312631e+02  1.99834445404116750e+01 -7.43005962370278010e-04 
 1.31825673855639934e+02  1.99834445397011393e+01 -7.60312794497422137e-04 
 1.34896288259164550e+02  1.99834445389526927e+01 -7.78022754530018935e-04 
 1.38038426460287639e+02  1.99834445381749894e+01 -7.96145232523998159e-04 
 1.41253754462274571e+02  1.99834445373466387e+01 -8.14689837254985454e-04 
 1.44543977074591879e+02  1.99834445364812687e+01 -8.33666401319418829e-04 
 1.47910838816819847e+02  1.99834445355638834e+01 -8.53084986341030491e-04 
 1.51356124843619909e+02  1.99834445346340068e+01 -8.72955888314788609e-04 
 1.54881661891247205e+02  1.99834445336464199e+01 -8.93289643051405221e-04 
 1.58489319246110398e+02  1.99834445325950121e+01 -9.14097031776008907e-04 
 1.62181009735892019e+02  1.99834445315099565e+01 -9.35389086844786149e-04 
 1.65958690743755056e+02  1.99834445303517718e+01 -9.57177097582706375e-04 
 1.69824365246173386e+02  1.99834445291473379e+01 -9.79472616284764218e-04 
 1.73780082874936454e+02  1.99834445279012769e+01 -1.00228746433047352e-03 
 1.77827941003891169e+02  1.99834445265771627e+01 -1.02563373844996629e-03 
 1.81970085860997187e+02  1.99834445252217172e+01 -1.04952381715263214e-03 
 1.86208713666285547e+02  1.99834445237947911e+01 -1.07397036726964682e-03 
 1.90546071796323474e+02  1.99834445222833210e+01 -1.09898635068353986e-03 
 1.94984459975803247e+02  1.99834445207258256e+01 -1.12458503120525148e-03 
 1.99526231496886652e+02  1.99834445190547640e+01 -1.15077998158471953e-03 
 2.04173794466951591e+02  1.99834445173366291e+01 -1.17758509074044324e-03 
 2.08929613085402565e+02  1.99834445155305751e+01 -1.20501457109077159e-03 
 2.13796208950221796e+02  1.99834445136358987e+01 -1.23308296610910605e-03 
 2.18776162394953815e+02  1.99834445116534916e+01 -1.26180515802995562e-03 
 2.23872113856832470e+02  1.99834445095742801e+01 -1.29119637573864104e-03 
 2.29086765276775765e+02  1.99834445073921181e+01 -1.32127220284688866e-03 
 2.34422881531990640e+02  1.99834445051173795e+01 -1.35204858595785321e-03 
 2.39883291901947445e+02  1.99834445027698457e+01 -1.38354184312099041e-03 
 2.45470891568501401e+02  1.99834445002590542e+01 -1.41576867246312292e-03 
 2.51188643150956324e+02  1.99834444976431129e+01 -1.44874616108530579e-03 
 2.57039578276884640e+02  1.99834444949330958e+01 -1.48249179409078407e-03 
 2.63026799189536405e+02  1.99834444920522749e+01 -1.51702346384729688e-03 
 2.69153480392689744e+02  1.99834444890588827e+01 -1.55235947951387252e-03 
 2.75422870333814785e+02  1.99834444859073130e+01 -1.58851857670522342e-03 
 2.81838293126443489e+02  1.99834444826357007e+01 -1.62551992746107644e-03 
 2.88403150312658624e+02  1.99834444792070229e+01 -1.66338315038036793e-03 
 2.95120922666636545e+02  1.99834444755949434e+01 -1.70212832103986073e-03 
 3.01995172040199520e+02  1.99834444718270383e+01 -1.74177598264755999e-03 
 3.09029543251356870e+02  1.99834444678505889e+01 -1.78234715690764496e-03 
 3.16227766016835687e+02  1.99834444637066007e+01 -1.82386335520239376e-03 
 3.23593656929625979e+02  1.99834444593489664e+01 -1.86634658995973239e-03 
 3.31131121482588753e+02  1.99834444547985939e+01 -1.90981938635827208e-03 
 3.38844156139200152e+02  1.99834444500377018e+01 -1.95430479424621786e-03 
 3.46736850452529154e+02  1.99834444450921218e+01 -1.99982640038239576e-03 
 3.54813389233572877e+02  1.99834444398624846e+01 -2.04640834090074426e-03 
 3.63078054770098674e+02  1.99834444344112967e+01 -2.09407531417835600e-03 
 3.71535229097169804e+02  1.99834444286847734e+01 -2.14285259386293473e-03 
 3.80189396320558387e+02  1.99834444227202503e+01 -2.19276604232324134e-03 
 3.89045144994277734e+02  1.99834444164462575e+01 -2.24384212431218881e-03 
 3.98107170553494313e+02  1.99834444098760962e+01 -2.29610792104846919e-03 
 4.07380277804109710e+02  1.99834444030190141e+01 -2.34959114455165130e-03 
 4.16869383470332309e+02  1.99834443957974166e+01 -2.40432015231431193e-03 
 4.26579518801589472e+02  1.99834443882926607e+01 -2.46032396240352617e-03 
 4.36515832240162695e+02  1.99834443803954898e+01 -2.51763226874998679e-03 
 4.46683592150959782e+02  1.99834443721473711e+01 -2.57627545698964865e-03 
 4.57088189614871624e+02  1.99834443634854573e+01 -2.63628462049725907e-03 
 4.67735141287194722e+02  1.99834443544289009e+01 -2.69769157693330094e-03 
 4.78630092322634766e+02  1.99834443449330124e+01 -2.76052888506366900e-03 
 4.89778819368442498e+02  1.99834443349903239e+01 -2.82482986206040922e-03 
 5.01187233627268483e+02  1.99834443245934565e+01 -2.89062860114974469e-03 
 5.12861383991360981e+02  1.99834443137116189e+01 -2.95795998968630992e-03 
 5.24807460249768610e+02  1.99834443022744210e+01 -3.02685972763784734e-03 
 5.37031796370248685e+02  1.99834442903237957e+01 -3.09736434657267683e-03 
 5.49540873857620340e+02  1.99834442778684114e+01 -3.16951122897933188e-03 
 5.62341325190344719e+02  1.99834442647910144e+01 -3.24333862804663175e-03 
 5.75439937337152401e+02  1.99834442511037160e+01 -3.31888568804350774e-03 
 5.88843655355584360e+02  1.99834442367340124e+01 -3.39619246499472992e-03 
 6.02559586074352978e+02  1.99834442216968036e+01 -3.47529994798225893e-03 
 6.16595001861477272e+02  1.99834442059247834e+01 -3.55625008081453730e-03 
 6.30957344480188226e+02  1.99834441894247448e+01 -3.63908578432833862e-03 
 6.45654229034650371e+02  1.99834441721515397e+01 -3.72385097909134089e-03 
 6.60693448007590746e+02  1.99834441540844558e+01 -3.81059060872387294e-03 
 6.76082975391976333e+02  1.99834441351414220e+01 -3.89935066369212968e-03 
 6.91830970918930916e+02  1.99834441153517020e+01 -3.99017820576760569e-03 
 7.07945784384132139e+02  1.99834440946171767e+01 -4.08312139286939012e-03 
 7.24435960074984109e+02  1.99834440728870604e+01 -4.17822950468493305e-03 
 7.41310241300911343e+02  1.99834440501307320e+01 -4.27555296877941363e-03 
 7.58577575029177410e+02  1.99834440262850386e+01 -4.37514338731250299e-03 
 7.76247116628685148e+02  1.99834440013415460e+01 -4.47705356444026096e-03 
 7.94328234724274694e+02  1.99834439752014887e+01 -4.58133753423813940e-03 
 8.12830516164092273e+02  1.99834439478326651e+01 -4.68805058943249850e-03 
 8.31763771102663895e+02  1.99834439192152331e+01 -4.79724931069139965e-03 
 8.51138038202369216e+02  1.99834438892227375e+01 -4.90899159655190567e-03 
 8.70963589956073179e+02  1.99834438578172424e+01 -5.02333669423653349e-03 
 8.91250938133737918e+02  1.99834438248850503e+01 -5.14034523096357394e-03 
 9.12010839355901908e+02  1.99834437905076534e+01 -5.26007924626401609e-03 
 9.33254300796982989e+02  1.99834437544356867e+01 -5.38260222454574506e-03 
 9.54992586021427655e+02  1.99834437166605206e+01 -5.50797912911310094e-03 
 9.77237220955802172e+02  1.99834436770949111e+01 -5.63627643640698776e-03 
 9.99999999999991246e+02  1.99834436357127103e+01 -5.76756217134771765e-03 
 1.02329299228074512e+03  1.99834435923266724e+01 -5.90190594324659871e-03 
 1.04712854805089023e+03  1.99834435469318166e+01 -6.03937898295384308e-03 
 1.07151930523759688e+03  1.99834434993816252e+01 -6.18005418039436691e-03 
 1.09647819614317518e+03  1.99834434496142883e+01 -6.32400612338564726e-03 
 1.12201845430195340e+03  1.99834433974898076e+01 -6.47131113705283478e-03 
 1.14815362149687235e+03  1.99834433429160043e+01 -6.62204732440414313e-03 
 1.17489755493951884e+03  1.99834432857587956e+01 -6.77629460766374352e-03 
 1.20226443461740200e+03  1.99834432259377124e+01 -6.93413477072916257e-03 
 1.23026877081237035e+03  1.99834431632665499e+01 -7.09565150240027212e-03 
 1.25892541179415571e+03  1.99834430976388902e+01 -7.26093044090759480e-03 
 1.28824955169312216e+03  1.99834430288759961e+01 -7.43005921918832128e-03 
 1.31825673855639502e+03  1.99834429569659058e+01 -7.60312751156181233e-03 
 1.34896288259164112e+03  1.99834428815824729e+01 -7.78022708084953347e-03 
 1.38038426460287201e+03  1.99834428027459090e+01 -7.96145182762115003e-03 
 1.41253754462274105e+03  1.99834427200984841e+01 -8.14689783931222579e-03 
 1.44543977074591385e+03  1.99834426335692683e+01 -8.33666344179785114e-03 
 1.47910838816819341e+03  1.99834425429781497e+01 -8.53084925115830082e-03 
 1.51356124843619386e+03  1.99834424481277644e+01 -8.72955822709505641e-03 
 1.54881661891246677e+03  1.99834423488066619e+01 -8.93289572754038183e-03 
 1.58489319246109858e+03  1.99834422448123021e+01 -9.14096956453745724e-03 
 1.62181009735891462e+03  1.99834421358947907e+01 -9.35389006134039469e-03 
 1.65958690743754482e+03  1.99834420218625404e+01 -9.57177011102960072e-03 
 1.69824365246172806e+03  1.99834419024683534e+01 -9.79472523623831255e-03 
 1.73780082874935874e+03  1.99834417773720538e+01 -1.00228736503532711e-02 
 1.77827941003890555e+03  1.99834416464451508e+01 -1.02563363205639430e-02 
 1.81970085860996574e+03  1.99834415093331543e+01 -1.04952370314750736e-02 
 1.86208713666284916e+03  1.99834413657836194e+01 -1.07397024511252520e-02 
 1.90546071796322849e+03  1.99834412154136061e+01 -1.09898621978661119e-02 
 1.94984459975802611e+03  1.99834410580249084e+01 -1.12458489094866779e-02 
 1.99526231496885998e+03  1.99834408932205108e+01 -1.15077983130518913e-02 
 2.04173794466950926e+03  1.99834407205623528e+01 -1.17758492970435197e-02 
 2.08929613085401888e+03  1.99834405398549038e+01 -1.20501439854275600e-02 
 2.13796208950221080e+03  1.99834403505867328e+01 -1.23308278121963717e-02 
 2.18776162394953053e+03  1.99834401524045440e+01 -1.26180495991744905e-02 
 2.23872113856831720e+03  1.99834399448712112e+01 -1.29119616345577740e-02 
 2.29086765276774986e+03  1.99834397275776894e+01 -1.32127197538408226e-02 
 2.34422881531989833e+03  1.99834395000414737e+01 -1.35204834222806426e-02 
 2.39883291901946586e+03  1.99834392617874634e+01 -1.38354158195525528e-02 
 2.45470891568500519e+03  1.99834390122592751e+01 -1.41576839261596133e-02 
 2.51188643150955431e+03  1.99834387510287215e+01 -1.44874586122849779e-02 
 2.57039578276883731e+03  1.99834384774637215e+01 -1.48249147278367317e-02 
 2.63026799189535450e+03  1.99834381910370098e+01 -1.51702311956939256e-02 
 2.69153480392688743e+03  1.99834378910374717e+01 -1.55235911060453025e-02 
 2.75422870333813762e+03  1.99834375769488162e+01 -1.58851818141552900e-02 
 2.81838293126442431e+03  1.99834372480621241e+01 -1.62551950389926772e-02 
 2.88403150312657544e+03  1.99834369036525317e+01 -1.66338269652038344e-02 
 2.95120922666635443e+03  1.99834365430545127e+01 -1.70212783472832412e-02 
 3.01995172040198395e+03  1.99834361654061503e+01 -1.74177546154870855e-02 
 3.09029543251355744e+03  1.99834357699945144e+01 -1.78234659854745979e-02 
 3.16227766016834539e+03  1.99834353559649927e+01 -1.82386275691557333e-02 
 3.23593656929624785e+03  1.99834349223597130e+01 -1.86634594888090838e-02 
 3.31131121482587514e+03  1.99834344683341030e+01 -1.90981869942775453e-02 
 3.38844156139198867e+03  1.99834339929625528e+01 -1.95430405819583299e-02 
 3.46736850452527869e+03  1.99834334951829256e+01 -1.99982561168782214e-02 
 3.54813389233571570e+03  1.99834329738959262e+01 -2.04640749579874139e-02 
 3.63078054770097333e+03  1.99834324280576006e+01 -2.09407440863251318e-02 
 3.71535229097168440e+03  1.99834318565219071e+01 -2.14285162356128572e-02 
 3.80189396320556989e+03  1.99834312580341802e+01 -2.19276500262266145e-02 
 3.89045144994276279e+03  1.99834306313382903e+01 -2.24384101025600011e-02 
 3.98107170553492824e+03  1.99834299750959588e+01 -2.29610672731520790e-02 
 4.07380277804108209e+03  1.99834292879033200e+01 -2.34958986543121334e-02 
 4.16869383470330740e+03  1.99834285683493000e+01 -2.40431878171778676e-02 
 4.26579518801587892e+03  1.99834278149403772e+01 -2.46032249378962120e-02 
 4.36515832240161035e+03  1.99834270259900322e+01 -2.51763069510904970e-02 
 4.46683592150958066e+03  1.99834261997850113e+01 -2.57627377078160982e-02 
 4.57088189614869862e+03  1.99834253347515300e+01 -2.63628281371413274e-02 
 4.67735141287192891e+03  1.99834244288806921e+01 -2.69768964092425602e-02 
 4.78630092322632936e+03  1.99834234803114974e+01 -2.76052681058998987e-02 
 4.89778819368440691e+03  1.99834224870885855e+01 -2.82482763923585095e-02 
 5.01187233627266596e+03  1.99834214470138498e+01 -2.89062621934463373e-02 
 5.12861383991358980e+03  1.99834203579185932e+01 -2.95795743752681473e-02 
 5.24807460249766609e+03  1.99834192175652383e+01 -3.02685699298031949e-02 
 5.37031796370246593e+03  1.99834180234249175e+01 -3.09736141634256133e-02 
 5.49540873857618226e+03  1.99834167729958132e+01 -3.16950808916074966e-02 
 5.62341325190342559e+03  1.99834154636164349e+01 -3.24333526365630301e-02 
 5.75439937337150241e+03  1.99834140925907811e+01 -3.31888208304342569e-02 
 5.88843655355582086e+03  1.99834126569053510e+01 -3.39618860217249241e-02 
 6.02559586074350682e+03  1.99834111535924102e+01 -3.47529580890995407e-02 
 6.16595001861474884e+03  1.99834095793809858e+01 -3.55624564572460250e-02 
 6.30957344480185748e+03  1.99834079310171830e+01 -3.63908103206055517e-02 
 6.45654229034647778e+03  1.99834062049722014e+01 -3.72384588696038146e-02 
 6.60693448007588086e+03  1.99834043976027829e+01 -3.81058515242585633e-02 
 6.76082975391973650e+03  1.99834025050250652e+01 -3.89934481717910258e-02 
 6.91830970918928142e+03  1.99834005231687826e+01 -3.99017194106917605e-02 
 7.07945784384129365e+03  1.99833984480542135e+01 -4.08311468015486664e-02 
 7.24435960074981267e+03  1.99833962750881966e+01 -4.17822231189457979e-02 
 7.41310241300908456e+03  1.99833939996916605e+01 -4.27554526156850301e-02 
 7.58577575029174477e+03  1.99833916170950658e+01 -4.37513512891747960e-02 
 7.76247116628682215e+03  1.99833891222529907e+01 -4.47704471545239679e-02 
 7.94328234724271715e+03  1.99833865097472874e+01 -4.58132805238368815e-02 
 8.12830516164089204e+03  1.99833837741149623e+01 -4.68804042944708024e-02 
 8.31763771102660758e+03  1.99833809096305650e+01 -4.79723842409324405e-02 
 8.51138038202365897e+03  1.99833779101198772e+01 -4.90897993137700550e-02 
 8.70963589956069882e+03  1.99833747692428716e+01 -5.02332419480018694e-02 
 8.91250938133734417e+03  1.99833714803548652e+01 -5.14033183763604670e-02 
 9.12010839355898315e+03  1.99833680364589164e+01 -5.26006489504541180e-02 
 9.33254300796979260e+03  1.99833644302630944e+01 -5.38258684698215140e-02 
 9.54992586021423813e+03  1.99833606541209363e+01 -5.50796265180860320e-02 
 9.77237220955798148e+03  1.99833567000640357e+01 -5.63625878075222145e-02 
 9.99999999999987085e+03  1.99833525595657022e+01 -5.76754325297281073e-02 
 1.02329299228074087e+04  1.99833482240659848e+01 -5.90188567197837202e-02 
 1.04712854805088591e+04  1.99833436841692382e+01 -6.03935726195998709e-02 
 1.07151930523759238e+04  1.99833389303059050e+01 -6.18003090600319008e-02 
 1.09647819614317068e+04  1.99833339524493461e+01 -6.32398118451764635e-02 
 1.12201845430194880e+04  1.99833287399640049e+01 -6.47128441465942422e-02 
 1.14815362149686771e+04  1.99833232818495894e+01 -6.62201869094671269e-02 
 1.17489755493951416e+04  1.99833175666917136e+01 -6.77626392663578936e-02 
 1.20226443461739709e+04  1.99833115820441307e+01 -6.93410189555339618e-02 
 1.23026877081236526e+04  1.99833053153414468e+01 -7.09561627617715934e-02 
 1.25892541179415057e+04  1.99832987532722193e+01 -7.26089269548142457e-02 
 1.28824955169311688e+04  1.99832918820624279e+01 -7.43001877453825649e-02 
 1.31825673855638961e+04  1.99832846868801681e+01 -7.60308417443634754e-02 
 1.34896288259163575e+04  1.99832771527901620e+01 -7.78018064464530285e-02 
 1.38038426460286646e+04  1.99832692635930549e+01 -7.96140207057717264e-02 
 1.41253754462273537e+04  1.99832610025626849e+01 -8.14684452400489673e-02 
 1.44543977074590803e+04  1.99832523522483214e+01 -8.33660631378896899e-02 
 1.47910838816818741e+04  1.99832432943350753e+01 -8.53078803784397266e-02 
 1.51356124843618763e+04  1.99832338095045152e+01 -8.72949263627074146e-02 
 1.54881661891246022e+04  1.99832238776980375e+01 -8.93282544618508312e-02 
 1.58489319246109189e+04  1.99832134779496471e+01 -9.14089425734358335e-02 
 1.62181009735890784e+04  1.99832025880561197e+01 -9.35380936888969144e-02 
 1.65958690743753796e+04  1.99831911849852837e+01 -9.57168364823370726e-02 
 1.69824365246172092e+04  1.99831792445138632e+01 -9.79463259043428236e-02 
 1.73780082874935142e+04  1.99831667413978664e+01 -1.00227743795725827e-01 
 1.77827941003889828e+04  1.99831536491414816e+01 -1.02562299510929308e-01 
 1.81970085860995823e+04  1.99831399398713820e+01 -1.04951230556911246e-01 
 1.86208713666284166e+04  1.99831255845696028e+01 -1.07395803251321129e-01 
 1.90546071796322067e+04  1.99831105528197206e+01 -1.09897313390217438e-01 
 1.94984459975801801e+04  1.99830948127595533e+01 -1.12457086933546946e-01 
 1.99526231496885157e+04  1.99830783309116846e+01 -1.15076480704969786e-01 
 2.04173794466950058e+04  1.99830610725898090e+01 -1.17756883110087029e-01 
 2.08929613085400997e+04  1.99830430009141260e+01 -1.20499714881321274e-01 
 2.13796208950220171e+04  1.99830240775679968e+01 -1.23306429805651444e-01 
 2.18776162394952153e+04  1.99830042626524396e+01 -1.26178515515547596e-01 
 2.23872113856830765e+04  1.99829835139598373e+01 -1.29117494260150900e-01 
 2.29086765276774022e+04  1.99829617876036956e+01 -1.32124923720059601e-01 
 2.34422881531988860e+04  1.99829390375572302e+01 -1.35202397825206266e-01 
 2.39883291901945595e+04  1.99829152154255425e+01 -1.38351547594382812e-01 
 2.45470891568499501e+04  1.99828902709368563e+01 -1.41574042006588907e-01 
 2.51188643150954376e+04  1.99828641510015323e+01 -1.44871588868498602e-01 
 2.57039578276882639e+04  1.99828368003288332e+01 -1.48245935728382516e-01 
 2.63026799189534358e+04  1.99828081611408770e+01 -1.51698870796143748e-01 
 2.69153480392687634e+04  1.99827781724014528e+01 -1.55232223874965158e-01 
 2.75422870333812607e+04  1.99827467706428692e+01 -1.58847867344318772e-01 
 2.81838293126441240e+04  1.99827138893427048e+01 -1.62547717138990161e-01 
 2.88403150312656362e+04  1.99826794587881658e+01 -1.66333733759156749e-01 
 2.95120922666634215e+04  1.99826434061096769e+01 -1.70207923308395737e-01 
 3.01995172040197140e+04  1.99826056548016560e+01 -1.74172338544102079e-01 
 3.09029543251354444e+04  1.99825661247997282e+01 -1.78229079964128567e-01 
 3.16227766016833193e+04  1.99825247326704591e+01 -1.82380296921820062e-01 
 3.23593656929623394e+04  1.99824813902430769e+01 -1.86628188731084971e-01 
 3.31131121482586095e+04  1.99824360058790127e+01 -1.90975005857141916e-01 
 3.38844156139197439e+04  1.99823884834231684e+01 -1.95423051082358912e-01 
 3.46736850452526414e+04  1.99823387221220479e+01 -1.99974680719977399e-01 
 3.54813389233570124e+04  1.99822866167399411e+01 -2.04632305851280893e-01 
 3.63078054770095841e+04  1.99822320566085914e+01 -2.09398393616788941e-01 
 3.71535229097166884e+04  1.99821749263471951e+01 -2.14275468474802805e-01 
 3.80189396320555388e+04  1.99821151048773231e+01 -2.19266113550501268e-01 
 3.89045144994274669e+04  1.99820524654451788e+01 -2.24372971988673620e-01 
 3.98107170553491160e+04  1.99819868756203753e+01 -2.29598748348874115e-01 
 4.07380277804106518e+04  1.99819181960989347e+01 -2.34946209999076172e-01 
 4.16869383470329049e+04  1.99818462816758320e+01 -2.40418188601518645e-01 
 4.26579518801586164e+04  1.99817709801955807e+01 -2.46017581577389760e-01 
 4.36515832240159289e+04  1.99816921317912453e+01 -2.51747353610432878e-01 
 4.46683592150956247e+04  1.99816095698096703e+01 -2.57610538236645981e-01 
 4.57088189614867952e+04  1.99815231195967904e+01 -2.63610239393246182e-01 
 4.67735141287190927e+04  1.99814325978037779e+01 -2.69749633083565310e-01 
 4.78630092322630881e+04  1.99813378129948909e+01 -2.76031968989372101e-01 
 4.89778819368438562e+04  1.99812385648410853e+01 -2.82460572208305782e-01 
 5.01187233627264432e+04  1.99811346428128900e+01 -2.89038844945726237e-01 
 5.12861383991356779e+04  1.99810258274447818e+01 -2.95770268346784937e-01 
 5.24807460249764335e+04  1.99809118881328516e+01 -3.02658404250477020e-01 
 5.37031796370244265e+04  1.99807925840308123e+01 -3.09706897092869415e-01 
 5.49540873857615879e+04  1.99806676628919213e+01 -3.16919475764203706e-01 
 5.62341325190340212e+04  1.99805368602787787e+01 -3.24299955598566447e-01 
 5.75439937337147858e+04  1.99803998999741275e+01 -3.31852240300551327e-01 
 5.88843655355579685e+04  1.99802564920204588e+01 -3.39580323977118403e-01 
 6.02559586074348263e+04  1.99801063332294433e+01 -3.47488293236028034e-01 
 6.16595001861472410e+04  1.99799491064969175e+01 -3.55580329283152030e-01 
 6.30957344480183237e+04  1.99797844792882593e+01 -3.63860710119978559e-01 
 6.45654229034645250e+04  1.99796121039985266e+01 -3.72333812692072164e-01 
 6.60693448007585539e+04  1.99794316163450247e+01 -3.81004115179395142e-01 
 6.76082975391970976e+04  1.99792426349113903e+01 -3.89876199279491742e-01 
 6.91830970918925450e+04  1.99790447608537036e+01 -3.98954752666866197e-01 
 7.07945784384126600e+04  1.99788375763528272e+01 -4.08244571253413846e-01 
 7.24435960074978502e+04  1.99786206440713627e+01 -4.17750561739056003e-01 
 7.41310241300905618e+04  1.99783935060461957e+01 -4.27477744078474164e-01 
 7.58577575029171567e+04  1.99781556832045979e+01 -4.37431254156702976e-01 
 7.76247116628679214e+04  1.99779066737983371e+01 -4.47616346256500708e-01 
 7.94328234724268696e+04  1.99776459526275261e+01 -4.58038395811528665e-01 
 8.12830516164086148e+04  1.99773729702498493e+01 -4.68702902229802709e-01 
 8.31763771102657629e+04  1.99770871510120855e+01 -4.79615491505685609e-01 
 8.51138038202362804e+04  1.99767878928284262e+01 -4.90781919189846316e-01 
 8.70963589956066571e+04  1.99764745655257521e+01 -5.02208073358909601e-01 
 8.91250938133731106e+04  1.99761465088965764e+01 -5.13899977374047356e-01 
 9.12010839355895005e+04  1.99758030326200391e+01 -5.25863793192995588e-01 
 9.33254300796975876e+04  1.99754434140448076e+01 -5.38105824243069963e-01 
 9.54992586021420429e+04  1.99750668963258704e+01 -5.50632518631351098e-01 
 9.77237220955794764e+04  1.99746726882156977e+01 -5.63450472539697156e-01 
 9.99999999999983702e+04  1.99742599606890430e+01 -5.76566433209444340e-01 
 1.02329299228073738e+05  1.99738278470644914e+01 -5.89987302615100018e-01 
 1.04712854805088238e+05  1.99733754397156922e+01 -6.03720140703941310e-01 
 1.07151930523758885e+05  1.99729017889392892e+01 -6.17772168841204894e-01 
 1.09647819614316701e+05  1.99724059011816948e+01 -6.32150773600827942e-01 
 1.12201845430194502e+05  1.99718867363240449e+01 -6.46863510097201999e-01 
 1.14815362149686393e+05  1.99713432063724028e+01 -6.61918105965370374e-01 
 1.17489755493951030e+05  1.99707741728498753e+01 -6.77322464976531036e-01 
 1.20226443461739313e+05  1.99701784444603945e+01 -6.93084670951539583e-01 
 1.23026877081236133e+05  1.99695547748507209e+01 -7.09212991550691840e-01 
 1.25892541179414649e+05  1.99689018596767873e+01 -7.25715882433192738e-01 
 1.28824955169311273e+05  1.99682183349542903e+01 -7.42601991277828000e-01 
 1.31825673855638539e+05  1.99675027732894321e+01 -7.59880161859912806e-01 
 1.34896288259163121e+05  1.99667536815095623e+01 -7.77559438317451002e-01 
 1.38038426460286195e+05  1.99659694976451760e+01 -7.95649069397238784e-01 
 1.41253754462273093e+05  1.99651485880584971e+01 -8.14158513046200905e-01 
 1.44543977074590366e+05  1.99642892437345729e+01 -8.33097440419572677e-01 
 1.47910838816818286e+05  1.99633896771268731e+01 -8.52475740818521732e-01 
 1.51356124843618309e+05  1.99624480188647446e+01 -8.72303526083951120e-01 
 1.54881661891245574e+05  1.99614623139457272e+01 -8.92591135471019870e-01 
 1.58489319246108731e+05  1.99604305176424894e+01 -9.13349140130665371e-01 
 1.62181009735890315e+05  1.99593504919264717e+01 -9.34588348113560508e-01 
 1.65958690743753308e+05  1.99582200013421946e+01 -9.56319809445230651e-01 
 1.69824365246171597e+05  1.99570367081974211e+01 -9.78554820745841547e-01 
 1.73780082874934626e+05  1.99557981684982373e+01 -1.00130493074186044e+00 
 1.77827941003889282e+05  1.99545018275431154e+01 -1.02458194507746780e+00 
 1.81970085860995285e+05  1.99531450140431232e+01 -1.04839793179126239e+00 
 1.86208713666283613e+05  1.99517249363643216e+01 -1.07276522660428109e+00 
 1.90546071796321514e+05  1.99502386761812041e+01 -1.09769643825148022e+00 
 1.94984459975801234e+05  1.99486831835467378e+01 -1.12320445405204294e+00 
 1.99526231496884575e+05  1.99470552710073292e+01 -1.14930244546159788e+00 
 2.04173794466949475e+05  1.99453516080551623e+01 -1.17600387380167914e+00 
 2.08929613085400400e+05  1.99435687143276184e+01 -1.20332249585427764e+00 
 2.13796208950219559e+05  1.99417029537765877e+01 -1.23127237003194523e+00 
 2.18776162394951505e+05  1.99397505275463445e+01 -1.25986786180301169e+00 
 2.23872113856830110e+05  1.99377074674328227e+01 -1.28912365027077480e+00 
 2.29086765276773367e+05  1.99355696287347364e+01 -1.31905473377187632e+00 
 2.34422881531988183e+05  1.99333326828056201e+01 -1.34967643654028580e+00 
 2.39883291901944904e+05  1.99309921089907043e+01 -1.38100441469164226e+00 
 2.45470891568498802e+05  1.99285431867178247e+01 -1.41305466262535995e+00 
 2.51188643150953663e+05  1.99259809881105845e+01 -1.44584351998690464e+00 
 2.57039578276881919e+05  1.99233003677545604e+01 -1.47938767749432021e+00 
 2.63026799189533631e+05  1.99204959551317771e+01 -1.51370418447836341e+00 
 2.69153480392686906e+05  1.99175621448806268e+01 -1.54881045505124004e+00 
 2.75422870333811850e+05  1.99144930870885304e+01 -1.58472427558601670e+00 
 2.81838293126440491e+05  1.99112826777664331e+01 -1.62146381150508945e+00 
 2.88403150312655605e+05  1.99079245483362541e+01 -1.65904761489149899e+00 
 2.95120922666633443e+05  1.99044120545169996e+01 -1.69749463121333966e+00 
 3.01995172040196368e+05  1.99007382664875898e+01 -1.73682420770944845e+00 
 3.09029543251353665e+05  1.98968959562631298e+01 -1.77705610054955665e+00 
 3.16227766016832436e+05  1.98928775870318510e+01 -1.81821048309829747e+00 
 3.23593656929622637e+05  1.98886752994642180e+01 -1.86030795364482882e+00 
 3.31131121482585324e+05  1.98842809006889816e+01 -1.90336954442037731e+00 
 3.38844156139196653e+05  1.98796858500913096e+01 -1.94741672971279689e+00 
 3.46736850452525599e+05  1.98748812464136080e+01 -1.99247143491511980e+00 
 3.54813389233569265e+05  1.98698578129018131e+01 -2.03855604585209216e+00 
 3.63078054770094983e+05  1.98646058840229642e+01 -2.08569341835258815e+00 
 3.71535229097166040e+05  1.98591153887320928e+01 -2.13390688785961924e+00 
 3.80189396320554544e+05  1.98533758365949531e+01 -2.18322028011417402e+00 
 3.89045144994273782e+05  1.98473763004516819e+01 -2.23365792200450430e+00 
 3.98107170553490287e+05  1.98411053995329887e+01 -2.28524465240464991e+00 
 4.07380277804105601e+05  1.98345512827528907e+01 -2.33800583472026613e+00 
 4.16869383470328117e+05  1.98277016098912284e+01 -2.39196736887678085e+00 
 4.26579518801585189e+05  1.98205435329945203e+01 -2.44715570456035181e+00 
 4.36515832240158285e+05  1.98130636762538295e+01 -2.50359785540841129e+00 
 4.46683592150955228e+05  1.98052481156587490e+01 -2.56132141339752639e+00 
 4.57088189614866918e+05  1.97970823577288364e+01 -2.62035456495458430e+00 
 4.67735141287189908e+05  1.97885513158044191e+01 -2.68072610750684781e+00 
 4.78630092322629876e+05  1.97796392880635246e+01 -2.74246546682534209e+00 
 4.89778819368437515e+05  1.97703299308882556e+01 -2.80560271695806351e+00 
 5.01187233627263398e+05  1.97606062336178887e+01 -2.87016859994981033e+00 
 5.12861383991355775e+05  1.97504504904529092e+01 -2.93619454753927167e+00 
 5.24807460249763331e+05  1.97398442710037507e+01 -3.00371270554737846e+00 
 5.37031796370243188e+05  1.97287683892103658e+01 -3.07275595818031944e+00 
 5.49540873857614817e+05  1.97172028698469504e+01 -3.14335795502308857e+00 
 5.62341325190339121e+05  1.97051269130986384e+01 -3.21555314120473534e+00 
 5.75439937337146723e+05  1.96925188564377187e+01 -3.28937678753635598e+00 
 5.88843655355578521e+05  1.96793561337652569e+01 -3.36486502496286821e+00 
 6.02559586074347026e+05  1.96656152316894897e+01 -3.44205488098729839e+00 
 6.16595001861471217e+05  1.96512716415250281e+01 -3.52098431776770582e+00 
 6.30957344480182044e+05  1.96362998079998725e+01 -3.60169227551477267e+00 
 6.45654229034644086e+05  1.96206730737014610e+01 -3.68421871617024177e+00 
 6.60693448007584317e+05  1.96043636180993452e+01 -3.76860467310800740e+00 
 6.76082975391969783e+05  1.95873423908863309e+01 -3.85489230218858347e+00 
 6.91830970918924198e+05  1.95695790405857011e+01 -3.94312493714069623e+00 
 7.07945784384125262e+05  1.95510418344256074e+01 -4.03334714944942707e+00 
 7.24435960074977134e+05  1.95316975720325345e+01 -4.12560481193678985e+00 
 7.41310241300904308e+05  1.95115114894780426e+01 -4.21994516431652578e+00 
 7.58577575029170257e+05  1.94904471549652101e+01 -4.31641688644810362e+00 
 7.76247116628677933e+05  1.94684663532672850e+01 -4.41507017257182532e+00 
 7.94328234724267386e+05  1.94455289580097492e+01 -4.51595681151542205e+00 
 8.12830516164084780e+05  1.94215927922685161e+01 -4.61913026967064155e+00 
 8.31763771102656145e+05  1.93966134736272124e+01 -4.72464577929594043e+00 
 8.51138038202361204e+05  1.93705442440924642e+01 -4.83256042868223812e+00 
 8.70963589956064941e+05  1.93433357809943054e+01 -4.94293325659804594e+00 
 8.91250938133729389e+05  1.93149359910564762e+01 -5.05582534982249143e+00 
 9.12010839355893200e+05  1.92852897803137608e+01 -5.17129994271797333e+00 
 9.33254300796974101e+05  1.92543388022776334e+01 -5.28942251628094517e+00 
 9.54992586021418567e+05  1.92220211807054042e+01 -5.41026090056711606e+00 
 9.77237220955792814e+05  1.91882712025529614e+01 -5.53388537535362612e+00 
 9.99999999999981723e+05  1.91530189816702823e+01 -5.66036876612764583e+00 
 1.02329299228073540e+06  1.91161900888428171e+01 -5.78978654062696840e+00 
 1.04712854805088032e+06  1.90777051440300163e+01 -5.92221689606780188e+00 
 1.07151930523758661e+06  1.90374793709687218e+01 -6.05774083824400655e+00 
 1.09647819614316477e+06  1.89954221068447957e+01 -6.19644225224976530e+00 
 1.12201845430194261e+06  1.89514362672479777e+01 -6.33840795461682305e+00 
 1.14815362149686133e+06  1.89054177593101578e+01 -6.48372773005039704e+00 
 1.17489755493950751e+06  1.88572548422449415e+01 -6.63249434437940089e+00 
 1.20226443461739039e+06  1.88068274288392310e+01 -6.78480353019676219e+00 
 1.23026877081235847e+06  1.87540063249317548e+01 -6.94075393809979602e+00 
 1.25892541179414350e+06  1.86986524032620025e+01 -7.10044704698254847e+00 
 1.28824955169310956e+06  1.86406157066573073e+01 -7.26398702629391302e+00 
 1.31825673855638201e+06  1.85797344743990820e+01 -7.43148054151741810e+00 
 1.34896288259162800e+06  1.85158340912970694e+01 -7.60303649230207945e+00 
 1.38038426460285857e+06  1.84487259543645479e+01 -7.77876566833462846e+00 
 1.41253754462272744e+06  1.83782062504111821e+01 -7.95878031677395548e+00 
 1.44543977074589999e+06  1.83040546440408605e+01 -8.14319360122629909e+00 
 1.47910838816817920e+06  1.82260328745235114e+01 -8.33211893294602923e+00 
 1.51356124843617924e+06  1.81438832566696782e+01 -8.52566916090900406e+00 
 1.54881661891245167e+06  1.80573270853453778e+01 -8.72395559733069703e+00 
 1.58489319246108318e+06  1.79660629491166901e+01 -8.92708684745431391e+00 
 1.62181009735889896e+06  1.78697649504891629e+01 -9.13516742645373725e+00 
 1.65958690743752895e+06  1.77680808411505886e+01 -9.34829612182723046e+00 
 1.69824365246171178e+06  1.76606300818794075e+01 -9.56656407668299913e+00 
 1.73780082874934212e+06  1.75470018360501321e+01 -9.79005254761343835e+00 
 1.77827941003888869e+06  1.74267529265384802e+01 -1.00188302944759915e+01 
 1.81970085860994854e+06  1.72994057583905132e+01 -1.02529505686871580e+01 
 1.86208713666283176e+06  1.71644462703837810e+01 -1.04924476270638820e+01 
 1.90546071796321054e+06  1.70213219281814858e+01 -1.07373327393220919e+01 
 1.94984459975800780e+06  1.68694398314454688e+01 -1.09875896183574682e+01 
 1.99526231496884115e+06  1.67081649947199402e+01 -1.12431692169872299e+01 
 2.04173794466948998e+06  1.65368188848835196e+01 -1.15039838338113327e+01 
 2.08929613085399917e+06  1.63546783193009659e+01 -1.17699004620403578e+01 
 2.13796208950219071e+06  1.61609748479776485e+01 -1.20407333305007942e+01 
 2.18776162394951005e+06  1.59548947626568189e+01 -1.23162355857121000e+01 
 2.23872113856829610e+06  1.57355799195690391e+01 -1.25960900748021825e+01 
 2.29086765276772855e+06  1.55021295683270957e+01 -1.28798992152367155e+01 
 2.34422881531987665e+06  1.52536034410628893e+01 -1.31671739517536235e+01 
 2.39883291901944391e+06  1.49890263601807145e+01 -1.34573218457512578e+01 
 2.45470891568498267e+06  1.47073946839305272e+01 -1.37496343822542091e+01 
 2.51188643150953110e+06  1.44076849187995091e+01 -1.40432736434075061e+01 
 2.57039578276881343e+06  1.40888648691058762e+01 -1.43372585695296486e+01 
 2.63026799189533014e+06  1.37499076972069272e+01 -1.46304511246194107e+01 
 2.69153480392686278e+06  1.33898092758152707e+01 -1.49215427908081892e+01 
 2.75422870333811222e+06  1.30076091939642122e+01 -1.52090419441999725e+01 
 2.81838293126439815e+06  1.26024157140175053e+01 -1.54912628097467291e+01 
 2.88403150312654907e+06  1.21734349023450026e+01 -1.57663168465790626e+01 
 2.95120922666632757e+06  1.17200040103654359e+01 -1.60321075733564733e+01 
 3.01995172040195670e+06  1.12416289813556549e+01 -1.62863299953299823e+01 
 3.09029543251352943e+06  1.07380257075344154e+01 -1.65264759185245005e+01 
 3.16227766016831668e+06  1.02091643232938765e+01 -1.67498465156812770e+01 
 3.23593656929621845e+06  9.65531544585343404e+00 -1.69535735237964715e+01 
 3.31131121482584532e+06  9.07709678765434091e+00 -1.71346503419754761e+01 
 3.38844156139195804e+06  8.47551814161597150e+00 -1.72899740964627249e+01 
 3.46736850452524750e+06  7.85202221032450964e+00 -1.74163993297377466e+01 
 3.54813389233568404e+06  7.20851836691432091e+00 -1.75108034227537175e+01 
 3.63078054770094110e+06  6.54740612970941704e+00 -1.75701631162356264e+01 
 3.71535229097165121e+06  5.87158500876566602e+00 -1.75916405766592980e+01 
 3.80189396320553590e+06  5.18444756694744058e+00 -1.75726764644939522e+01 
 3.89045144994272804e+06  4.48985299189870268e+00 -1.75110863877700922e+01 
 3.98107170553489262e+06  3.79207933629158944e+00 -1.74051561789798797e+01 
 4.07380277804104565e+06  3.09575377301218690e+00 -1.72537306710621507e+01 
 4.16869383470327035e+06  2.40576170524900146e+00 -1.70562902464198309e+01 
 4.26579518801584095e+06  1.72713724942568292e+00 -1.68130095041676668e+01 
 4.36515832240157202e+06  1.06493929654167374e+00 -1.65247929979146022e+01 
 4.46683592150954157e+06  4.24118870645869062e-01 -1.61932841756809118e+01 
 4.57088189614865836e+06 -1.90615376595331842e-01 -1.58208453326739207e+01 
 4.67735141287188791e+06 -7.74926136986952674e-01 -1.54105083828321217e+01 
 4.78630092322628666e+06 -1.32496358988172247e+00 -1.49658984137337328e+01 
 4.89778819368436281e+06 -1.83746223315697410e+00 -1.44911340482233602e+01 
 5.01187233627262153e+06 -2.30981332379175130e+00 -1.39907102473171747e+01 
 5.12861383991354518e+06 -2.74010972087016480e+00 -1.34693704102021279e+01 
 5.24807460249761958e+06 -3.12716201409652683e+00 -1.29319750385450867e+01 
 5.37031796370241791e+06 -3.47048688209898470e+00 -1.23833740348527179e+01 
 5.49540873857613374e+06 -3.77027046086563988e+00 -1.18282889153668442e+01 
 5.62341325190337654e+06 -4.02731089321321090e+00 -1.12712099141708375e+01 
 5.75439937337145209e+06 -4.24294513089333414e+00 -1.07163114377703739e+01 
 5.88843655355576985e+06 -4.41896539658693310e+00 -1.01673876862860020e+01 
 6.02559586074345466e+06 -4.55753059867812205e+00 -9.62780876832766985e+00 
 6.16595001861469541e+06 -4.66107744515307143e+00 -9.10049631634657707e+00 
 6.30957344480180275e+06 -4.73223523480581143e+00 -8.58791665296865148e+00 
 6.45654229034642223e+06 -4.77374735819305940e+00 -8.09208889195753578e+00 
 6.60693448007582407e+06 -4.78840160821622707e+00 -7.61460504590455933e+00 
 6.76082975391967874e+06 -4.77897048973305960e+00 -7.15665914167579587e+00 
 6.91830970918922219e+06 -4.74816196779711763e+00 -6.71908251449844585e+00 
 7.07945784384123329e+06 -4.69858046310136590e+00 -6.30238274459379610e+00 
 7.24435960074975155e+06 -4.63269745936516131e+00 -5.90678409273245197e+00 
 7.41310241300902236e+06 -4.55283077691114269e+00 -5.53226770735082685e+00 
 7.58577575029168092e+06 -4.46113139733112884e+00 -5.17861028937385903e+00 
 7.76247116628675628e+06 -4.35957666572093849e+00 -4.84542028056139973e+00 
 7.94328234724264964e+06 -4.24996869846068925e+00 -4.53217096801975927e+00 
 8.12830516164082289e+06 -4.13393691718083112e+00 -4.23823017298796145e+00 
 8.31763771102653630e+06 -4.01294371684038875e+00 -3.96288640504310097e+00 
 8.51138038202358596e+06 -3.88829241755027688e+00 -3.70537152662166847e+00 
 8.70963589956062287e+06 -3.76113677185572648e+00 -3.46488008740868159e+00 
 8.91250938133726642e+06 -3.63249142703677430e+00 -3.24058556543270226e+00 
 9.12010839355890453e+06 -3.50324286776428817e+00 -3.03165379526669687e+00 
 9.33254300796971284e+06 -3.37416045651739172e+00 -2.83725388654133148e+00 
 9.54992586021415703e+06 -3.24590729503003050e+00 -2.65656693610291761e+00 
 9.77237220955790021e+06 -3.11905069520949541e+00 -2.48879282947583214e+00 
 9.99999999999978766e+06 -2.99407211637996795e+00 -2.33315540824344136e+00 
 1.02329299228073228e+07 -2.87137647741267354e+00 -2.18890625623606594e+00 
 1.04712854805087708e+07 -2.75130078918411503e+00 -2.05532733287344938e+00 
 1.07151930523758344e+07 -2.63412208572390227e+00 -1.93173265516174553e+00 
 1.09647819614316151e+07 -2.52006465499342758e+00 -1.81746920437705883e+00 
 1.12201845430193935e+07 -2.40930658680922072e+00 -1.71191720944709225e+00 
 1.14815362149685808e+07 -2.30198566781618830e+00 -1.61448993644008221e+00 
 1.17489755493950434e+07 -2.19820465997301184e+00 -1.52463309417870274e+00 
 1.20226443461738713e+07 -2.09803600407758672e+00 -1.44182394806687797e+00 
 1.23026877081235517e+07 -2.00152599256662089e+00 -1.36557021839345771e+00 
 1.25892541179414019e+07 -1.90869845574061370e+00 -1.29540882623886411e+00 
 1.28824955169310626e+07 -1.81955800489958985e+00 -1.23090453863995664e+00 
 1.31825673855637871e+07 -1.73409287425872671e+00 -1.17164855489521647e+00 
 1.34896288259162456e+07 -1.65227740142761581e+00 -1.11725706761754462e+00 
 1.38038426460285503e+07 -1.57407418450213843e+00 -1.06736982457186325e+00 
 1.41253754462272376e+07 -1.49943594880817876e+00 -1.02164871357851750e+00 
 1.44543977074589618e+07 -1.42830715685707133e+00 -9.79776385332822741e-01 
 1.47910838816817533e+07 -1.36062538995897553e+00 -9.41454927121636698e-01 
 1.51356124843617529e+07 -1.29632252843067874e+00 -9.06404596359597026e-01 
 1.54881661891244762e+07 -1.23532575456367222e+00 -8.74362620575391825e-01 
 1.58489319246107899e+07 -1.17755840118480659e+00 -8.45082067450593666e-01 
 1.62181009735889453e+07 -1.12294066492449485e+00 -8.18330788365200346e-01 
 1.65958690743752439e+07 -1.07139020321363865e+00 -7.93890435700841501e-01 
 1.69824365246170722e+07 -1.02282263139816632e+00 -7.71555553816730910e-01 
 1.73780082874933742e+07 -9.77151934161504032e-01 -7.51132743320477192e-01 
 1.77827941003888398e+07 -9.34290805738851482e-01 -7.32439895571799227e-01 
 1.81970085860994384e+07 -8.94150930454647330e-01 -7.15305495346582387e-01 
 1.86208713666282669e+07 -8.56643214566286892e-01 -6.99567988289131693e-01 
 1.90546071796320528e+07 -8.21677979242117829e-01 -6.85075209235337934e-01 
 1.94984459975800253e+07 -7.89165123287538739e-01 -6.71683867191489314e-01 
 1.99526231496883593e+07 -7.59014263124197064e-01 -6.59259082456920109e-01 
 2.04173794466948472e+07 -7.31134856556029722e-01 -6.47673971045980901e-01 
 2.08929613085399382e+07 -7.05436316094292470e-01 -6.36809271066697269e-01 
 2.13796208950218521e+07 -6.81828116060421818e-01 -6.26553006292167258e-01 
 2.18776162394950464e+07 -6.60219897529329303e-01 -6.16800181128605796e-01 
 2.23872113856829032e+07 -6.40521573503702313e-01 -6.07452502148001616e-01 
 2.29086765276772268e+07 -6.22643436298080610e-01 -5.98418120862565961e-01 
 2.34422881531987041e+07 -6.06496268081375245e-01 -5.89611392850769578e-01 
 2.39883291901943758e+07 -5.91991454853228460e-01 -5.80952648441861230e-01 
 2.45470891568497606e+07 -5.79041103036303184e-01 -5.72367971035361411e-01 
 2.51188643150952458e+07 -5.67558157665095764e-01 -5.63788978930117368e-01 
 2.57039578276880682e+07 -5.57456520143619350e-01 -5.55152607659804564e-01 
 2.63026799189532362e+07 -5.48651163375524442e-01 -5.46400889932789124e-01 
 2.69153480392685607e+07 -5.41058241243020710e-01 -5.37480731597083650e-01 
 2.75422870333810523e+07 -5.34595189580924002e-01 -5.28343682023775352e-01 
 2.81838293126439117e+07 -5.29180815213053823e-01 -5.18945698662745425e-01 
 2.88403150312654190e+07 -5.24735369805750418e-01 -5.09246905845557318e-01 
 2.95120922666632012e+07 -5.21180605117382623e-01 -4.99211349048621411e-01 
 3.01995172040194906e+07 -5.18439806563657068e-01 -4.88806746219909716e-01 
 3.09029543251352161e+07 -5.16437802109499300e-01 -4.78004238817865856e-01 
 3.16227766016830876e+07 -5.15100944003400119e-01 -4.66778145572416980e-01 
 3.23593656929621026e+07 -5.14357061161043072e-01 -4.55105722976711702e-01 
 3.31131121482583694e+07 -5.14135380717379631e-01 -4.42966936625337926e-01 
 3.38844156139194965e+07 -5.14366417656786146e-01 -4.30344248600349366e-01 
 3.46736850452523902e+07 -5.14981832284371444e-01 -4.17222426034768612e-01 
 3.54813389233567566e+07 -5.15914255899837748e-01 -4.03588376658079617e-01 
 3.63078054770093262e+07 -5.17097085794654410e-01 -3.89431017639149890e-01 
 3.71535229097164273e+07 -5.18464251599644266e-01 -3.74741183885173801e-01 
 3.80189396320552751e+07 -5.19949955771101147e-01 -3.59511583108498789e-01 
 3.89045144994271919e+07 -5.21488392158751646e-01 -3.43736804505580695e-01 
 3.98107170553488359e+07 -5.23013447705305667e-01 -3.27413389058271942e-01 
 4.07380277804103643e+07 -5.24458393873605155e-01 -3.10539969422253592e-01 
 4.16869383470326066e+07 -5.25755576237171729e-01 -2.93117487970246393e-01 
 4.26579518801583126e+07 -5.26836113026011410e-01 -2.75149501734430812e-01 
 4.36515832240156233e+07 -5.27629616331973361e-01 -2.56642582852101120e-01 
 4.46683592150953114e+07 -5.28063953166576949e-01 -2.37606822351326741e-01 
 4.57088189614864811e+07 -5.28065067677331190e-01 -2.18056443723939758e-01 
 4.67735141287187710e+07 -5.27556890311359217e-01 -1.98010529779479694e-01 
 4.78630092322627604e+07 -5.26461364405159449e-01 -1.77493862044838246e-01 
 4.89778819368435219e+07 -5.24698625235027527e-01 -1.56537865951044436e-01 
 5.01187233627261072e+07 -5.22187370388073502e-01 -1.35181646837786912e-01 
 5.12861383991353363e+07 -5.18845462624671683e-01 -1.13473091225048145e-01 
 5.24807460249760821e+07 -5.14590806746612506e-01 -9.14699954652392067e-02 
 5.37031796370240673e+07 -5.09342538896217389e-01 -6.92411691488682701e-02 
 5.49540873857612163e+07 -5.03022559879108822e-01 -4.68674450907735074e-02 
 5.62341325190336406e+07 -4.95557431642873802e-01 -2.44425111627851743e-02 
 5.75439937337143943e+07 -4.86880638244973296e-01 -2.07346432707792086e-03 
 5.88843655355575681e+07 -4.76935187742128619e-01  2.01190254396923784e-02 
 6.02559586074344143e+07 -4.65676499854950299e-01  4.20010608503359473e-02 
 6.16595001861468256e+07 -4.53075486143135531e-01  6.34264912136616316e-02 
 6.30957344480179027e+07 -4.39121687021808593e-01  8.42386203182335785e-02 
 6.45654229034640938e+07 -4.23826285656365598e-01  1.04272726402262150e-01 
 6.60693448007581085e+07 -4.07224779831460104e-01  1.23359426745110801e-01 
 6.76082975391966552e+07 -3.89379064853756673e-01  1.41328856357895577e-01 
 6.91830970918920934e+07 -3.70378672617637184e-01  1.58015552248538166e-01 
 7.07945784384122044e+07 -3.50340931169451808e-01  1.73263848841266777e-01 
 7.24435960074973851e+07 -3.29409859738116650e-01  1.86933506714203751e-01 
 7.41310241300900877e+07 -3.07753696930297915e-01  1.98905228691039965e-01 
 7.58577575029166788e+07 -2.85561068757520131e-01  2.09085677629796379e-01 
 7.76247116628674269e+07 -2.63035927346275566e-01  2.17411609795560845e-01 
 7.94328234724263549e+07 -2.40391514393696243e-01  2.23852782009562351e-01 
 8.12830516164080799e+07 -2.17843708288356724e-01  2.28413378702554681e-01 
 8.31763771102652103e+07 -1.95604183190919462e-01  2.31131827046987398e-01 
 8.51138038202357143e+07 -1.73873831229922254e-01  2.32079009024614646e-01 
 8.70963589956060797e+07 -1.52836871201321778e-01  2.31355019180911947e-01 
 8.91250938133725226e+07 -1.32655993237879299e-01  2.29084736429975622e-01 
 9.12010839355888963e+07 -1.13468781109232475e-01  2.25412562583223286e-01 
 9.33254300796969682e+07 -9.53855287041757427e-02  2.20496720381243405e-01 
 9.54992586021414101e+07 -7.84884429162318598e-02  2.14503499135822229e-01 
 9.77237220955788344e+07 -6.28321171532971456e-02  2.07601792639181409e-01 
 9.99999999999977052e+07 -4.84450789068066878e-02  1.99958203177182159e-01 
 1.02329299228073061e+08 -3.53321661984368623e-02  1.91732900035083226e-01 
 1.04712854805087537e+08 -2.34774707600287555e-02  1.83076333944561659e-01 
 1.07151930523758158e+08 -1.28475957009995569e-02  1.74126830215124401e-01 
 1.09647819614315957e+08 -3.39500505052437503e-03  1.65009019550398095e-01 
 1.12201845430193737e+08  4.93871604100650299e-03  1.55833019953406315e-01 
 1.14815362149685606e+08  1.22198255768580406e-02  1.46694255333282036e-01 
 1.17489755493950218e+08  1.85197036651462248e-02  1.37673784620205325e-01 
 1.20226443461738482e+08  2.39124963697039256e-02  1.28839015840161664e-01 
 1.23026877081235275e+08  2.84731418616409847e-02  1.20244689122286683e-01 
 1.25892541179413766e+08  3.22757712891229148e-02  1.11934027511728776e-01 
 1.28824955169310361e+08  3.53924593837782256e-02  1.03939971911398671e-01 
 1.31825673855637595e+08  3.78922889472578447e-02  9.62864342174886978e-02 
 1.34896288259162158e+08  3.98406879401535449e-02  8.89895193996035339e-02 
 1.38038426460285217e+08  4.12989964362044382e-02  8.20586819022320890e-02 
 1.41253754462272078e+08  4.23242221248199962e-02  7.54977940108516321e-02 
 1.44543977074589312e+08  4.29689463076282363e-02  6.93061136439980241e-02 
 1.47910838816817224e+08  4.32813465870889591e-02  6.34791465464397964e-02 
 1.51356124843617201e+08  4.33053071247631316e-02  5.80094033656377087e-02 
 1.54881661891244441e+08  4.30805920198964534e-02  5.28870559155550091e-02 
 1.58489319246107578e+08  4.26430617733378134e-02  4.81004993994014543e-02 
 1.62181009735889137e+08  4.20249167515400618e-02  4.36368287831292653e-02 
 1.65958690743752122e+08  4.12549550555462649e-02  3.94822381531026376e-02 
 1.69824365246170402e+08  4.03588351322243313e-02  3.56223519754218856e-02 
 1.73780082874933422e+08  3.93593359394121059e-02  3.20424968743619268e-02 
 1.77827941003888041e+08  3.82766094553261133e-02  2.87279220123584610e-02 
 1.81970085860994011e+08  3.71284219485278691e-02  2.56639754697402904e-02 
 1.86208713666282296e+08  3.59303816653746694e-02  2.28362432845398040e-02 
 1.90546071796320170e+08  3.46961515798569486e-02  2.02306570527967418e-02 
 1.94984459975799859e+08  3.34376465759366817e-02  1.78335752621462257e-02 
 1.99526231496883184e+08  3.21652149855288227e-02  1.56318428411945862e-02 
 2.04173794466948032e+08  3.08878047922763119e-02  1.36128327802222723e-02 
 2.08929613085398912e+08  2.96131150811934953e-02  1.17644731156698306e-02 
 2.13796208950218052e+08  2.83477335042357399e-02  1.00752620605769391e-02 
 2.18776162394949973e+08  2.70972606256859455e-02  8.53427363450887794e-03 
 2.23872113856828541e+08  2.58664220767220072e-02  7.13115575777736616e-03 
 2.29086765276771754e+08  2.46591694626346059e-02  5.85612244717236431e-03 
 2.34422881531986535e+08  2.34787709515487039e-02  4.69994147348919318e-03 
 2.39883291901943237e+08  2.23278924466445011e-02  3.65391859851056091e-03 
 2.45470891568497092e+08  2.12086701981102424e-02  2.70987930989097280e-03 
 2.51188643150951922e+08  2.01227756608396320e-02  1.86014880126404128e-03 
 2.57039578276880145e+08  1.90714733472422369e-02  1.09753080454633037e-03 
 2.63026799189531803e+08  1.80556723684432707e-02  4.15285761537353732e-04 
 2.69153480392684996e+08  1.70759723008661081e-02 -1.92891278054558755e-04 
 2.75422870333809912e+08  1.61327039580277491e-02 -7.32892721462337642e-04 
 2.81838293126438498e+08  1.52259655985750673e-02 -1.21022022587684232e-03 
 2.88403150312653542e+08  1.43556550485276959e-02 -1.63000603123524207e-03 
 2.95120922666631341e+08  1.35214981725777419e-02 -1.99703369707330235e-03 
 3.01995172040194213e+08  1.27230740854173685e-02 -2.31575814164500238e-03 
 3.09029543251351476e+08  1.19598374552716200e-02 -2.59032491201922031e-03 
 3.16227766016830146e+08  1.12311382162577772e-02 -2.82458863867015740e-03 
 3.23593656929620266e+08  1.05362389737043947e-02 -3.02213064908900264e-03 
 3.31131121482582927e+08  9.87433035673320435e-03 -3.18627572773954714e-03 
 3.38844156139194191e+08  9.24454454597959004e-03 -3.32010802558306258e-03 
 3.46736850452523053e+08  8.64596717996476798e-03 -3.42648612879982266e-03 
 3.54813389233566642e+08  8.07764782180135990e-03 -3.50805730758166909e-03 
 3.63078054770092309e+08  7.53860914831658725e-03 -3.56727096757050461e-03 
 3.71535229097163260e+08  7.02785500589840195e-03 -3.60639133377051646e-03 
 3.80189396320551693e+08  6.54437746146200629e-03 -3.62750939819498578e-03 
 3.89045144994270861e+08  6.08716296250270007e-03 -3.63255416519334996e-03 
 3.98107170553487301e+08  5.65519770771446759e-03 -3.62330322799142351e-03 
 4.07380277804102540e+08  5.24747231761437880e-03 -3.60139271267131966e-03 
 4.16869383470324934e+08  4.86298588479727040e-03 -3.56832662353254171e-03 
 4.26579518801581919e+08  4.50074947392005691e-03 -3.52548562450604765e-03 
 4.36515832240154982e+08  4.15978913356309515e-03 -3.47413528955567126e-03 
 4.46683592150951862e+08  3.83914847451907737e-03 -3.41543385457627156e-03 
 4.57088189614863515e+08  3.53789086287388012e-03 -3.35043950115451739e-03 
 4.67735141287186384e+08  3.25510127033156686e-03 -3.28011720149376041e-03 
 4.78630092322626233e+08  2.98988781910547105e-03 -3.20534515220478964e-03 
 4.89778819368433774e+08  2.74138305457845332e-03 -3.12692082246482502e-03 
 5.01187233627259552e+08  2.50874497446187863e-03 -3.04556664126095318e-03 
 5.12861383991351783e+08  2.29115784040232655e-03 -2.96193534577278384e-03 
 5.24807460249759197e+08  2.08783279447087491e-03 -2.87661501213503507e-03 
 5.37031796370239019e+08  1.89800830075631988e-03 -2.79013378772162684e-03 
 5.49540873857610464e+08  1.72095042991402794e-03 -2.70296434281763016e-03 
 5.62341325190334678e+08  1.55595300249183454e-03 -2.61552805822352821e-03 
 5.75439937337142229e+08  1.40233760556484569e-03 -2.52819896366736395e-03 
 5.88843655355573893e+08  1.25945349536813866e-03 -2.44130744113176370e-03 
 6.02559586074342251e+08  1.12667739773408652e-03 -2.35514370576395604e-03 
 6.16595001861466289e+08  1.00341321696887330e-03 -2.26996107617858777e-03 
 6.30957344480176926e+08  8.89091662972461600e-04 -2.18597904501496030e-03 
 6.45654229034638762e+08  7.83169805642924127e-04 -2.10338615981720467e-03 
 6.60693448007578850e+08  6.85130564842085696e-04 -2.02234272365865329e-03 
 6.76082975391964197e+08  5.94482143861535658e-04 -1.94298332416243552e-03 
 6.91830970918918490e+08  5.10757413548401282e-04 -1.86541919920304197e-03 
 7.07945784384119511e+08  4.33513253991680994e-04 -1.78974044698241739e-03 
 7.24435960074971199e+08  3.62329860138599878e-04 -1.71601808784035579e-03 
 7.41310241300898194e+08  2.96810017342543904e-04 -1.64430598479534725e-03 
 7.58577575029163957e+08  2.36578352540818163e-04 -1.57464262949268152e-03 
 7.76247116628671408e+08  1.81280566283610606e-04 -1.50705280002998176e-03 
 7.94328234724260688e+08  1.30582650637107225e-04 -1.44154909685330281e-03 
 8.12830516164077878e+08  8.41700974972841741e-05 -1.37813336277206795e-03 
 8.31763771102649093e+08  4.17471016816631354e-05 -1.31679799291561776e-03 
 8.51138038202354074e+08  3.03576268627389379e-06 -1.25752714033497827e-03 
 8.70963589956057668e+08 -3.22247111571965418e-05 -1.20029782276270401e-03 
 8.91250938133721948e+08 -6.42787928818390795e-05 -1.14508093593318461e-03 
 9.12010839355885625e+08 -9.33554183516539408e-05 -1.09184217869062717e-03 
 9.33254300796966314e+08 -1.19668756293708019e-04 -1.04054289498543449e-03 
 9.54992586021410584e+08 -1.43418964446157161e-04 -9.91140837706617562e-04 
 9.77237220955784678e+08 -1.64792929677667102e-04 -9.43590859150638772e-04 
 9.99999999999973416e+08 -1.83964990185870393e-04 -8.97845532772489192e-04 
