 frequency                ac_re                    ac_im                   
 1.00000000000000000e+00  1.99984788695290021e+01 -1.29295315822908009e-05 
 1.02329299228075410e+00  1.99984788695287108e+01 -1.32306990616307296e-05 
 1.04712854805089939e+00  1.99984788695283875e+01 -1.35388816327421173e-05 
 1.07151930523760619e+00  1.99984788695280535e+01 -1.38542426981034642e-05 
 1.09647819614318465e+00  1.99984788695277160e+01 -1.41769494663259106e-05 
 1.12201845430196312e+00  1.99984788695273608e+01 -1.45071730408095088e-05 
 1.14815362149688238e+00  1.99984788695269700e+01 -1.48450885104644345e-05 
 1.17489755493952908e+00  1.99984788695265792e+01 -1.51908750425455913e-05 
 1.20226443461741250e+00  1.99984788695261599e+01 -1.55447159776492713e-05 
 1.23026877081238117e+00  1.99984788695257301e+01 -1.59067989269229292e-05 
 1.25892541179416684e+00  1.99984788695252860e+01 -1.62773158715390048e-05 
 1.28824955169313360e+00  1.99984788695247957e+01 -1.66564632644858592e-05 
 1.31825673855640679e+00  1.99984788695243054e+01 -1.70444421347299048e-05 
 1.34896288259165331e+00  1.99984788695237867e+01 -1.74414581938036327e-05 
 1.38038426460288455e+00  1.99984788695232396e+01 -1.78477219448766395e-05 
 1.41253754462275394e+00  1.99984788695226534e+01 -1.82634487943673117e-05 
 1.44543977074592700e+00  1.99984788695220530e+01 -1.86888591661540552e-05 
 1.47910838816820678e+00  1.99984788695214277e+01 -1.91241786184469428e-05 
 1.51356124843620754e+00  1.99984788695207669e+01 -1.95696379633819157e-05 
 1.54881661891248057e+00  1.99984788695200706e+01 -2.00254733893996258e-05 
 1.58489319246111271e+00  1.99984788695193494e+01 -2.04919265864768346e-05 
 1.62181009735892911e+00  1.99984788695185998e+01 -2.09692448742728859e-05 
 1.65958690743755977e+00  1.99984788695178040e+01 -2.14576813332619495e-05 
 1.69824365246174347e+00  1.99984788695169726e+01 -2.19574949389198518e-05 
 1.73780082874937447e+00  1.99984788695161093e+01 -2.24689506990361331e-05 
 1.77827941003892165e+00  1.99984788695151998e+01 -2.29923197942246701e-05 
 1.81970085860998210e+00  1.99984788695142406e+01 -2.35278797217073802e-05 
 1.86208713666286596e+00  1.99984788695132387e+01 -2.40759144424467411e-05 
 1.90546071796324568e+00  1.99984788695122013e+01 -2.46367145317058531e-05 
 1.94984459975804381e+00  1.99984788695111071e+01 -2.52105773331150283e-05 
 1.99526231496887796e+00  1.99984788695099525e+01 -2.57978071163275558e-05 
 2.04173794466952740e+00  1.99984788695087694e+01 -2.63987152383474781e-05 
 2.08929613085403743e+00  1.99984788695075153e+01 -2.70136203086149362e-05 
 2.13796208950222999e+00  1.99984788695061972e+01 -2.76428483579374247e-05 
 2.18776162394955032e+00  1.99984788695048366e+01 -2.82867330113555592e-05 
 2.23872113856833721e+00  1.99984788695033764e+01 -2.89456156650353084e-05 
 2.29086765276777049e+00  1.99984788695018771e+01 -2.96198456672810636e-05 
 2.34422881531991933e+00  1.99984788695003104e+01 -3.03097805037645150e-05 
 2.39883291901948770e+00  1.99984788694986477e+01 -3.10157859870682095e-05 
 2.45470891568502747e+00  1.99984788694969140e+01 -3.17382364506445729e-05 
 2.51188643150957702e+00  1.99984788694951021e+01 -3.24775149472920769e-05 
 2.57039578276886038e+00  1.99984788694931979e+01 -3.32340134522551660e-05 
 2.63026799189537819e+00  1.99984788694912119e+01 -3.40081330710549656e-05 
 2.69153480392691202e+00  1.99984788694891193e+01 -3.48002842521593053e-05 
 2.75422870333816272e+00  1.99984788694869273e+01 -3.56108870046101082e-05 
 2.81838293126444972e+00  1.99984788694846678e+01 -3.64403711207164031e-05 
 2.88403150312660150e+00  1.99984788694822662e+01 -3.72891764039358736e-05 
 2.95120922666638119e+00  1.99984788694797651e+01 -3.81577529020650416e-05 
 3.01995172040201165e+00  1.99984788694771396e+01 -3.90465611458601440e-05 
 3.09029543251358563e+00  1.99984788694743969e+01 -3.99560723932167755e-05 
 3.16227766016837419e+00  1.99984788694715405e+01 -4.08867688790370864e-05 
 3.23593656929627738e+00  1.99984788694685207e+01 -4.18391440709169366e-05 
 3.31131121482590540e+00  1.99984788694653659e+01 -4.28137029307893796e-05 
 3.38844156139201980e+00  1.99984788694620335e+01 -4.38109621826619238e-05 
 3.46736850452531042e+00  1.99984788694585944e+01 -4.48314505865896241e-05 
 3.54813389233574838e+00  1.99984788694550168e+01 -4.58757092190323693e-05 
 3.63078054770100689e+00  1.99984788694512048e+01 -4.69442917597389980e-05 
 3.71535229097171849e+00  1.99984788694472471e+01 -4.80377647853173789e-05 
 3.80189396320560480e+00  1.99984788694430939e+01 -4.91567080696391712e-05 
 3.89045144994279868e+00  1.99984788694387348e+01 -5.03017148912447516e-05 
 3.98107170553496470e+00  1.99984788694341589e+01 -5.14733923479072827e-05 
 4.07380277804111923e+00  1.99984788694294089e+01 -5.26723616785224923e-05 
 4.16869383470334576e+00  1.99984788694243996e+01 -5.38992585924997423e-05 
 4.26579518801591817e+00  1.99984788694191806e+01 -5.51547336068230424e-05 
 4.36515832240165125e+00  1.99984788694137023e+01 -5.64394523909627979e-05 
 4.46683592150962205e+00  1.99984788694079541e+01 -5.77540961198236378e-05 
 4.57088189614874096e+00  1.99984788694019500e+01 -5.90993618349126769e-05 
 4.67735141287197198e+00  1.99984788693956510e+01 -6.04759628139172161e-05 
 4.78630092322637335e+00  1.99984788693890714e+01 -6.18846289488984749e-05 
 4.89778819368445184e+00  1.99984788693821827e+01 -6.33261071332871149e-05 
 5.01187233627271223e+00  1.99984788693749351e+01 -6.48011616578967638e-05 
 5.12861383991363784e+00  1.99984788693673892e+01 -6.63105746161603792e-05 
 5.24807460249771474e+00  1.99984788693594702e+01 -6.78551463188078660e-05 
 5.37031796370251602e+00  1.99984788693511852e+01 -6.94356957182009195e-05 
 5.49540873857623335e+00  1.99984788693424882e+01 -7.10530608425524171e-05 
 5.62341325190347785e+00  1.99984788693333968e+01 -7.27080992402585034e-05 
 5.75439937337155616e+00  1.99984788693238755e+01 -7.44016884345849276e-05 
 5.88843655355587625e+00  1.99984788693139137e+01 -7.61347263889406014e-05 
 6.02559586074356357e+00  1.99984788693034652e+01 -7.79081319829865381e-05 
 6.16595001861480707e+00  1.99984788692925299e+01 -7.97228454998432544e-05 
 6.30957344480191740e+00  1.99984788692810724e+01 -8.15798291246383847e-05 
 6.45654229034653948e+00  1.99984788692690856e+01 -8.34800674546682688e-05 
 6.60693448007594419e+00  1.99984788692565374e+01 -8.54245680214495249e-05 
 6.76082975391980145e+00  1.99984788692433959e+01 -8.74143618249190256e-05 
 6.91830970918934796e+00  1.99984788692296362e+01 -8.94505038800911135e-05 
 7.07945784384136179e+00  1.99984788692152264e+01 -9.15340737764327116e-05 
 7.24435960074988294e+00  1.99984788692001523e+01 -9.36661762502839605e-05 
 7.41310241300915695e+00  1.99984788691843463e+01 -9.58479417705957045e-05 
 7.58577575029181883e+00  1.99984788691677942e+01 -9.80805271383276269e-05 
 7.76247116628689771e+00  1.99984788691504960e+01 -1.00365116099791421e-04 
 7.94328234724279447e+00  1.99984788691323274e+01 -1.02702919974295427e-04 
 8.12830516164097183e+00  1.99984788691133240e+01 -1.05095178296397607e-04 
 8.31763771102668947e+00  1.99984788690934643e+01 -1.07543159473124373e-04 
 8.51138038202374325e+00  1.99984788690725921e+01 -1.10048161456499037e-04 
 8.70963589956078366e+00  1.99984788690508104e+01 -1.12611512431730522e-04 
 8.91250938133743098e+00  1.99984788690279593e+01 -1.15234571521434319e-04 
 9.12010839355907166e+00  1.99984788690040460e+01 -1.17918729506260106e-04 
 9.33254300796988367e+00  1.99984788689790172e+01 -1.20665409562298515e-04 
 9.54992586021433176e+00  1.99984788689528230e+01 -1.23476068015673682e-04 
 9.77237220955807828e+00  1.99984788689253463e+01 -1.26352195114698364e-04 
 9.99999999999996980e+00  1.99984788688965871e+01 -1.29295315820030475e-04 
 1.02329299228075108e+01  1.99984788688664956e+01 -1.32306990613223913e-04 
 1.04712854805089641e+01  1.99984788688349759e+01 -1.35388816324117365e-04 
 1.07151930523760317e+01  1.99984788688019712e+01 -1.38542426977495829e-04 
 1.09647819614318163e+01  1.99984788687673678e+01 -1.41769494659466251e-04 
 1.12201845430195988e+01  1.99984788687311834e+01 -1.45071730404030560e-04 
 1.14815362149687914e+01  1.99984788686932831e+01 -1.48450885100288746e-04 
 1.17489755493952579e+01  1.99984788686535957e+01 -1.51908750420789659e-04 
 1.20226443461740899e+01  1.99984788686120325e+01 -1.55447159771492007e-04 
 1.23026877081237753e+01  1.99984788685685118e+01 -1.59067989263871653e-04 
 1.25892541179416302e+01  1.99984788685229731e+01 -1.62773158709648622e-04 
 1.28824955169312965e+01  1.99984788684752530e+01 -1.66564632638706897e-04 
 1.31825673855640257e+01  1.99984788684252734e+01 -1.70444421340707641e-04 
 1.34896288259164887e+01  1.99984788683729349e+01 -1.74414581930973042e-04 
 1.38038426460287997e+01  1.99984788683181876e+01 -1.78477219441197031e-04 
 1.41253754462274923e+01  1.99984788682607970e+01 -1.82634487935562167e-04 
 1.44543977074592220e+01  1.99984788682007277e+01 -1.86888591652851186e-04 
 1.47910838816820203e+01  1.99984788681378127e+01 -1.91241786175157886e-04 
 1.51356124843620261e+01  1.99984788680719490e+01 -1.95696379623843352e-04 
 1.54881661891247564e+01  1.99984788680029908e+01 -2.00254733883305902e-04 
 1.58489319246110760e+01  1.99984788679307570e+01 -2.04919265853314211e-04 
 1.62181009735892374e+01  1.99984788678551375e+01 -2.09692448730456016e-04 
 1.65958690743755426e+01  1.99984788677759404e+01 -2.14576813319466937e-04 
 1.69824365246173770e+01  1.99984788676930343e+01 -2.19574949375105544e-04 
 1.73780082874936852e+01  1.99984788676062024e+01 -2.24689506975259926e-04 
 1.77827941003891574e+01  1.99984788675152849e+01 -2.29923197926067070e-04 
 1.81970085860997628e+01  1.99984788674201006e+01 -2.35278797199736569e-04 
 1.86208713666286023e+01  1.99984788673203937e+01 -2.40759144405888590e-04 
 1.90546071796323986e+01  1.99984788672159794e+01 -2.46367145297150933e-04 
 1.94984459975803794e+01  1.99984788671066696e+01 -2.52105773309819038e-04 
 1.99526231496887192e+01  1.99984788669922509e+01 -2.57978071140419906e-04 
 2.04173794466952145e+01  1.99984788668723859e+01 -2.63987152358982830e-04 
 2.08929613085403147e+01  1.99984788667468933e+01 -2.70136203059903992e-04 
 2.13796208950222386e+01  1.99984788666154678e+01 -2.76428483551252754e-04 
 2.18776162394954419e+01  1.99984788664778250e+01 -2.82867330083421548e-04 
 2.23872113856833082e+01  1.99984788663337483e+01 -2.89456156618072408e-04 
 2.29086765276776383e+01  1.99984788661828539e+01 -2.96198456638227894e-04 
 2.34422881531991258e+01  1.99984788660248647e+01 -3.03097805000588434e-04 
 2.39883291901948077e+01  1.99984788658593970e+01 -3.10157859830970453e-04 
 2.45470891568502019e+01  1.99984788656861632e+01 -3.17382364463892177e-04 
 2.51188643150956956e+01  1.99984788655047581e+01 -3.24775149427324484e-04 
 2.57039578276885301e+01  1.99984788653148016e+01 -3.32340134473689921e-04 
 2.63026799189537073e+01  1.99984788651158780e+01 -3.40081330658187353e-04 
 2.69153480392690412e+01  1.99984788649076108e+01 -3.48002842465486946e-04 
 2.75422870333815446e+01  1.99984788646894813e+01 -3.56108869985976976e-04 
 2.81838293126444164e+01  1.99984788644611449e+01 -3.64403711142738081e-04 
 2.88403150312659342e+01  1.99984788642219726e+01 -3.72891763970323667e-04 
 2.95120922666637284e+01  1.99984788639751230e+01 -3.81577528946833947e-04 
 3.01995172040200295e+01  1.99984788637129007e+01 -3.90465611379492926e-04 
 3.09029543251357701e+01  1.99984788634383044e+01 -3.99560723847390423e-04 
 3.16227766016836540e+01  1.99984788631507939e+01 -4.08867688699517595e-04 
 3.23593656929626832e+01  1.99984788628518757e+01 -4.18391440611920809e-04 
 3.31131121482589634e+01  1.99984788625365830e+01 -4.28137029203668655e-04 
 3.38844156139201047e+01  1.99984788622236067e+01 -4.38109621715740416e-04 
 3.46736850452530092e+01  1.99984788618779703e+01 -4.48314505747027215e-04 
 3.54813389233573844e+01  1.99984788615161051e+01 -4.58757092062927823e-04 
 3.63078054770099712e+01  1.99984788611413009e+01 -4.69442917461065923e-04 
 3.71535229097170827e+01  1.99984788607444273e+01 -4.80377647707020327e-04 
 3.80189396320559467e+01  1.99984788603288557e+01 -4.91567080539715134e-04 
 3.89045144994278829e+01  1.99984788598936731e+01 -5.03017148744482252e-04 
 3.98107170553495422e+01  1.99984788594380092e+01 -5.14733923299012840e-04 
 4.07380277804110875e+01  1.99984788589608442e+01 -5.26723616592194178e-04 
 4.16869383470333474e+01  1.99984788584612119e+01 -5.38992585718069714e-04 
 4.26579518801590680e+01  1.99984788579380321e+01 -5.51547335846402226e-04 
 4.36515832240163917e+01  1.99984788573901682e+01 -5.64394523671829821e-04 
 4.46683592150961033e+01  1.99984788568300402e+01 -5.77540960944239630e-04 
 4.57088189614872888e+01  1.99984788562293367e+01 -5.90993618076801706e-04 
 4.67735141287195972e+01  1.99984788556002755e+01 -6.04759627847231956e-04 
 4.78630092322636074e+01  1.99984788549416308e+01 -6.18846289175997970e-04 
 4.89778819368443834e+01  1.99984788542479990e+01 -6.33261070997184566e-04 
 5.01187233627269819e+01  1.99984788535258140e+01 -6.48011616219104159e-04 
 5.12861383991362345e+01  1.99984788527695478e+01 -6.63105745775841460e-04 
 5.24807460249770017e+01  1.99984788519790406e+01 -6.78551462774635347e-04 
 5.37031796370250092e+01  1.99984788511498337e+01 -6.94356956738791846e-04 
 5.49540873857621861e+01  1.99984788502815611e+01 -7.10530607950396204e-04 
 5.62341325190346311e+01  1.99984788493744787e+01 -7.27080991893442989e-04 
 5.75439937337154106e+01  1.99984788484224403e+01 -7.44016883800052145e-04 
 5.88843655355586080e+01  1.99984788474255168e+01 -7.61347263304336451e-04 
 6.02559586074354741e+01  1.99984788463809551e+01 -7.79081319202685595e-04 
 6.16595001861479091e+01  1.99984788453459750e+01 -7.97228454331348237e-04 
 6.30957344480190088e+01  1.99984788442262094e+01 -8.15798290533352650e-04 
 6.45654229034652190e+01  1.99984788430276836e+01 -8.34800673781979771e-04 
 6.60693448007592536e+01  1.99984788417726485e+01 -8.54245679394415080e-04 
 6.76082975391978209e+01  1.99984788404584535e+01 -8.74143617369715648e-04 
 6.91830970918932877e+01  1.99984788390835853e+01 -8.94505037857913610e-04 
 7.07945784384134242e+01  1.99984788376469353e+01 -9.15340736753528792e-04 
 7.24435960074986269e+01  1.99984788361360586e+01 -9.36661761418759297e-04 
 7.41310241300913617e+01  1.99984788345560389e+01 -9.58479416543489083e-04 
 7.58577575029179769e+01  1.99984788329072387e+01 -9.80805270137427576e-04 
 7.76247116628687621e+01  1.99984788312035739e+01 -1.00365115966539542e-03 
 7.94328234724277280e+01  1.99984788293894766e+01 -1.02702919831393065e-03 
 8.12830516164094945e+01  1.99984788274899543e+01 -1.05095178143146516e-03 
 8.31763771102666567e+01  1.99984788255008255e+01 -1.07543159308782273e-03 
 8.51138038202371945e+01  1.99984788234179760e+01 -1.10048161280265925e-03 
 8.70963589956076021e+01  1.99984788212377254e+01 -1.12611512242765592e-03 
 8.91250938133740789e+01  1.99984788189539415e+01 -1.15234571318801465e-03 
 9.12010839355904892e+01  1.99984788165661840e+01 -1.17918729289040155e-03 
 9.33254300796986058e+01  1.99984788140607428e+01 -1.20665409329358524e-03 
 9.54992586021430867e+01  1.99984788114429151e+01 -1.23476067765948940e-03 
 9.77237220955805412e+01  1.99984788087113436e+01 -1.26352194847128641e-03 
 9.99999999999994600e+01  1.99984788058335958e+01 -1.29295315533085376e-03 
 1.02329299228074859e+02  1.99984788028542866e+01 -1.32306990305990795e-03 
 1.04712854805089378e+02  1.99984787997223776e+01 -1.35388815994964200e-03 
 1.07151930523760043e+02  1.99984787964199278e+01 -1.38542426624491577e-03 
 1.09647819614317882e+02  1.99984787929881094e+01 -1.41769494281317058e-03 
 1.12201845430195704e+02  1.99984787893715072e+01 -1.45071729998536101e-03 
 1.14815362149687616e+02  1.99984787856178343e+01 -1.48450884666068757e-03 
 1.17489755493952273e+02  1.99984787816604097e+01 -1.51908749955279119e-03 
 1.20226443461740587e+02  1.99984787775063495e+01 -1.55447159272264655e-03 
 1.23026877081237430e+02  1.99984787731626312e+01 -1.59067988728611742e-03 
 1.25892541179415971e+02  1.99984787686293330e+01 -1.62773158136006891e-03 
 1.28824955169312631e+02  1.99984787638848935e+01 -1.66564632023964970e-03 
 1.31825673855639934e+02  1.99984787589015234e+01 -1.70444420681628442e-03 
 1.34896288259164550e+02  1.99984787536810629e+01 -1.74414581224287919e-03 
 1.38038426460287639e+02  1.99984787482297897e+01 -1.78477218683796308e-03 
 1.41253754462274571e+02  1.99984787425436394e+01 -1.82634487124238524e-03 
 1.44543977074591879e+02  1.99984787365436603e+01 -1.86888590782716634e-03 
 1.47910838816819847e+02  1.99984787302713372e+01 -1.91241785242185665e-03 
 1.51356124843619909e+02  1.99984787236939354e+01 -1.95696378623299531e-03 
 1.54881661891247205e+02  1.99984787168362601e+01 -2.00254732810964831e-03 
 1.58489319246110398e+02  1.99984787096237433e+01 -2.04919264703269785e-03 
 1.62181009735892019e+02  1.99984787020842845e+01 -2.09692447497350932e-03 
 1.65958690743755056e+02  1.99984786942253940e+01 -2.14576811998148324e-03 
 1.69824365246173386e+02  1.99984786859476884e+01 -2.19574947957994031e-03 
 1.73780082874936454e+02  1.99984786773008381e+01 -2.24689505455975477e-03 
 1.77827941003891169e+02  1.99984786682238997e+01 -2.29923196296619864e-03 
 1.81970085860997187e+02  1.99984786587426946e+01 -2.35278795452764687e-03 
 1.86208713666285547e+02  1.99984786488149524e+01 -2.40759142532899050e-03 
 1.90546071796323474e+02  1.99984786384125712e+01 -2.46367143288798388e-03 
 1.94984459975803247e+02  1.99984786275159507e+01 -2.52105771156183912e-03 
 1.99526231496886652e+02  1.99984786160892902e+01 -2.57978068830488384e-03 
 2.04173794466951591e+02  1.99984786041790485e+01 -2.63987149883043205e-03 
 2.08929613085402565e+02  1.99984785916515406e+01 -2.70136200404243968e-03 
 2.13796208950221796e+02  1.99984785785686938e+01 -2.76428480703892971e-03 
 2.18776162394953815e+02  1.99984785648369332e+01 -2.82867327029493040e-03 
 2.23872113856832470e+02  1.99984785504891072e+01 -2.89456153343567099e-03 
 2.29086765276775765e+02  1.99984785354545558e+01 -2.96198453126785433e-03 
 2.34422881531990640e+02  1.99984785197087902e+01 -3.03097801234915743e-03 
 2.39883291901947445e+02  1.99984785032218326e+01 -3.10157855792708107e-03 
 2.45470891568501401e+02  1.99984784859916758e+01 -3.17382360134482993e-03 
 2.51188643150956324e+02  1.99984784678928413e+01 -3.24775144783551444e-03 
 2.57039578276884640e+02  1.99984784489420946e+01 -3.32340129492817056e-03 
 2.63026799189536405e+02  1.99984784291270117e+01 -3.40081325316866304e-03 
 2.69153480392689744e+02  1.99984784084050879e+01 -3.48002836738610941e-03 
 2.75422870333814785e+02  1.99984783866648783e+01 -3.56108863843981925e-03 
 2.81838293126443489e+02  1.99984783639029118e+01 -3.64403704555617009e-03 
 2.88403150312658624e+02  1.99984783400773622e+01 -3.72891756906233631e-03 
 2.95120922666636545e+02  1.99984783151128234e+01 -3.81577521370258166e-03 
 3.01995172040199520e+02  1.99984782889791646e+01 -3.90465603253897136e-03 
 3.09029543251356870e+02  1.99984782616392245e+01 -3.99560715134021985e-03 
 3.16227766016835687e+02  1.99984782329686865e+01 -4.08867679354001264e-03 
 3.23593656929625979e+02  1.99984782030126773e+01 -4.18391430591381897e-03 
 3.31131121482588753e+02  1.99984781715648303e+01 -4.28137018455581209e-03 
 3.38844156139200152e+02  1.99984781386955177e+01 -4.38109610189518252e-03 
 3.46736850452529154e+02  1.99984781042497168e+01 -4.48314493385843123e-03 
 3.54813389233572877e+02  1.99984780681830188e+01 -4.58757078806490068e-03 
 3.63078054770098674e+02  1.99984780304283305e+01 -4.69442903245136708e-03 
 3.71535229097169804e+02  1.99984779908680963e+01 -4.80377632461036035e-03 
 3.80189396320558387e+02  1.99984779494403924e+01 -4.91567064189006760e-03 
 3.89045144994277734e+02  1.99984779061126119e+01 -5.03017131212100087e-03 
 3.98107170553494313e+02  1.99984778606824491e+01 -5.14733904496226385e-03 
 4.07380277804109710e+02  1.99984778131027738e+01 -5.26723596426692704e-03 
 4.16869383470332309e+02  1.99984777633359521e+01 -5.38992564094684622e-03 
 4.26579518801589472e+02  1.99984777112167258e+01 -5.51547312659484996e-03 
 4.36515832240162695e+02  1.99984776566324705e+01 -5.64394498808222511e-03 
 4.46683592150959782e+02  1.99984775994614665e+01 -5.77540934281001086e-03 
 4.57088189614871624e+02  1.99984775396453252e+01 -5.90993589488366441e-03 
 4.67735141287194722e+02  1.99984774769439042e+01 -6.04759597190265754e-03 
 4.78630092322634766e+02  1.99984774112612875e+01 -6.18846256299770796e-03 
 4.89778819368442498e+02  1.99984773425677034e+01 -6.33261035747624892e-03 
 5.01187233627268483e+02  1.99984772706249032e+01 -6.48011578424349116e-03 
 5.12861383991360981e+02  1.99984771952641900e+01 -6.63105705250730502e-03 
 5.24807460249768610e+02  1.99984771163302497e+01 -6.78551419320597149e-03 
 5.37031796370248685e+02  1.99984770337123123e+01 -6.94356910148185864e-03 
 5.49540873857620340e+02  1.99984769471955346e+01 -7.10530557996850651e-03 
 5.62341325190344719e+02  1.99984768566301625e+01 -7.27080938337340034e-03 
 5.75439937337152401e+02  1.99984767617899806e+01 -7.44016826381829061e-03 
 5.88843655355584360e+02  1.99984766624122763e+01 -7.61347201740594521e-03 
 6.02559586074352978e+02  1.99984765583892319e+01 -7.79081253198818206e-03 
 6.16595001861477272e+02  1.99984764494913847e+01 -7.97228383565254904e-03 
 6.30957344480188226e+02  1.99984763354516701e+01 -8.15798214665185151e-03 
 6.45654229034650371e+02  1.99984762159939997e+01 -8.34800592443684340e-03 
 6.60693448007590746e+02  1.99984760909386665e+01 -8.54245592195810102e-03 
 6.76082975391976333e+02  1.99984759599907598e+01 -8.74143523890361443e-03 
 6.91830970918930916e+02  1.99984758228938553e+01 -8.94504937648778198e-03 
 7.07945784384132139e+02  1.99984756792972149e+01 -9.15340629327311001e-03 
 7.24435960074984109e+02  1.99984755289735041e+01 -9.36661646262275209e-03 
 7.41310241300911343e+02  1.99984753715183672e+01 -9.58479293096775598e-03 
 7.58577575029177410e+02  1.99984752066770817e+01 -9.80805137808854130e-03 
 7.76247116628685148e+02  1.99984750340449793e+01 -1.00365101781245067e-02 
 7.94328234724274694e+02  1.99984748532682559e+01 -1.02702904625625435e-02 
 8.12830516164092273e+02  1.99984746639649948e+01 -1.05095161843605980e-02 
 8.31763771102663895e+02  1.99984744658164217e+01 -1.07543141837955734e-02 
 8.51138038202369216e+02  1.99984742582460093e+01 -1.10048142553153556e-02 
 8.70963589956073179e+02  1.99984740409399144e+01 -1.12611492169841006e-02 
 8.91250938133737918e+02  1.99984738133748934e+01 -1.15234549803428857e-02 
 9.12010839355901908e+02  1.99984735750854981e+01 -1.17918706227745501e-02 
 9.33254300796982989e+02  1.99984733255675522e+01 -1.20665384611449260e-02 
 9.54992586021427655e+02  1.99984730642721900e+01 -1.23476041272411654e-02 
 9.77237220955802172e+02  1.99984727907088669e+01 -1.26352166451207896e-02 
 9.99999999999991246e+02  1.99984725042149520e+01 -1.29295285098200881e-02 
 1.02329299228074512e+03  1.99984722041970642e+01 -1.32306957685242900e-02 
 1.04712854805089023e+03  1.99984718901118654e+01 -1.35388781033043710e-02 
 1.07151930523759688e+03  1.99984715611662267e+01 -1.38542389153159806e-02 
 1.09647819614317518e+03  1.99984712167210432e+01 -1.41769454120453647e-02 
 1.12201845430195340e+03  1.99984708560620632e+01 -1.45071686956246282e-02 
 1.14815362149687235e+03  1.99984704783715195e+01 -1.48450838534823423e-02 
 1.17489755493951884e+03  1.99984700829431965e+01 -1.51908700515433481e-02 
 1.20226443461740200e+03  1.99984696688262567e+01 -1.55447106286164104e-02 
 1.23026877081237035e+03  1.99984692352448157e+01 -1.59067931943126899e-02 
 1.25892541179415571e+03  1.99984687812122424e+01 -1.62773097278605811e-02 
 1.28824955169312216e+03  1.99984683057124819e+01 -1.66564566801760232e-02 
 1.31825673855639502e+03  1.99984678078802496e+01 -1.70444350783955090e-02 
 1.34896288259164112e+03  1.99984672865583200e+01 -1.74414506315917761e-02 
 1.38038426460287201e+03  1.99984667406837104e+01 -1.78477138406104956e-02 
 1.41253754462274105e+03  1.99984661690368810e+01 -1.82634401091497610e-02 
 1.44543977074591385e+03  1.99984655705086141e+01 -1.86888498585269340e-02 
 1.47910838816819341e+03  1.99984649437745396e+01 -1.91241686438652220e-02 
 1.51356124843619386e+03  1.99984642874227561e+01 -1.95696272739329866e-02 
 1.54881661891246677e+03  1.99984636002304583e+01 -2.00254619341213476e-02 
 1.58489319246109858e+03  1.99984628806091393e+01 -2.04919143104629331e-02 
 1.62181009735891462e+03  1.99984621270569747e+01 -2.09692317187512439e-02 
 1.65958690743754482e+03  1.99984613380255460e+01 -2.14576672353724643e-02 
 1.69824365246172806e+03  1.99984605117754199e+01 -2.19574798311465702e-02 
 1.73780082874935874e+03  1.99984596466056459e+01 -2.24689345091597312e-02 
 1.77827941003890555e+03  1.99984587406677967e+01 -2.29923024448248844e-02 
 1.81970085860996574e+03  1.99984577920342623e+01 -2.35278611298187640e-02 
 1.86208713666284916e+03  1.99984567986869806e+01 -2.40758945191390239e-02 
 1.90546071796322849e+03  1.99984557585171956e+01 -2.46366931816985150e-02 
 1.94984459975802611e+03  1.99984546692693286e+01 -2.52105544541648754e-02 
 1.99526231496885998e+03  1.99984535287654950e+01 -2.57977825992570936e-02 
 2.04173794466950926e+03  1.99984523344842344e+01 -2.63986889658783253e-02 
 2.08929613085401888e+03  1.99984510839907159e+01 -2.70135921553668508e-02 
 2.13796208950221080e+03  1.99984497744690159e+01 -2.76428181890625013e-02 
 2.18776162394953053e+03  1.99984484032763241e+01 -2.82867006827895867e-02 
 2.23872113856831720e+03  1.99984469674346030e+01 -2.89455810221737539e-02 
 2.29086765276774986e+03  1.99984454639165534e+01 -2.96198085445305639e-02 
 2.34422881531989833e+03  1.99984438895815337e+01 -3.03097407238534858e-02 
 2.39883291901946586e+03  1.99984422410466678e+01 -3.10157433598917780e-02 
 2.45470891568500519e+03  1.99984405147647983e+01 -3.17381907723128104e-02 
 2.51188643150955431e+03  1.99984387071747953e+01 -3.24774659997079801e-02 
 2.57039578276883731e+03  1.99984368143995184e+01 -3.32339610015583847e-02 
 2.63026799189535450e+03  1.99984348324061898e+01 -3.40080768666023020e-02 
 2.69153480392688743e+03  1.99984327569968201e+01 -3.48002240253807646e-02 
 2.75422870333813762e+03  1.99984305837962317e+01 -3.56108224678486213e-02 
 2.81838293126442431e+03  1.99984283081695047e+01 -3.64403019656344071e-02 
 2.88403150312657544e+03  1.99984259252482630e+01 -3.72891022999653071e-02 
 2.95120922666635443e+03  1.99984234301178994e+01 -3.81576734956023816e-02 
 3.01995172040198395e+03  1.99984208172820672e+01 -3.90464760571092653e-02 
 3.09029543251355744e+03  1.99984180813844077e+01 -3.99559812160472858e-02 
 3.16227766016834539e+03  1.99984152165405220e+01 -4.08866711779119971e-02 
 3.23593656929624785e+03  1.99984122167210856e+01 -4.18390393793579701e-02 
 3.31131121482587514e+03  1.99984090754688779e+01 -4.28135907485033204e-02 
 3.38844156139198867e+03  1.99984057861587807e+01 -4.38108419737655574e-02 
 3.46736850452527869e+03  1.99984023418888270e+01 -4.48313217772455114e-02 
 3.54813389233571570e+03  1.99983987352138008e+01 -4.58755711936317187e-02 
 3.63078054770097333e+03  1.99983949586087419e+01 -4.69441438593252297e-02 
 3.71535229097168440e+03  1.99983910040502728e+01 -4.80376063037222037e-02 
 3.80189396320556989e+03  1.99983868631206860e+01 -4.91565382500231754e-02 
 3.89045144994276279e+03  1.99983825270103068e+01 -5.03015329225036181e-02 
 3.98107170553492824e+03  1.99983779865485189e+01 -5.14731973610367405e-02 
 4.07380277804108209e+03  1.99983732320692269e+01 -5.26721527422114449e-02 
 4.16869383470330740e+03  1.99983682535591001e+01 -5.38990347092339339e-02 
 4.26579518801587892e+03  1.99983630404122437e+01 -5.51544937074655434e-02 
 4.36515832240161035e+03  1.99983575815984480e+01 -5.64391953300640570e-02 
 4.46683592150958066e+03  1.99983518655009433e+01 -5.77538206698067630e-02 
 4.57088189614869862e+03  1.99983458800369469e+01 -5.90990666806345891e-02 
 4.67735141287192891e+03  1.99983396124241253e+01 -6.04756465456051454e-02 
 4.78630092322632936e+03  1.99983330494992089e+01 -6.18842900568780732e-02 
 4.89778819368440691e+03  1.99983261772733591e+01 -6.33257439993895610e-02 
 5.01187233627266596e+03  1.99983189811916802e+01 -6.48007725484110453e-02 
 5.12861383991358980e+03  1.99983114459418871e+01 -6.63101576729967918e-02 
 5.24807460249766609e+03  1.99983035555688105e+01 -6.78546995512099849e-02 
 5.37031796370246593e+03  1.99982952933270468e+01 -6.94352169929434576e-02 
 5.49540873857618226e+03  1.99982866417174847e+01 -7.10525478740514083e-02 
 5.62341325190342559e+03  1.99982775823718590e+01 -7.27075495793336191e-02 
 5.75439937337150241e+03  1.99982680960846544e+01 -7.44010994569646311e-02 
 5.88843655355582086e+03  1.99982581627214806e+01 -7.61340952825537570e-02 
 6.02559586074350682e+03  1.99982477612188632e+01 -7.79074557346929736e-02 
 6.16595001861474884e+03  1.99982368695533097e+01 -7.97221208813488486e-02 
 6.30957344480185748e+03  1.99982254645959685e+01 -8.15790526765088064e-02 
 6.45654229034647778e+03  1.99982135221146002e+01 -8.34792354696613503e-02 
 6.60693448007588086e+03  1.99982010168221613e+01 -8.54236765276105009e-02 
 6.76082975391973650e+03  1.99981879221670233e+01 -8.74134065659494808e-02 
 6.91830970918928142e+03  1.99981742104163089e+01 -8.94494802956857238e-02 
 7.07945784384129365e+03  1.99981598525129414e+01 -9.15329769804235222e-02 
 7.24435960074981267e+03  1.99981448178928254e+01 -9.36650010058574095e-02 
 7.41310241300908456e+03  1.99981290747656004e+01 -9.58466824674973350e-02 
 7.58577575029174477e+03  1.99981125897344398e+01 -9.80791777649826502e-02 
 7.76247116628682215e+03  1.99980953278550153e+01 -1.00363670214931033e-01 
 7.94328234724271715e+03  1.99980772524139141e+01 -1.02701370674782827e-01 
 8.12830516164089204e+03  1.99980583250654185e+01 -1.05093518185329998e-01 
 8.31763771102660758e+03  1.99980385058230432e+01 -1.07541380626468688e-01 
 8.51138038202365897e+03  1.99980177525741141e+01 -1.10046255382592939e-01 
 8.70963589956069882e+03  1.99979960212291772e+01 -1.12609470030634526e-01 
 8.91250938133734417e+03  1.99979732657883957e+01 -1.15232383043643569e-01 
 9.12010839355898315e+03  1.99979494379715312e+01 -1.17916384504733018e-01 
 9.33254300796979260e+03  1.99979244872247719e+01 -1.20662896842649553e-01 
 9.54992586021423813e+03  1.99978983606225142e+01 -1.23473375582768316e-01 
 9.77237220955798148e+03  1.99978710027926709e+01 -1.26349310116210783e-01 
 9.99999999999987085e+03  1.99978423557352691e+01 -1.29292224484675644e-01 
 1.02329299228074087e+04  1.99978123586227774e+01 -1.32303678183910284e-01 
 1.04712854805088591e+04  1.99977809478940962e+01 -1.35385266989169528e-01 
 1.07151930523759238e+04  1.99977480568905577e+01 -1.38538623793888621e-01 
 1.09647819614317068e+04  1.99977136158688822e+01 -1.41765419472645759e-01 
 1.12201845430194880e+04  1.99976775518539220e+01 -1.45067363762184431e-01 
 1.14815362149686771e+04  1.99976397882578318e+01 -1.48446206158770078e-01 
 1.17489755493951416e+04  1.99976002451208430e+01 -1.51903736846484116e-01 
 1.20226443461739709e+04  1.99975588384411900e+01 -1.55441787631616535e-01 
 1.23026877081236526e+04  1.99975154805293087e+01 -1.59062232916386631e-01 
 1.25892541179415057e+04  1.99974700794018432e+01 -1.62766990678036599e-01 
 1.28824955169311688e+04  1.99974225387407643e+01 -1.66558023480889050e-01 
 1.31825673855638961e+04  1.99973727577920464e+01 -1.70437339510260744e-01 
 1.34896288259163575e+04  1.99973206310840226e+01 -1.74406993627392648e-01 
 1.38038426460286646e+04  1.99972660478658071e+01 -1.78469088442601120e-01 
 1.41253754462273537e+04  1.99972088925035933e+01 -1.82625775432118553e-01 
 1.44543977074590803e+04  1.99971490437523975e+01 -1.86879256058395810e-01 
 1.47910838816818741e+04  1.99970863747979486e+01 -1.91231782931799821e-01 
 1.51356124843618763e+04  1.99970207526196901e+01 -1.95685660977795689e-01 
 1.54881661891246022e+04  1.99969520382059898e+01 -2.00243248682498820e-01 
 1.58489319246109189e+04  1.99968800858899840e+01 -2.04906959281719980e-01 
 1.62181009735890784e+04  1.99968047429560123e+01 -2.09679262048716314e-01 
 1.65958690743753796e+04  1.99967258498190077e+01 -2.14562683591874803e-01 
 1.69824365246172092e+04  1.99966432391052393e+01 -2.19559809163260011e-01 
 1.73780082874935142e+04  1.99965567358709713e+01 -2.24673284023745146e-01 
 1.77827941003889828e+04  1.99964661564233381e+01 -2.29905814805251157e-01 
 1.81970085860995823e+04  1.99963713088443242e+01 -2.35260170946813091e-01 
 1.86208713666284166e+04  1.99962719920540870e+01 -2.40739186125903615e-01 
 1.90546071796322067e+04  1.99961679955703282e+01 -2.46345759740900394e-01 
 1.94984459975801801e+04  1.99960590988851727e+01 -2.52082858416530442e-01 
 1.99526231496885157e+04  1.99959450711230708e+01 -2.57953517551293698e-01 
 2.04173794466950058e+04  1.99958256707195758e+01 -2.63960842900542336e-01 
 2.08929613085400997e+04  1.99957006444420884e+01 -2.70108012177035839e-01 
 2.13796208950220171e+04  1.99955697272448916e+01 -2.76398276711075530e-01 
 2.18776162394952153e+04  1.99954326416888506e+01 -2.82834963136340489e-01 
 2.23872113856830765e+04  1.99952890973093389e+01 -2.89421475111656279e-01 
 2.29086765276774022e+04  1.99951387897369592e+01 -2.96161295073261388e-01 
 2.34422881531988860e+04  1.99949814006174655e+01 -3.03057986053007600e-01 
 2.39883291901945595e+04  1.99948165961626430e+01 -3.10115193491582730e-01 
 2.45470891568499501e+04  1.99946440272756192e+01 -3.17336647145530448e-01 
 2.51188643150954376e+04  1.99944633281825190e+01 -3.24726162985809363e-01 
 2.57039578276882639e+04  1.99942741162024298e+01 -3.32287645179481506e-01 
 2.63026799189534358e+04  1.99940759900217522e+01 -3.40025088046481794e-01 
 2.69153480392687634e+04  1.99938685302707313e+01 -3.47942578207807163e-01 
 2.75422870333812607e+04  1.99936512971348428e+01 -3.56044296550923067e-01 
 2.81838293126441240e+04  1.99934238306882293e+01 -3.64334520458526212e-01 
 2.88403150312656362e+04  1.99931856487973967e+01 -3.72817625934307839e-01 
 2.95120922666634215e+04  1.99929362470012464e+01 -3.81498089866176393e-01 
 3.01995172040197140e+04  1.99926750971389247e+01 -3.90380492287170644e-01 
 3.09029543251354444e+04  1.99924016459025893e+01 -3.99469518683323477e-01 
 3.16227766016833193e+04  1.99921153143562975e+01 -4.08769962392899477e-01 
 3.23593656929623394e+04  1.99918154959779351e+01 -4.18286726992435409e-01 
 3.31131121482586095e+04  1.99915015559633602e+01 -4.28024828791409850e-01 
 3.38844156139197439e+04  1.99911728295213891e+01 -4.37989399319570705e-01 
 3.46736850452526414e+04  1.99908286207502925e+01 -4.48185687968994939e-01 
 3.54813389233570124e+04  1.99904682010639263e+01 -4.58619064523341446e-01 
 3.63078054770095841e+04  1.99900908072573529e+01 -4.69295021868808560e-01 
 3.71535229097166884e+04  1.99896956408311510e+01 -4.80219178754530129e-01 
 3.80189396320555388e+04  1.99892818651640169e+01 -4.91397282513685751e-01 
 3.89045144994274669e+04  1.99888486048929721e+01 -5.02835211958307271e-01 
 3.98107170553491160e+04  1.99883949429752796e+01 -5.14538980191504569e-01 
 4.07380277804106518e+04  1.99879199199768749e+01 -5.26514737688330459e-01 
 4.16869383470329049e+04  1.99874225308040110e+01 -5.38768775121519772e-01 
 4.26579518801586164e+04  1.99869017232304245e+01 -5.51307526520410374e-01 
 4.36515832240159289e+04  1.99863563961305317e+01 -5.64137572393553333e-01 
 4.46683592150956247e+04  1.99857853961381409e+01 -5.77265642834138282e-01 
 4.57088189614867952e+04  1.99851875160167438e+01 -5.90698620769635641e-01 
 4.67735141287190927e+04  1.99845614920288455e+01 -6.04443545321136311e-01 
 4.78630092322630881e+04  1.99839060006977896e+01 -6.18507614979680875e-01 
 4.89778819368438562e+04  1.99832196570873108e+01 -6.32898191150596201e-01 
 5.01187233627264432e+04  1.99825010107019629e+01 -6.47622801480396082e-01 
 5.12861383991356779e+04  1.99817485436321007e+01 -6.62689143531415836e-01 
 5.24807460249764335e+04  1.99809606665809767e+01 -6.78105088158993174e-01 
 5.37031796370244265e+04  1.99801357158210493e+01 -6.93878683234469218e-01 
 5.49540873857615879e+04  1.99792719492656552e+01 -7.10018157233493374e-01 
 5.62341325190340212e+04  1.99783675439161357e+01 -7.26531923143229008e-01 
 5.75439937337147858e+04  1.99774205913340346e+01 -7.43428582042067743e-01 
 5.88843655355579685e+04  1.99764290934542004e+01 -7.60716926975719576e-01 
 6.02559586074348263e+04  1.99753909591410910e+01 -7.78405946980587071e-01 
 6.16595001861472410e+04  1.99743039990049880e+01 -7.96504830783285045e-01 
 6.30957344480183237e+04  1.99731659216533934e+01 -8.15022970920874279e-01 
 6.45654229034645250e+04  1.99719743285938627e+01 -8.33969967812415502e-01 
 6.60693448007585539e+04  1.99707267091798002e+01 -8.53355633624895749e-01 
 6.76082975391970976e+04  1.99694204357794618e+01 -8.73189996628690235e-01 
 6.91830970918925450e+04  1.99680527578119928e+01 -8.93483305060891020e-01 
 7.07945784384126600e+04  1.99666207966980664e+01 -9.14246031588277663e-01 
 7.24435960074978502e+04  1.99651215393252599e+01 -9.35488877217747761e-01 
 7.41310241300905618e+04  1.99635518327078998e+01 -9.57222775856265029e-01 
 7.58577575029171567e+04  1.99619083761904506e+01 -9.79458898173978465e-01 
 7.76247116628679214e+04  1.99601877164507897e+01 -1.00220865632140388e+00 
 7.94328234724268696e+04  1.99583862386959652e+01 -1.02548370775738995e+00 
 8.12830516164086148e+04  1.99565001604319008e+01 -1.04929595990232705e+00 
 8.31763771102657629e+04  1.99545255235407559e+01 -1.07365757430609832e+00 
 8.51138038202362804e+04  1.99524581858467087e+01 -1.09858097077525030e+00 
 8.70963589956066571e+04  1.99502938128880913e+01 -1.12407883187398161e+00 
 8.91250938133731106e+04  1.99480278696734956e+01 -1.15016410710159400e+00 
 9.12010839355895005e+04  1.99456556106879503e+01 -1.17685001707833448e+00 
 9.33254300796975876e+04  1.99431720709017881e+01 -1.20415005763677985e+00 
 9.54992586021420429e+04  1.99405720556704473e+01 -1.23207800416572133e+00 
 9.77237220955794764e+04  1.99378501299327340e+01 -1.26064791547495170e+00 
 9.99999999999983702e+04  1.99350006081750877e+01 -1.28987413793474848e+00 
 1.02329299228073738e+05  1.99320175422776309e+01 -1.31977130921788888e+00 
 1.04712854805088238e+05  1.99288947102048084e+01 -1.35035436241417517e+00 
 1.07151930523758885e+05  1.99256256032866546e+01 -1.38163852920643349e+00 
 1.09647819614316701e+05  1.99222034133037020e+01 -1.41363934381080658e+00 
 1.12201845430194502e+05  1.99186210202411829e+01 -1.44637264654816233e+00 
 1.14815362149686393e+05  1.99148709765008398e+01 -1.47985458654319091e+00 
 1.17489755493951030e+05  1.99109454934569960e+01 -1.51410162509954160e+00 
 1.20226443461739313e+05  1.99068364266212257e+01 -1.54913053874631390e+00 
 1.23026877081236133e+05  1.99025352584719357e+01 -1.58495842126468411e+00 
 1.25892541179414649e+05  1.98980330834341004e+01 -1.62160268668777130e+00 
 1.28824955169311273e+05  1.98933205897789591e+01 -1.65908107077867073e+00 
 1.31825673855638539e+05  1.98883880425210222e+01 -1.69741163328060574e+00 
 1.34896288259163121e+05  1.98832252643122125e+01 -1.73661275907682566e+00 
 1.38038426460286195e+05  1.98778216162040842e+01 -1.77670315903154230e+00 
 1.41253754462273093e+05  1.98721659781414388e+01 -1.81770187108007963e+00 
 1.44543977074590366e+05  1.98662467273787868e+01 -1.85962826003029091e+00 
 1.47910838816818286e+05  1.98600517172660744e+01 -1.90250201738001534e+00 
 1.51356124843618309e+05  1.98535682547168939e+01 -1.94634316041739086e+00 
 1.54881661891245574e+05  1.98467830766434972e+01 -1.99117203101813245e+00 
 1.58489319246108731e+05  1.98396823257823733e+01 -2.03700929317494372e+00 
 1.62181009735890315e+05  1.98322515258319356e+01 -2.08387593088043399e+00 
 1.65958690743753308e+05  1.98244755546102027e+01 -2.13179324405776116e+00 
 1.69824365246171597e+05  1.98163386177290626e+01 -2.18078284463079086e+00 
 1.73780082874934626e+05  1.98078242206405228e+01 -2.23086665196350964e+00 
 1.77827941003889282e+05  1.97989151387187619e+01 -2.28206688599262231e+00 
 1.81970085860995285e+05  1.97895933880762414e+01 -2.33440606091173031e+00 
 1.86208713666283613e+05  1.97798401941439046e+01 -2.38790697693638920e+00 
 1.90546071796321514e+05  1.97696359597659068e+01 -2.44259271161588298e+00 
 1.94984459975801234e+05  1.97589602313748571e+01 -2.49848660880857532e+00 
 1.99526231496884575e+05  1.97477916659284176e+01 -2.55561226804378272e+00 
 2.04173794466949475e+05  1.97361079939477619e+01 -2.61399353081597230e+00 
 2.08929613085400400e+05  1.97238859843935614e+01 -2.67365446656414996e+00 
 2.13796208950219559e+05  1.97111014067145831e+01 -2.73461935704681025e+00 
 2.18776162394951505e+05  1.96977289915199165e+01 -2.79691267786324005e+00 
 2.23872113856830110e+05  1.96837423916386172e+01 -2.86055908004553361e+00 
 2.29086765276773367e+05  1.96691141408991328e+01 -2.92558336838476718e+00 
 2.34422881531988183e+05  1.96538156118405638e+01 -2.99201047808355991e+00 
 2.39883291901944904e+05  1.96378169731483254e+01 -3.05986545006439314e+00 
 2.45470891568498802e+05  1.96210871450840862e+01 -3.12917340252861287e+00 
 2.51188643150953663e+05  1.96035937541994514e+01 -3.19995950163315035e+00 
 2.57039578276881919e+05  1.95853030876606944e+01 -3.27224892930730338e+00 
 2.63026799189533631e+05  1.95661800454670711e+01 -3.34606684724988801e+00 
 2.69153480392686906e+05  1.95461880927437086e+01 -3.42143836006835933e+00 
 2.75422870333811850e+05  1.95252892100889888e+01 -3.49838847360481342e+00 
 2.81838293126440491e+05  1.95034438446137735e+01 -3.57694205186734759e+00 
 2.88403150312655605e+05  1.94806108581857700e+01 -3.65712376902912428e+00 
 2.95120922666633443e+05  1.94567474770644964e+01 -3.73895805913114732e+00 
 3.01995172040196368e+05  1.94318092393738908e+01 -3.82246906201922299e+00 
 3.09029543251353665e+05  1.94057499427787015e+01 -3.90768056478271975e+00 
 3.16227766016832436e+05  1.93785215917276403e+01 -3.99461594033764111e+00 
 3.23593656929622637e+05  1.93500743441972496e+01 -4.08329808072408351e+00 
 3.31131121482585324e+05  1.93203564581488578e+01 -4.17374932643344465e+00 
 3.38844156139196653e+05  1.92893142386779708e+01 -4.26599139194262289e+00 
 3.46736850452525599e+05  1.92568919845260105e+01 -4.36004528506066880e+00 
 3.54813389233569265e+05  1.92230319352450252e+01 -4.45593122254407081e+00 
 3.63078054770094983e+05  1.91876742189237390e+01 -4.55366854012909794e+00 
 3.71535229097166040e+05  1.91507568006053077e+01 -4.65327559661038137e+00 
 3.80189396320554544e+05  1.91122154314971908e+01 -4.75476967350064328e+00 
 3.89045144994273782e+05  1.90719835994765745e+01 -4.85816686748939297e+00 
 3.98107170553490287e+05  1.90299924813705204e+01 -4.96348197838704852e+00 
 4.07380277804105601e+05  1.89861708961501598e+01 -5.07072838960031191e+00 
 4.16869383470328117e+05  1.89404452611730569e+01 -5.17991794319487386e+00 
 4.26579518801585189e+05  1.88927395499275477e+01 -5.29106080695316905e+00 
 4.36515832240158285e+05  1.88429752530095023e+01 -5.40416533615255901e+00 
 4.46683592150955228e+05  1.87910713419233488e+01 -5.51923792728989415e+00 
 4.57088189614866918e+05  1.87369442364923380e+01 -5.63628286486408037e+00 
 4.67735141287189908e+05  1.86805077760556699e+01 -5.75530216064577260e+00 
 4.78630092322629876e+05  1.86216731949770953e+01 -5.87629538526136574e+00 
 4.89778819368437515e+05  1.85603491031559820e+01 -5.99925949234535683e+00 
 5.01187233627263398e+05  1.84964414717375654e+01 -6.12418863302755678e+00 
 5.12861383991355775e+05  1.84298536242754949e+01 -6.25107396594895981e+00 
 5.24807460249763331e+05  1.83604862350299669e+01 -6.37990345409297355e+00 
 5.37031796370243188e+05  1.82882373337736901e+01 -6.51066165644859662e+00 
 5.49540873857614817e+05  1.82130023182293606e+01 -6.64332951065337163e+00 
 5.62341325190339121e+05  1.81346739749181580e+01 -6.77788410498936145e+00 
 5.75439937337146723e+05  1.80531425090235977e+01 -6.91429844395192283e+00 
 5.88843655355578521e+05  1.79682955839247711e+01 -7.05254120247775518e+00 
 6.02559586074347026e+05  1.78800183713401282e+01 -7.19257647186685034e+00 
 6.16595001861471217e+05  1.77881936127148137e+01 -7.33436349697762680e+00 
 6.30957344480182044e+05  1.76927016932814354e+01 -7.47785640344532432e+00 
 6.45654229034644086e+05  1.75934207289581188e+01 -7.62300391513688425e+00 
 6.60693448007584317e+05  1.74902266677590852e+01 -7.76974906271088628e+00 
 6.76082975391969783e+05  1.73829934073793666e+01 -7.91802888128605797e+00 
 6.91830970918924198e+05  1.72715929277226152e+01 -8.06777410102249348e+00 
 7.07945784384125262e+05  1.71558954438270277e+01 -8.21890882460479233e+00 
 7.24435960074977134e+05  1.70357695761007975e+01 -8.37135019852518525e+00 
 7.41310241300904308e+05  1.69110825423094262e+01 -8.52500807283817075e+00 
 7.58577575029170257e+05  1.67817003732651884e+01 -8.67978465241011676e+00 
 7.76247116628677933e+05  1.66474881517322544e+01 -8.83557413815619519e+00 
 7.94328234724267386e+05  1.65083102784230533e+01 -8.99226236121339184e+00 
 8.12830516164084780e+05  1.63640307666997380e+01 -9.14972640743109977e+00 
 8.31763771102656145e+05  1.62145135688728068e+01 -9.30783423549470079e+00 
 8.51138038202361204e+05  1.60596229356253772e+01 -9.46644428668438565e+00 
 8.70963589956064941e+05  1.58992238127204608e+01 -9.62540508982791465e+00 
 8.91250938133729389e+05  1.57331822763657030e+01 -9.78455486274562602e+00 
 9.12010839355893200e+05  1.55613660129980271e+01 -9.94372110851982960e+00 
 9.33254300796974101e+05  1.53836448437359810e+01 -1.01027202131106009e+01 
 9.54992586021418567e+05  1.51998913000491065e+01 -1.02613570436198369e+01 
 9.77237220955792814e+05  1.50099812530742156e+01 -1.04194245517766877e+01 
 9.99999999999981723e+05  1.48137946010112600e+01 -1.05767033845092477e+01 
 1.02329299228073540e+06  1.46112160176761900e+01 -1.07329615091771853e+01 
 1.04712854805088032e+06  1.44021357694164234e+01 -1.08879538540523484e+01 
 1.07151930523758661e+06  1.41864506006433366e+01 -1.10414219734076617e+01 
 1.09647819614316477e+06  1.39640646937559758e+01 -1.11930937433744759e+01 
 1.12201845430194261e+06  1.37348907093287487e+01 -1.13426830945350083e+01 
 1.14815362149686133e+06  1.34988509073128071e+01 -1.14898897919515832e+01 
 1.17489755493950751e+06  1.32558783502609447e+01 -1.16343992735766228e+01 
 1.20226443461739039e+06  1.30059181989666470e+01 -1.17758825542997769e+01 
 1.23026877081235847e+06  1.27489290905662109e+01 -1.19139962137855164e+01 
 1.25892541179414350e+06  1.24848846080574472e+01 -1.20483824771536483e+01 
 1.28824955169310956e+06  1.22137748361130072e+01 -1.21786694060336593e+01 
 1.31825673855638201e+06  1.19356079989562183e+01 -1.23044712155154023e+01 
 1.34896288259162800e+06  1.16504121798928200e+01 -1.24253887334642492e+01 
 1.38038426460285857e+06  1.13582371068769703e+01 -1.25410100226903172e+01 
 1.41253754462272744e+06  1.10591560037841550e+01 -1.26509111806280359e+01 
 1.44543977074589999e+06  1.07532674849351224e+01 -1.27546573399433321e+01 
 1.47910838816817920e+06  1.04406974828656800e+01 -1.28518038861296890e+01 
 1.51356124843617924e+06  1.01216011847381200e+01 -1.29418979113502459e+01 
 1.54881661891245167e+06  9.79616495716420488e+00 -1.30244799228638151e+01 
 1.58489319246108318e+06  9.46460822527223300e+00 -1.30990858202482414e+01 
 1.62181009735889896e+06  9.12718528481937241e+00 -1.31652491561660270e+01 
 1.65958690743752895e+06  8.78418699744901232e+00 -1.32225036903047943e+01 
 1.69824365246171178e+06  8.43594233878500788e+00 -1.32703862421238910e+01 
 1.73780082874934212e+06  8.08281975262280561e+00 -1.33084398447860011e+01 
 1.77827941003888869e+06  7.72522826435416476e+00 -1.33362171949885617e+01 
 1.81970085860994854e+06  7.36361830351287949e+00 -1.33532843874555915e+01 
 1.86208713666283176e+06  6.99848218539630285e+00 -1.33592249150353766e+01 
 1.90546071796321054e+06  6.63035420056052516e+00 -1.33536439076675322e+01 
 1.94984459975800780e+06  6.25981025966504223e+00 -1.33361725722122877e+01 
 1.99526231496884115e+06  5.88746705500508405e+00 -1.33064727936219640e+01 
 2.04173794466948998e+06  5.51398067199229036e+00 -1.32642418292831952e+01 
 2.08929613085399917e+06  5.14004464264334793e+00 -1.32092170477333539e+01 
 2.13796208950219071e+06  4.76638738716303578e+00 -1.31411806270180431e+01 
 2.18776162394951005e+06  4.39376903248241657e+00 -1.30599641331781893e+01 
 2.23872113856829610e+06  4.02297759982061276e+00 -1.29654528936443221e+01 
 2.29086765276772855e+06  3.65482456099635344e+00 -1.28575900665319978e+01 
 2.34422881531987665e+06  3.29013978877592539e+00 -1.27363803144829042e+01 
 2.39883291901944391e+06  2.92976593115807304e+00 -1.26018929806034610e+01 
 2.45470891568498267e+06  2.57455226631123546e+00 -1.24542646755799797e+01 
 2.51188643150953110e+06  2.22534810464183952e+00 -1.22937011851771985e+01 
 2.57039578276881343e+06  1.88299582512453734e+00 -1.21204786180656541e+01 
 2.63026799189533014e+06  1.54832364472779371e+00 -1.19349437242703562e+01 
 2.69153480392686278e+06  1.22213823668327581e+00 -1.17375133331370964e+01 
 2.75422870333811222e+06  9.05217321957697330e-01 -1.15286728741465243e+01 
 2.81838293126439815e+06  5.98302365053575258e-01 -1.13089739643872527e+01 
 2.88403150312654907e+06  3.02091512138014107e-01 -1.10790310704979245e+01 
 2.95120922666632757e+06  1.72329066646987883e-02 -1.08395172726417712e+01 
 3.01995172040195670e+06 -2.55681484529957093e-01 -1.05911591871066832e+01 
 3.09029543251352943e+06 -5.16121412846393346e-01 -1.03347311118764917e+01 
 3.16227766016831668e+06 -7.63623144812642485e-01 -1.00710485018067413e+01 
 3.23593656929621845e+06 -9.97793421277241799e-01 -9.80096087449205022e+00 
 3.31131121482584532e+06 -1.21831250358656185e+00 -9.52534428045305859e+00 
 3.38844156139195804e+06 -1.42493625364239307e+00 -9.24509347040457818e+00 
 3.46736850452524750e+06 -1.61749721954709957e+00 -8.96111390969798727e+00 
 3.54813389233568404e+06 -1.79590472004413315e+00 -8.67431377568806639e+00 
 3.63078054770094110e+06 -1.96014394793411961e+00 -8.38559609053508304e+00 
 3.71535229097165121e+06 -2.11027413383716400e+00 -8.09585112295554588e+00 
 3.80189396320553590e+06 -2.24642583072877500e+00 -7.80594917968621616e+00 
 3.89045144994272804e+06 -2.36879740255438298e+00 -7.51673390694108523e+00 
 3.98107170553489262e+06 -2.47765080899635848e+00 -7.22901618892595277e+00 
 4.07380277804104565e+06 -2.57330679493625247e+00 -6.94356872471485786e+00 
 4.16869383470327035e+06 -2.65613959700621471e+00 -6.66112133736565859e+00 
 4.26579518801584095e+06 -2.72657128606756860e+00 -6.38235705395659814e+00 
 4.36515832240157202e+06 -2.78506586200085504e+00 -6.10790897160736801e+00 
 4.46683592150954157e+06 -2.83212321645753518e+00 -5.83835790976621460e+00 
 4.57088189614865836e+06 -2.86827307117689712e+00 -5.57423082913265588e+00 
 4.67735141287188791e+06 -2.89406899044194743e+00 -5.31599998323595013e+00 
 4.78630092322628666e+06 -2.91008256071323501e+00 -5.06408275990873680e+00 
 4.89778819368436281e+06 -2.91689781032532336e+00 -4.81884215258071880e+00 
 5.01187233627262153e+06 -2.91510593755392877e+00 -4.58058780083073458e+00 
 5.12861383991354518e+06 -2.90530039806472962e+00 -4.34957753058358332e+00 
 5.24807460249761958e+06 -2.88807239141209626e+00 -4.12601932276982097e+00 
 5.37031796370241791e+06 -2.86400677420990313e+00 -3.91007363874593494e+00 
 5.49540873857613374e+06 -2.83367841478700910e+00 -3.70185603120977680e+00 
 5.62341325190337654e+06 -2.79764899719567683e+00 -3.50143997374069516e+00 
 5.75439937337145209e+06 -2.75646426905706621e+00 -3.30885984412402223e+00 
 5.88843655355576985e+06 -2.71065172338042304e+00 -3.12411400315740906e+00 
 6.02559586074345466e+06 -2.66071869620608092e+00 -2.94716791553422119e+00 
 6.16595001861469541e+06 -2.60715085896476362e+00 -2.77795726591549430e+00 
 6.30957344480180275e+06 -2.55041107457533212e+00 -2.61639102847759775e+00 
 6.45654229034642223e+06 -2.49093859400029238e+00 -2.46235445639066075e+00 
 6.60693448007582407e+06 -2.42914855697598808e+00 -2.31571196155322356e+00 
 6.76082975391967874e+06 -2.36543176727770854e+00 -2.17630986217587941e+00 
 6.91830970918922219e+06 -2.30015471063222421e+00 -2.04397898040918946e+00 
 7.07945784384123329e+06 -2.23365978207080751e+00 -1.91853707734897916e+00 
 7.24435960074975155e+06 -2.16626569470060826e+00 -1.79979111701379124e+00 
 7.41310241300902236e+06 -2.09826803956650609e+00 -1.68753935477096362e+00 
 7.58577575029168092e+06 -2.02993997015524119e+00 -1.58157324898966656e+00 
 7.76247116628675628e+06 -1.96153298621486294e+00 -1.48167919767153444e+00 
 7.94328234724264964e+06 -1.89327779473695434e+00 -1.38764010390531478e+00 
 8.12830516164082289e+06 -1.82538522754369659e+00 -1.29923677601241416e+00 
 8.31763771102653630e+06 -1.75804719620037164e+00 -1.21624917003652877e+00 
 8.51138038202358596e+06 -1.69143766921783101e+00 -1.13845748285338666e+00 
 8.70963589956062287e+06 -1.62571365701363191e+00 -1.06564310537381579e+00 
 8.91250938133726642e+06 -1.56101619254540602e+00 -9.97589445771783989e-01 
 9.12010839355890453e+06 -1.49747129751542740e+00 -9.34082632921072631e-01 
 9.33254300796971284e+06 -1.43519092548603200e+00 -8.74912110462287451e-01 
 9.54992586021415703e+06 -1.37427387540328505e+00 -8.19871131577720069e-01 
 9.77237220955790021e+06 -1.31480666982393424e+00 -7.68757164644468305e-01 
 9.99999999999978766e+06 -1.25686439365381819e+00 -7.21372219564501149e-01 
 1.02329299228073228e+07 -1.20051149080953490e+00 -6.77523103886803146e-01 
 1.04712854805087708e+07 -1.14580251646618381e+00 -6.37021617845149657e-01 
 1.07151930523758344e+07 -1.09278284412363025e+00 -5.99684696536597506e-01 
 1.09647819614316151e+07 -1.04148932740980715e+00 -5.65334506934031866e-01 
 1.12201845430193935e+07 -9.91950916912768044e-01 -5.33798507101607256e-01 
 1.14815362149685808e+07 -9.44189233225822711e-01 -5.04909474182930862e-01 
 1.17489755493950434e+07 -8.98219097872916095e-01 -4.78505507131891772e-01 
 1.20226443461738713e+07 -8.54049024116019351e-01 -4.54430009631690057e-01 
 1.23026877081235517e+07 -8.11681670129968280e-01 -4.32531657913454826e-01 
 1.25892541179414019e+07 -7.71114256980502399e-01 -4.12664357906819934e-01 
 1.28824955169310626e+07 -7.32338954632021588e-01 -3.94687195006813596e-01 
 1.31825673855637871e+07 -6.95343238646309647e-01 -3.78464379854578481e-01 
 1.34896288259162456e+07 -6.60110220881150789e-01 -3.63865192429496109e-01 
 1.38038426460285503e+07 -6.26618957344603267e-01 -3.50763926367651135e-01 
 1.41253754462272376e+07 -5.94844736135585639e-01 -3.39039835118072674e-01 
 1.44543977074589618e+07 -5.64759348573648290e-01 -3.28577080801900623e-01 
 1.47910838816817533e+07 -5.36331346431602074e-01 -3.19264686217839211e-01 
 1.51356124843617529e+07 -5.09526287838909964e-01 -3.10996490211062349e-01 
 1.54881661891244762e+07 -4.84306974425462722e-01 -3.03671105981754508e-01 
 1.58489319246107899e+07 -4.60633681820160901e-01 -2.97191881784973355e-01 
 1.62181009735889453e+07 -4.38464385466415363e-01 -2.91466863024112566e-01 
 1.65958690743752439e+07 -4.17754983236029276e-01 -2.86408754680143485e-01 
 1.69824365246170722e+07 -3.98459516170086792e-01 -2.81934882619369720e-01 
 1.73780082874933742e+07 -3.80530388075203507e-01 -2.77967152489123182e-01 
 1.77827941003888398e+07 -3.63918584580369242e-01 -2.74432004571224186e-01 
 1.81970085860994384e+07 -3.48573891755920240e-01 -2.71260363140367555e-01 
 1.86208713666282669e+07 -3.34445114100935192e-01 -2.68387578880570798e-01 
 1.90546071796320528e+07 -3.21480291360904447e-01 -2.65753363060980519e-01 
 1.94984459975800253e+07 -3.09626913406524595e-01 -2.63301712267649923e-01 
 1.99526231496883593e+07 -2.98832132111999826e-01 -2.60980822749612984e-01 
 2.04173794466948472e+07 -2.89042969011697903e-01 -2.58742993625830475e-01 
 2.08929613085399382e+07 -2.80206517285844670e-01 -2.56544518559632839e-01 
 2.13796208950218521e+07 -2.72270136626242165e-01 -2.54345565663704809e-01 
 2.18776162394950464e+07 -2.65181639420696336e-01 -2.52110045769188551e-01 
 2.23872113856829032e+07 -2.58889466714824379e-01 -2.49805469458192153e-01 
 2.29086765276772268e+07 -2.53342852466815982e-01 -2.47402793531001169e-01 
 2.34422881531987041e+07 -2.48491974736288201e-01 -2.44876257796312974e-01 
 2.39883291901943758e+07 -2.44288092531397522e-01 -2.42203213372876452e-01 
 2.45470891568497606e+07 -2.40683667265808393e-01 -2.39363943808092117e-01 
 2.51188643150952458e+07 -2.37632467923925728e-01 -2.36341480545570776e-01 
 2.57039578276880682e+07 -2.35089659299821924e-01 -2.33121414308728792e-01 
 2.63026799189532362e+07 -2.33011872843436468e-01 -2.29691704121624068e-01 
 2.69153480392685607e+07 -2.31357259902729012e-01 -2.26042485674726124e-01 
 2.75422870333810523e+07 -2.30085527323344918e-01 -2.22165880815166694e-01 
 2.81838293126439117e+07 -2.29157955636612010e-01 -2.18055809788349375e-01 
 2.88403150312654190e+07 -2.28537400161057169e-01 -2.13707807955018425e-01 
 2.95120922666632012e+07 -2.28188275563151660e-01 -2.09118848522017314e-01 
 3.01995172040194906e+07 -2.28076524532761726e-01 -2.04287172770830860e-01 
 3.09029543251352161e+07 -2.28169571311390235e-01 -1.99212129238841795e-01 
 3.16227766016830876e+07 -2.28436260943956471e-01 -1.93894023099232815e-01 
 3.23593656929621026e+07 -2.28846785148012682e-01 -1.88333976976734652e-01 
 3.31131121482583694e+07 -2.29372595707863003e-01 -1.82533804489065782e-01 
 3.38844156139194965e+07 -2.29986306438690447e-01 -1.76495897407600438e-01 
 3.46736850452523902e+07 -2.30661584642975426e-01 -1.70223127795578105e-01 
 3.54813389233567566e+07 -2.31373033141775791e-01 -1.63718766029499418e-01 
 3.63078054770093262e+07 -2.32096063909822653e-01 -1.56986415978957655e-01 
 3.71535229097164273e+07 -2.32806764449115938e-01 -1.50029968491531496e-01 
 3.80189396320552751e+07 -2.33481758101122955e-01 -1.42853574517073423e-01 
 3.89045144994271919e+07 -2.34098059634702704e-01 -1.35461639317452753e-01 
 3.98107170553488359e+07 -2.34632927629468718e-01 -1.27858839297057242e-01 
 4.07380277804103643e+07 -2.35063715425429837e-01 -1.20050163254570880e-01 
 4.16869383470326066e+07 -2.35367722761294307e-01 -1.12040979987690595e-01 
 4.26579518801583126e+07 -2.35522050662903326e-01 -1.03837134300884135e-01 
 4.36515832240156233e+07 -2.35503462730142971e-01 -9.54450737040649505e-02 
 4.46683592150953114e+07 -2.35288256707916504e-01 -8.68720081452450804e-02 
 4.57088189614864811e+07 -2.34852151126454106e-01 -7.81261050818406744e-02 
 4.67735141287187710e+07 -2.34170192888319084e-01 -6.92167220333737843e-02 
 4.78630092322627604e+07 -2.33216693031400385e-01 -6.01546784706652807e-02 
 4.89778819368435219e+07 -2.31965199297060415e-01 -5.09525679481150490e-02 
 5.01187233627261072e+07 -2.30388515912283098e-01 -4.16251105130298130e-02 
 5.12861383991353363e+07 -2.28458782609391203e-01 -3.21895434321133322e-02 
 5.24807460249760821e+07 -2.26147626767709387e-01 -2.26660460969674050e-02 
 5.37031796370240673e+07 -2.23426403971720783e-01 -1.30781915193505342e-02 
 5.49540873857612163e+07 -2.20266543454818942e-01 -3.45341275214807982e-03 
 5.62341325190336406e+07 -2.16640015146042170e-01  6.17653274412438124e-03 
 5.75439937337143943e+07 -2.12519934098693630e-01  1.57751240289268901e-02 
 5.88843655355575681e+07 -2.07881315418922158e-01  2.53006932641318925e-02 
 6.02559586074344143e+07 -2.02701987812150569e-01  3.47061359845211165e-02 
 6.16595001861468256e+07 -1.96963665820903161e-01  4.39387607299655675e-02 
 6.30957344480179027e+07 -1.90653169548352930e-01  5.29403302285170324e-02 
 6.45654229034640938e+07 -1.83763765435101450e-01  6.16473506468611793e-02 
 6.60693448007581085e+07 -1.76296583126355405e-01  6.99916657081396110e-02 
 6.76082975391966552e+07 -1.68262042006028539e-01  7.79014070487269172e-02 
 6.91830970918920934e+07 -1.59681198664270024e-01  8.53023391036164952e-02 
 7.07945784384122044e+07 -1.50586905713849861e-01  9.21196147497520129e-02 
 7.24435960074973851e+07 -1.41024656902166756e-01  9.82799263733583756e-02 
 7.41310241300900877e+07 -1.31052987344705857e-01  1.03713996970295347e-01 
 7.58577575029166788e+07 -1.20743305385417832e-01  1.08359310269942472e-01 
 7.76247116628674269e+07 -1.10179057335024755e-01  1.12162932811681937e-01 
 7.94328234724263549e+07 -9.94541692819059658e-02  1.15084241227055489e-01 
 8.12830516164080799e+07 -8.86707697921038651e-02  1.17097342678761318e-01 
 8.31763771102652103e+07 -7.79362678759798616e-02  1.18192972648012581e-01 
 8.51138038202357143e+07 -6.73599334060313304e-02  1.18379677002910397e-01 
 8.70963589956060797e+07 -5.70491910604114319e-02  1.17684135218254951e-01 
 8.91250938133725226e+07 -4.71058828113536041e-02  1.16150554628096384e-01 
 9.12010839355888963e+07 -3.76227690778549173e-02  1.13839152206177421e-01 
 9.33254300796969682e+07 -2.86805210902141665e-02  1.10823828261346694e-01 
 9.54992586021414101e+07 -2.03454085576795056e-02  1.07189212208545978e-01 
 9.77237220955788344e+07 -1.26678149488457115e-02  1.03027312856769540e-01 
 9.99999999999977052e+07 -5.68162915361998620e-03  9.84340280371029941e-02 
 1.02329299228073061e+08  5.95520183723664744e-04  9.35057595154164950e-02 
 1.04712854805087537e+08  6.16129130299766618e-03  8.83363437245100747e-02 
 1.07151930523758158e+08  1.10270700430612836e-02  8.30144549742201643e-02 
 1.09647819614315957e+08  1.52160034372748627e-02  7.76215757145518742e-02 
 1.12201845430193737e+08  1.87608077268054917e-02  7.22305672152879219e-02 
 1.14815362149685606e+08  2.17015166144836798e-02  6.69048216089747905e-02 
 1.17489755493950218e+08  2.40833071399650794e-02  6.16979364858207466e-02 
 1.20226443461738482e+08  2.59545059177804203e-02  5.66538280663810637e-02 
 1.23026877081235275e+08  2.73648429335449674e-02  5.18071872755797788e-02 
 1.25892541179413766e+08  2.83639878383951903e-02  4.71841825789797303e-02 
 1.28824955169310361e+08  2.90003770036739716e-02  4.28033209907646359e-02 
 1.31825673855637595e+08  2.93203195540320746e-02  3.86763911898622414e-02 
 1.34896288259162158e+08  2.93673571319275385e-02  3.48094274872290527e-02 
 1.38038426460285217e+08  2.91818443616695226e-02  3.12036483805713909e-02 
 1.41253754462272078e+08  2.88007138414504184e-02  2.78563372721879789e-02 
 1.44543977074589312e+08  2.82573896766169994e-02  2.47616448016162519e-02 
 1.47910838816817224e+08  2.75818160888271525e-02  2.19113018527404002e-02 
 1.51356124843617201e+08  2.68005713569446462e-02  1.92952396398251812e-02 
 1.54881661891244441e+08  2.59370417975368535e-02  1.69021185667605801e-02 
 1.58489319246107578e+08  2.50116348834472577e-02  1.47197711214736206e-02 
 1.62181009735889137e+08  2.40420148797527919e-02  1.27355662218310104e-02 
 1.65958690743752122e+08  2.30433480999538594e-02  1.09367035443764127e-02 
 1.69824365246170402e+08  2.20285481571565189e-02  9.31044669516715995e-03 
 1.73780082874933422e+08  2.10085142832351530e-02  7.84430388366280998e-03 
 1.77827941003888041e+08  1.99923579614674565e-02  6.52616423266173199e-03 
 1.81970085860994011e+08  1.89876148559552059e-02  5.34439711723102076e-03 
 1.86208713666282296e+08  1.80004403283474251e-02  4.28792111377944169e-03 
 1.90546071796320170e+08  1.70357878333666050e-02  3.34624829138205565e-03 
 1.94984459975799859e+08  1.60975701870190273e-02  2.50950878043692399e-03 
 1.99526231496883184e+08  1.51888042184789990e-02  1.76845978635200240e-03 
 2.04173794466948032e+08  1.43117396361330650e-02  1.11448255102360606e-03 
 2.08929613085398912e+08  1.34679731533105303e-02  5.39570155161110915e-04 
 2.13796208950218052e+08  1.26585490255472412e-02  3.63085378191073968e-05 
 2.18776162394949973e+08  1.18840471930605311e-02 -4.02147336550538628e-04 
 2.23872113856828541e+08  1.11446602166090317e-02 -7.82100614881917826e-04 
 2.29086765276771754e+08  1.04402601519557534e-02 -1.10934176045662781e-03 
 2.34422881531986535e+08  9.77045644738814591e-03 -1.38917885597591734e-03 
 2.39883291901943237e+08  9.13464587367390085e-03 -1.62646825168737824e-03 
 2.45470891568497092e+08  8.53205541423963064e-03 -1.82564498148944784e-03 
 2.51188643150951922e+08  7.96177896110306094e-03 -1.99075251630977850e-03 
 2.57039578276880145e+08  7.42280857992450634e-03 -2.12547153842034724e-03 
 2.63026799189531803e+08  6.91406102971127076e-03 -2.23314751566722073e-03 
 2.69153480392684996e+08  6.43440014866871954e-03 -2.31681692531326196e-03 
 2.75422870333809912e+08  5.98265564998396501e-03 -2.37923203885958938e-03 
 2.81838293126438498e+08  5.55763880844263505e-03 -2.42288422238628445e-03 
 2.88403150312653542e+08  5.15815546214969285e-03 -2.45002574203900250e-03 
 2.95120922666631341e+08  4.78301670233334704e-03 -2.46269009184059374e-03 
 3.01995172040194213e+08  4.43104757831331436e-03 -2.46271087929847508e-03 
 3.09029543251351476e+08  4.10109410363775247e-03 -2.45173931972250160e-03 
 3.16227766016830146e+08  3.79202881299226489e-03 -2.43126039934959699e-03 
 3.23593656929620266e+08  3.50275508715982512e-03 -2.40260777427093270e-03 
 3.31131121482582927e+08  3.23221043481542944e-03 -2.36697747585919160e-03 
 3.38844156139194191e+08  2.97936889466408807e-03 -2.32544049561503319e-03 
 3.46736850452523053e+08  2.74324269963094986e-03 -2.27895432164630001e-03 
 3.54813389233566642e+08  2.52288332491625413e-03 -2.22837349945395570e-03 
 3.63078054770092309e+08  2.31738202529432327e-03 -2.17445928623761619e-03 
 3.71535229097163260e+08  2.12586995167877643e-03 -2.11788846672230843e-03 
 3.80189396320551693e+08  1.94751792442005565e-03 -2.05926139454664769e-03 
 3.89045144994270861e+08  1.78153592907509778e-03 -1.99910932083012440e-03 
 3.98107170553487301e+08  1.62717239095792974e-03 -1.93790106729542543e-03 
 4.07380277804102540e+08  1.48371327592966042e-03 -1.87604909835763396e-03 
 4.16869383470324934e+08  1.35048105762153119e-03 -1.81391504276775259e-03 
 4.26579518801581919e+08  1.22683358485950228e-03 -1.75181471194137085e-03 
 4.36515832240154982e+08  1.11216287749337818e-03 -1.69002265872917343e-03 
 4.46683592150951862e+08  1.00589387409228933e-03 -1.62877631705409540e-03 
 4.57088189614863515e+08  9.07483150917685086e-04 -1.56827975964653871e-03 
 4.67735141287186384e+08  8.16417628023763256e-04 -1.50870710817844968e-03 
 4.78630092322626233e+08  7.32213275389047616e-04 -1.45020562721195770e-03 
 4.89778819368433774e+08  6.54413829463042804e-04 -1.39289853070492906e-03 
 5.01187233627259552e+08  5.82589528373885228e-04 -1.33688752732364171e-03 
 5.12861383991351783e+08  5.16335872184009730e-04 -1.28225512853293857e-03 
 5.24807460249759197e+08  4.55272413169162350e-04 -1.22906674120547548e-03 
 5.37031796370239019e+08  3.99041579759641652e-04 -1.17737256456811891e-03 
 5.49540873857610464e+08  3.47307536823807995e-04 -1.12720930942003289e-03 
 5.62341325190334678e+08  2.99755084039512185e-04 -1.07860175593380253e-03 
 5.75439937337142229e+08  2.56088593527418801e-04 -1.03156416474807478e-03 
 5.88843655355573893e+08  2.16030987232411438e-04 -9.86101554738201417e-04 
 6.02559586074342251e+08  1.79322754227441748e-04 -9.42210859512085819e-04 
 6.16595001861466289e+08  1.45721007677730220e-04 -8.99881973575897688e-04 
 6.30957344480176926e+08  1.14998580985590054e-04 -8.59098698049498609e-04 
 6.45654229034638762e+08  8.69431624340475875e-05 -8.19839594877409643e-04 
 6.60693448007578850e+08  6.13564674562115160e-05 -7.82078757650493087e-04 
 6.76082975391964197e+08  3.80534476108451206e-05 -7.45786506374295703e-04 
 6.91830970918918490e+08  1.68615352354574226e-05 -7.10930012853404022e-04 
 7.07945784384119511e+08 -2.38007731257542099e-06 -6.77473862750767905e-04 
 7.24435960074971199e+08 -1.98211248593105353e-05 -6.45380559818601717e-04 
 7.41310241300898194e+08 -3.56009242583455018e-05 -6.14610977335358719e-04 
 7.58577575029163957e+08 -4.98489978897359660e-05 -5.85124761310443957e-04 
 7.76247116628671408e+08 -6.26856669630341048e-05 -5.56880689649169309e-04 
 7.94328234724260688e+08 -7.42226156955992628e-05 -5.29836991102393081e-04 
 8.12830516164077878e+08 -8.45634274148112362e-05 -5.03951627507894266e-04 
 8.31763771102649093e+08 -9.38040936385838237e-05 -4.79182542543530536e-04 
 8.51138038202354074e+08 -1.02033497172944243e-04 -4.55487879947319462e-04 
 8.70963589956057668e+08 -1.09333870191575310e-04 -4.32826173924228785e-04 
 8.91250938133721948e+08 -1.15781228319765053e-04 -4.11156514239168370e-04 
 9.12010839355885625e+08 -1.21445781643725900e-04 -3.90438688301407628e-04 
 9.33254300796966314e+08 -1.26392323606462230e-04 -3.70633302359309072e-04 
 9.54992586021410584e+08 -1.30680598698207102e-04 -3.51701883758170648e-04 
 9.77237220955784678e+08 -1.34365649831133191e-04 -3.33606966059988804e-04 
 9.99999999999973416e+08 -1.37498146277174269e-04 -3.16312158678184270e-04 
