 time            v(isense)      
 0.00000000e+00  9.99888028e-01 
 2.00000000e-11  9.99888028e-01 
 4.00000000e-11  9.99888028e-01 
 8.00000000e-11  9.99888028e-01 
 1.60000000e-10  9.99888028e-01 
 3.20000000e-10  9.99888028e-01 
 6.40000000e-10  9.99888028e-01 
 1.28000000e-09  9.99888028e-01 
 2.56000000e-09  9.99888028e-01 
 4.56000000e-09  9.99888028e-01 
 6.56000000e-09  9.99888028e-01 
 8.56000000e-09  9.99888028e-01 
 1.05600000e-08  9.99888028e-01 
 1.25600000e-08  9.99888028e-01 
 1.45600000e-08  9.99888028e-01 
 1.65600000e-08  9.99888028e-01 
 1.85600000e-08  9.99888028e-01 
 2.05600000e-08  9.99888028e-01 
 2.25600000e-08  9.99888028e-01 
 2.45600000e-08  9.99888028e-01 
 2.65600000e-08  9.99888028e-01 
 2.85600000e-08  9.99888028e-01 
 3.05600000e-08  9.99888028e-01 
 3.25600000e-08  9.99888028e-01 
 3.45600000e-08  9.99888028e-01 
 3.65600000e-08  9.99888028e-01 
 3.85600000e-08  9.99888028e-01 
 4.05600000e-08  9.99888028e-01 
 4.25600000e-08  9.99888028e-01 
 4.45600000e-08  9.99888028e-01 
 4.65600000e-08  9.99888028e-01 
 4.85600000e-08  9.99888028e-01 
 5.05600000e-08  9.99888028e-01 
 5.25600000e-08  9.99888028e-01 
 5.45600000e-08  9.99888028e-01 
 5.65600000e-08  9.99888028e-01 
 5.85600000e-08  9.99888028e-01 
 6.05600000e-08  9.99888028e-01 
 6.25600000e-08  9.99888028e-01 
 6.45600000e-08  9.99888028e-01 
 6.65600000e-08  9.99888028e-01 
 6.85600000e-08  9.99888028e-01 
 7.05600000e-08  9.99888028e-01 
 7.25600000e-08  9.99888028e-01 
 7.45600000e-08  9.99888028e-01 
 7.65600000e-08  9.99888028e-01 
 7.85600000e-08  9.99888028e-01 
 8.05600000e-08  9.99888028e-01 
 8.25600000e-08  9.99888028e-01 
 8.45600000e-08  9.99888028e-01 
 8.65600000e-08  9.99888028e-01 
 8.85600000e-08  9.99888028e-01 
 9.05600000e-08  9.99888028e-01 
 9.25600000e-08  9.99888028e-01 
 9.45600000e-08  9.99888028e-01 
 9.65600000e-08  9.99888028e-01 
 9.85600000e-08  9.99888028e-01 
 1.00560000e-07  9.99888028e-01 
 1.02560000e-07  9.99888028e-01 
 1.04560000e-07  9.99888028e-01 
 1.06560000e-07  9.99888028e-01 
 1.08560000e-07  9.99888028e-01 
 1.10560000e-07  9.99888028e-01 
 1.12560000e-07  9.99888028e-01 
 1.14560000e-07  9.99888028e-01 
 1.16560000e-07  9.99888028e-01 
 1.18560000e-07  9.99888028e-01 
 1.20560000e-07  9.99888028e-01 
 1.22560000e-07  9.99888028e-01 
 1.24560000e-07  9.99888028e-01 
 1.26560000e-07  9.99888028e-01 
 1.28560000e-07  9.99888028e-01 
 1.30560000e-07  9.99888028e-01 
 1.32560000e-07  9.99888028e-01 
 1.34560000e-07  9.99888028e-01 
 1.36560000e-07  9.99888028e-01 
 1.38560000e-07  9.99888028e-01 
 1.40560000e-07  9.99888028e-01 
 1.42560000e-07  9.99888028e-01 
 1.44560000e-07  9.99888028e-01 
 1.46560000e-07  9.99888028e-01 
 1.48560000e-07  9.99888028e-01 
 1.50560000e-07  9.99888028e-01 
 1.52560000e-07  9.99888028e-01 
 1.54560000e-07  9.99888028e-01 
 1.56560000e-07  9.99888028e-01 
 1.58560000e-07  9.99888028e-01 
 1.60560000e-07  9.99888028e-01 
 1.62560000e-07  9.99888028e-01 
 1.64560000e-07  9.99888028e-01 
 1.66560000e-07  9.99888028e-01 
 1.68560000e-07  9.99888028e-01 
 1.70560000e-07  9.99888028e-01 
 1.72560000e-07  9.99888028e-01 
 1.74560000e-07  9.99888028e-01 
 1.76560000e-07  9.99888028e-01 
 1.78560000e-07  9.99888028e-01 
 1.80560000e-07  9.99888028e-01 
 1.82560000e-07  9.99888028e-01 
 1.84560000e-07  9.99888028e-01 
 1.86560000e-07  9.99888028e-01 
 1.88560000e-07  9.99888028e-01 
 1.90560000e-07  9.99888028e-01 
 1.92560000e-07  9.99888028e-01 
 1.94560000e-07  9.99888028e-01 
 1.96560000e-07  9.99888028e-01 
 1.98560000e-07  9.99888028e-01 
 2.00560000e-07  9.99888028e-01 
 2.02560000e-07  9.99888028e-01 
 2.04560000e-07  9.99888028e-01 
 2.06560000e-07  9.99888028e-01 
 2.08560000e-07  9.99888028e-01 
 2.10560000e-07  9.99888028e-01 
 2.12560000e-07  9.99888028e-01 
 2.14560000e-07  9.99888028e-01 
 2.16560000e-07  9.99888028e-01 
 2.18560000e-07  9.99888028e-01 
 2.20560000e-07  9.99888028e-01 
 2.22560000e-07  9.99888028e-01 
 2.24560000e-07  9.99888028e-01 
 2.26560000e-07  9.99888028e-01 
 2.28560000e-07  9.99888028e-01 
 2.30560000e-07  9.99888028e-01 
 2.32560000e-07  9.99888028e-01 
 2.34560000e-07  9.99888028e-01 
 2.36560000e-07  9.99888028e-01 
 2.38560000e-07  9.99888028e-01 
 2.40560000e-07  9.99888028e-01 
 2.42560000e-07  9.99888028e-01 
 2.44560000e-07  9.99888028e-01 
 2.46560000e-07  9.99888028e-01 
 2.48560000e-07  9.99888028e-01 
 2.50560000e-07  9.99888028e-01 
 2.52560000e-07  9.99888028e-01 
 2.54560000e-07  9.99888028e-01 
 2.56560000e-07  9.99888028e-01 
 2.58560000e-07  9.99888028e-01 
 2.60560000e-07  9.99888028e-01 
 2.62560000e-07  9.99888028e-01 
 2.64560000e-07  9.99888028e-01 
 2.66560000e-07  9.99888028e-01 
 2.68560000e-07  9.99888028e-01 
 2.70560000e-07  9.99888028e-01 
 2.72560000e-07  9.99888028e-01 
 2.74560000e-07  9.99888028e-01 
 2.76560000e-07  9.99888028e-01 
 2.78560000e-07  9.99888028e-01 
 2.80560000e-07  9.99888028e-01 
 2.82560000e-07  9.99888028e-01 
 2.84560000e-07  9.99888028e-01 
 2.86560000e-07  9.99888028e-01 
 2.88560000e-07  9.99888028e-01 
 2.90560000e-07  9.99888028e-01 
 2.92560000e-07  9.99888028e-01 
 2.94560000e-07  9.99888028e-01 
 2.96560000e-07  9.99888028e-01 
 2.98560000e-07  9.99888028e-01 
 3.00560000e-07  9.99888028e-01 
 3.02560000e-07  9.99888028e-01 
 3.04560000e-07  9.99888028e-01 
 3.06560000e-07  9.99888028e-01 
 3.08560000e-07  9.99888028e-01 
 3.10560000e-07  9.99888028e-01 
 3.12560000e-07  9.99888028e-01 
 3.14560000e-07  9.99888028e-01 
 3.16560000e-07  9.99888028e-01 
 3.18560000e-07  9.99888028e-01 
 3.20560000e-07  9.99888028e-01 
 3.22560000e-07  9.99888028e-01 
 3.24560000e-07  9.99888028e-01 
 3.26560000e-07  9.99888028e-01 
 3.28560000e-07  9.99888028e-01 
 3.30560000e-07  9.99888028e-01 
 3.32560000e-07  9.99888028e-01 
 3.34560000e-07  9.99888028e-01 
 3.36560000e-07  9.99888028e-01 
 3.38560000e-07  9.99888028e-01 
 3.40560000e-07  9.99888028e-01 
 3.42560000e-07  9.99888028e-01 
 3.44560000e-07  9.99888028e-01 
 3.46560000e-07  9.99888028e-01 
 3.48560000e-07  9.99888028e-01 
 3.50560000e-07  9.99888028e-01 
 3.52560000e-07  9.99888028e-01 
 3.54560000e-07  9.99888028e-01 
 3.56560000e-07  9.99888028e-01 
 3.58560000e-07  9.99888028e-01 
 3.60560000e-07  9.99888028e-01 
 3.62560000e-07  9.99888028e-01 
 3.64560000e-07  9.99888028e-01 
 3.66560000e-07  9.99888028e-01 
 3.68560000e-07  9.99888028e-01 
 3.70560000e-07  9.99888028e-01 
 3.72560000e-07  9.99888028e-01 
 3.74560000e-07  9.99888028e-01 
 3.76560000e-07  9.99888028e-01 
 3.78560000e-07  9.99888028e-01 
 3.80560000e-07  9.99888028e-01 
 3.82560000e-07  9.99888028e-01 
 3.84560000e-07  9.99888028e-01 
 3.86560000e-07  9.99888028e-01 
 3.88560000e-07  9.99888028e-01 
 3.90560000e-07  9.99888028e-01 
 3.92560000e-07  9.99888028e-01 
 3.94560000e-07  9.99888028e-01 
 3.96560000e-07  9.99888028e-01 
 3.98560000e-07  9.99888028e-01 
 4.00560000e-07  9.99888028e-01 
 4.02560000e-07  9.99888028e-01 
 4.04560000e-07  9.99888028e-01 
 4.06560000e-07  9.99888028e-01 
 4.08560000e-07  9.99888028e-01 
 4.10560000e-07  9.99888028e-01 
 4.12560000e-07  9.99888028e-01 
 4.14560000e-07  9.99888028e-01 
 4.16560000e-07  9.99888028e-01 
 4.18560000e-07  9.99888028e-01 
 4.20560000e-07  9.99888028e-01 
 4.22560000e-07  9.99888028e-01 
 4.24560000e-07  9.99888028e-01 
 4.26560000e-07  9.99888028e-01 
 4.28560000e-07  9.99888028e-01 
 4.30560000e-07  9.99888028e-01 
 4.32560000e-07  9.99888028e-01 
 4.34560000e-07  9.99888028e-01 
 4.36560000e-07  9.99888028e-01 
 4.38560000e-07  9.99888028e-01 
 4.40560000e-07  9.99888028e-01 
 4.42560000e-07  9.99888028e-01 
 4.44560000e-07  9.99888028e-01 
 4.46560000e-07  9.99888028e-01 
 4.48560000e-07  9.99888028e-01 
 4.50560000e-07  9.99888028e-01 
 4.52560000e-07  9.99888028e-01 
 4.54560000e-07  9.99888028e-01 
 4.56560000e-07  9.99888028e-01 
 4.58560000e-07  9.99888028e-01 
 4.60560000e-07  9.99888028e-01 
 4.62560000e-07  9.99888028e-01 
 4.64560000e-07  9.99888028e-01 
 4.66560000e-07  9.99888028e-01 
 4.68560000e-07  9.99888028e-01 
 4.70560000e-07  9.99888028e-01 
 4.72560000e-07  9.99888028e-01 
 4.74560000e-07  9.99888028e-01 
 4.76560000e-07  9.99888028e-01 
 4.78560000e-07  9.99888028e-01 
 4.80560000e-07  9.99888028e-01 
 4.82560000e-07  9.99888028e-01 
 4.84560000e-07  9.99888028e-01 
 4.86560000e-07  9.99888028e-01 
 4.88560000e-07  9.99888028e-01 
 4.90560000e-07  9.99888028e-01 
 4.92560000e-07  9.99888028e-01 
 4.94560000e-07  9.99888028e-01 
 4.96560000e-07  9.99888028e-01 
 4.98560000e-07  9.99888028e-01 
 5.00560000e-07  9.99888028e-01 
 5.02560000e-07  9.99888028e-01 
 5.04560000e-07  9.99888028e-01 
 5.06560000e-07  9.99888028e-01 
 5.08560000e-07  9.99888028e-01 
 5.10560000e-07  9.99888028e-01 
 5.12560000e-07  9.99888028e-01 
 5.14560000e-07  9.99888028e-01 
 5.16560000e-07  9.99888028e-01 
 5.18560000e-07  9.99888028e-01 
 5.20560000e-07  9.99888028e-01 
 5.22560000e-07  9.99888028e-01 
 5.24560000e-07  9.99888028e-01 
 5.26560000e-07  9.99888028e-01 
 5.28560000e-07  9.99888028e-01 
 5.30560000e-07  9.99888028e-01 
 5.32560000e-07  9.99888028e-01 
 5.34560000e-07  9.99888028e-01 
 5.36560000e-07  9.99888028e-01 
 5.38560000e-07  9.99888028e-01 
 5.40560000e-07  9.99888028e-01 
 5.42560000e-07  9.99888028e-01 
 5.44560000e-07  9.99888028e-01 
 5.46560000e-07  9.99888028e-01 
 5.48560000e-07  9.99888028e-01 
 5.50560000e-07  9.99888028e-01 
 5.52560000e-07  9.99888028e-01 
 5.54560000e-07  9.99888028e-01 
 5.56560000e-07  9.99888028e-01 
 5.58560000e-07  9.99888028e-01 
 5.60560000e-07  9.99888028e-01 
 5.62560000e-07  9.99888028e-01 
 5.64560000e-07  9.99888028e-01 
 5.66560000e-07  9.99888028e-01 
 5.68560000e-07  9.99888028e-01 
 5.70560000e-07  9.99888028e-01 
 5.72560000e-07  9.99888028e-01 
 5.74560000e-07  9.99888028e-01 
 5.76560000e-07  9.99888028e-01 
 5.78560000e-07  9.99888028e-01 
 5.80560000e-07  9.99888028e-01 
 5.82560000e-07  9.99888028e-01 
 5.84560000e-07  9.99888028e-01 
 5.86560000e-07  9.99888028e-01 
 5.88560000e-07  9.99888028e-01 
 5.90560000e-07  9.99888028e-01 
 5.92560000e-07  9.99888028e-01 
 5.94560000e-07  9.99888028e-01 
 5.96560000e-07  9.99888028e-01 
 5.98560000e-07  9.99888028e-01 
 6.00560000e-07  9.99888028e-01 
 6.02560000e-07  9.99888028e-01 
 6.04560000e-07  9.99888028e-01 
 6.06560000e-07  9.99888028e-01 
 6.08560000e-07  9.99888028e-01 
 6.10560000e-07  9.99888028e-01 
 6.12560000e-07  9.99888028e-01 
 6.14560000e-07  9.99888028e-01 
 6.16560000e-07  9.99888028e-01 
 6.18560000e-07  9.99888028e-01 
 6.20560000e-07  9.99888028e-01 
 6.22560000e-07  9.99888028e-01 
 6.24560000e-07  9.99888028e-01 
 6.26560000e-07  9.99888028e-01 
 6.28560000e-07  9.99888028e-01 
 6.30560000e-07  9.99888028e-01 
 6.32560000e-07  9.99888028e-01 
 6.34560000e-07  9.99888028e-01 
 6.36560000e-07  9.99888028e-01 
 6.38560000e-07  9.99888028e-01 
 6.40560000e-07  9.99888028e-01 
 6.42560000e-07  9.99888028e-01 
 6.44560000e-07  9.99888028e-01 
 6.46560000e-07  9.99888028e-01 
 6.48560000e-07  9.99888028e-01 
 6.50560000e-07  9.99888028e-01 
 6.52560000e-07  9.99888028e-01 
 6.54560000e-07  9.99888028e-01 
 6.56560000e-07  9.99888028e-01 
 6.58560000e-07  9.99888028e-01 
 6.60560000e-07  9.99888028e-01 
 6.62560000e-07  9.99888028e-01 
 6.64560000e-07  9.99888028e-01 
 6.66560000e-07  9.99888028e-01 
 6.68560000e-07  9.99888028e-01 
 6.70560000e-07  9.99888028e-01 
 6.72560000e-07  9.99888028e-01 
 6.74560000e-07  9.99888028e-01 
 6.76560000e-07  9.99888028e-01 
 6.78560000e-07  9.99888028e-01 
 6.80560000e-07  9.99888028e-01 
 6.82560000e-07  9.99888028e-01 
 6.84560000e-07  9.99888028e-01 
 6.86560000e-07  9.99888028e-01 
 6.88560000e-07  9.99888028e-01 
 6.90560000e-07  9.99888028e-01 
 6.92560000e-07  9.99888028e-01 
 6.94560000e-07  9.99888028e-01 
 6.96560000e-07  9.99888028e-01 
 6.98560000e-07  9.99888028e-01 
 7.00560000e-07  9.99888028e-01 
 7.02560000e-07  9.99888028e-01 
 7.04560000e-07  9.99888028e-01 
 7.06560000e-07  9.99888028e-01 
 7.08560000e-07  9.99888028e-01 
 7.10560000e-07  9.99888028e-01 
 7.12560000e-07  9.99888028e-01 
 7.14560000e-07  9.99888028e-01 
 7.16560000e-07  9.99888028e-01 
 7.18560000e-07  9.99888028e-01 
 7.20560000e-07  9.99888028e-01 
 7.22560000e-07  9.99888028e-01 
 7.24560000e-07  9.99888028e-01 
 7.26560000e-07  9.99888028e-01 
 7.28560000e-07  9.99888028e-01 
 7.30560000e-07  9.99888028e-01 
 7.32560000e-07  9.99888028e-01 
 7.34560000e-07  9.99888028e-01 
 7.36560000e-07  9.99888028e-01 
 7.38560000e-07  9.99888028e-01 
 7.40560000e-07  9.99888028e-01 
 7.42560000e-07  9.99888028e-01 
 7.44560000e-07  9.99888028e-01 
 7.46560000e-07  9.99888028e-01 
 7.48560000e-07  9.99888028e-01 
 7.50560000e-07  9.99888028e-01 
 7.52560000e-07  9.99888028e-01 
 7.54560000e-07  9.99888028e-01 
 7.56560000e-07  9.99888028e-01 
 7.58560000e-07  9.99888028e-01 
 7.60560000e-07  9.99888028e-01 
 7.62560000e-07  9.99888028e-01 
 7.64560000e-07  9.99888028e-01 
 7.66560000e-07  9.99888028e-01 
 7.68560000e-07  9.99888028e-01 
 7.70560000e-07  9.99888028e-01 
 7.72560000e-07  9.99888028e-01 
 7.74560000e-07  9.99888028e-01 
 7.76560000e-07  9.99888028e-01 
 7.78560000e-07  9.99888028e-01 
 7.80560000e-07  9.99888028e-01 
 7.82560000e-07  9.99888028e-01 
 7.84560000e-07  9.99888028e-01 
 7.86560000e-07  9.99888028e-01 
 7.88560000e-07  9.99888028e-01 
 7.90560000e-07  9.99888028e-01 
 7.92560000e-07  9.99888028e-01 
 7.94560000e-07  9.99888028e-01 
 7.96560000e-07  9.99888028e-01 
 7.98560000e-07  9.99888028e-01 
 8.00560000e-07  9.99888028e-01 
 8.02560000e-07  9.99888028e-01 
 8.04560000e-07  9.99888028e-01 
 8.06560000e-07  9.99888028e-01 
 8.08560000e-07  9.99888028e-01 
 8.10560000e-07  9.99888028e-01 
 8.12560000e-07  9.99888028e-01 
 8.14560000e-07  9.99888028e-01 
 8.16560000e-07  9.99888028e-01 
 8.18560000e-07  9.99888028e-01 
 8.20560000e-07  9.99888028e-01 
 8.22560000e-07  9.99888028e-01 
 8.24560000e-07  9.99888028e-01 
 8.26560000e-07  9.99888028e-01 
 8.28560000e-07  9.99888028e-01 
 8.30560000e-07  9.99888028e-01 
 8.32560000e-07  9.99888028e-01 
 8.34560000e-07  9.99888028e-01 
 8.36560000e-07  9.99888028e-01 
 8.38560000e-07  9.99888028e-01 
 8.40560000e-07  9.99888028e-01 
 8.42560000e-07  9.99888028e-01 
 8.44560000e-07  9.99888028e-01 
 8.46560000e-07  9.99888028e-01 
 8.48560000e-07  9.99888028e-01 
 8.50560000e-07  9.99888028e-01 
 8.52560000e-07  9.99888028e-01 
 8.54560000e-07  9.99888028e-01 
 8.56560000e-07  9.99888028e-01 
 8.58560000e-07  9.99888028e-01 
 8.60560000e-07  9.99888028e-01 
 8.62560000e-07  9.99888028e-01 
 8.64560000e-07  9.99888028e-01 
 8.66560000e-07  9.99888028e-01 
 8.68560000e-07  9.99888028e-01 
 8.70560000e-07  9.99888028e-01 
 8.72560000e-07  9.99888028e-01 
 8.74560000e-07  9.99888028e-01 
 8.76560000e-07  9.99888028e-01 
 8.78560000e-07  9.99888028e-01 
 8.80560000e-07  9.99888028e-01 
 8.82560000e-07  9.99888028e-01 
 8.84560000e-07  9.99888028e-01 
 8.86560000e-07  9.99888028e-01 
 8.88560000e-07  9.99888028e-01 
 8.90560000e-07  9.99888028e-01 
 8.92560000e-07  9.99888028e-01 
 8.94560000e-07  9.99888028e-01 
 8.96560000e-07  9.99888028e-01 
 8.98560000e-07  9.99888028e-01 
 9.00560000e-07  9.99888028e-01 
 9.02560000e-07  9.99888028e-01 
 9.04560000e-07  9.99888028e-01 
 9.06560000e-07  9.99888028e-01 
 9.08560000e-07  9.99888028e-01 
 9.10560000e-07  9.99888028e-01 
 9.12560000e-07  9.99888028e-01 
 9.14560000e-07  9.99888028e-01 
 9.16560000e-07  9.99888028e-01 
 9.18560000e-07  9.99888028e-01 
 9.20560000e-07  9.99888028e-01 
 9.22560000e-07  9.99888028e-01 
 9.24560000e-07  9.99888028e-01 
 9.26560000e-07  9.99888028e-01 
 9.28560000e-07  9.99888028e-01 
 9.30560000e-07  9.99888028e-01 
 9.32560000e-07  9.99888028e-01 
 9.34560000e-07  9.99888028e-01 
 9.36560000e-07  9.99888028e-01 
 9.38560000e-07  9.99888028e-01 
 9.40560000e-07  9.99888028e-01 
 9.42560000e-07  9.99888028e-01 
 9.44560000e-07  9.99888028e-01 
 9.46560000e-07  9.99888028e-01 
 9.48560000e-07  9.99888028e-01 
 9.50560000e-07  9.99888028e-01 
 9.52560000e-07  9.99888028e-01 
 9.54560000e-07  9.99888028e-01 
 9.56560000e-07  9.99888028e-01 
 9.58560000e-07  9.99888028e-01 
 9.60560000e-07  9.99888028e-01 
 9.62560000e-07  9.99888028e-01 
 9.64560000e-07  9.99888028e-01 
 9.66560000e-07  9.99888028e-01 
 9.68560000e-07  9.99888028e-01 
 9.70560000e-07  9.99888028e-01 
 9.72560000e-07  9.99888028e-01 
 9.74560000e-07  9.99888028e-01 
 9.76560000e-07  9.99888028e-01 
 9.78560000e-07  9.99888028e-01 
 9.80560000e-07  9.99888028e-01 
 9.82560000e-07  9.99888028e-01 
 9.84560000e-07  9.99888028e-01 
 9.86560000e-07  9.99888028e-01 
 9.88560000e-07  9.99888028e-01 
 9.90560000e-07  9.99888028e-01 
 9.92560000e-07  9.99888028e-01 
 9.94560000e-07  9.99888028e-01 
 9.96560000e-07  9.99888028e-01 
 9.98280000e-07  9.99888028e-01 
 1.00000000e-06  9.99888028e-01 
 1.00010000e-06  9.99888438e-01 
 1.00030000e-06  9.99890380e-01 
 1.00065000e-06  9.99892592e-01 
 1.00100000e-06  9.99872413e-01 
 1.00107000e-06  9.99862094e-01 
 1.00121000e-06  9.99836087e-01 
 1.00149000e-06  9.99750640e-01 
 1.00205000e-06  9.99482869e-01 
 1.00317000e-06  9.98892258e-01 
 1.00517000e-06  9.98762060e-01 
 1.00717000e-06  1.00069003e+00 
 1.00917000e-06  1.00509754e+00 
 1.01117000e-06  1.01191100e+00 
 1.01317000e-06  1.02095940e+00 
 1.01517000e-06  1.03218980e+00 
 1.01717000e-06  1.04556171e+00 
 1.01917000e-06  1.06100446e+00 
 1.02117000e-06  1.07846273e+00 
 1.02317000e-06  1.09787926e+00 
 1.02517000e-06  1.11919309e+00 
 1.02717000e-06  1.14234096e+00 
 1.02917000e-06  1.16725766e+00 
 1.03117000e-06  1.19387556e+00 
 1.03317000e-06  1.22213369e+00 
 1.03517000e-06  1.25194724e+00 
 1.03717000e-06  1.28323415e+00 
 1.03917000e-06  1.31592786e+00 
 1.04117000e-06  1.34994431e+00 
 1.04317000e-06  1.38520030e+00 
 1.04517000e-06  1.42161108e+00 
 1.04717000e-06  1.45908944e+00 
 1.04917000e-06  1.49754624e+00 
 1.05117000e-06  1.53689030e+00 
 1.05317000e-06  1.57702879e+00 
 1.05517000e-06  1.61786740e+00 
 1.05717000e-06  1.65931058e+00 
 1.05917000e-06  1.70126167e+00 
 1.06117000e-06  1.74362313e+00 
 1.06317000e-06  1.78629672e+00 
 1.06517000e-06  1.82918374e+00 
 1.06717000e-06  1.87218518e+00 
 1.06917000e-06  1.91520201e+00 
 1.07117000e-06  1.95813533e+00 
 1.07317000e-06  2.00088667e+00 
 1.07517000e-06  2.04335818e+00 
 1.07717000e-06  2.08545286e+00 
 1.07917000e-06  2.12707482e+00 
 1.08117000e-06  2.16812951e+00 
 1.08317000e-06  2.20852399e+00 
 1.08517000e-06  2.24816712e+00 
 1.08717000e-06  2.28696989e+00 
 1.08917000e-06  2.32484558e+00 
 1.09117000e-06  2.36171007e+00 
 1.09317000e-06  2.39748205e+00 
 1.09517000e-06  2.43208323e+00 
 1.09717000e-06  2.46543860e+00 
 1.09917000e-06  2.49747664e+00 
 1.10117000e-06  2.52812951e+00 
 1.10317000e-06  2.55733324e+00 
 1.10517000e-06  2.58502793e+00 
 1.10717000e-06  2.61115789e+00 
 1.10917000e-06  2.63567181e+00 
 1.11117000e-06  2.65852285e+00 
 1.11317000e-06  2.67966880e+00 
 1.11517000e-06  2.69907212e+00 
 1.11717000e-06  2.71670014e+00 
 1.11917000e-06  2.73252453e+00 
 1.12117000e-06  2.74652153e+00 
 1.12317000e-06  2.75867272e+00 
 1.12517000e-06  2.76896601e+00 
 1.12717000e-06  2.77739428e+00 
 1.12917000e-06  2.78395359e+00 
 1.13117000e-06  2.78864475e+00 
 1.13317000e-06  2.79147719e+00 
 1.13517000e-06  2.79245725e+00 
 1.13717000e-06  2.79159755e+00 
 1.13917000e-06  2.78891770e+00 
 1.14117000e-06  2.78444445e+00 
 1.14317000e-06  2.77820792e+00 
 1.14517000e-06  2.77023567e+00 
 1.14717000e-06  2.76056646e+00 
 1.14917000e-06  2.74924118e+00 
 1.15117000e-06  2.73630268e+00 
 1.15317000e-06  2.72179758e+00 
 1.15517000e-06  2.70577585e+00 
 1.15717000e-06  2.68829064e+00 
 1.15917000e-06  2.66939804e+00 
 1.16117000e-06  2.64915683e+00 
 1.16317000e-06  2.62762827e+00 
 1.16517000e-06  2.60487590e+00 
 1.16717000e-06  2.58096530e+00 
 1.16917000e-06  2.55596396e+00 
 1.17117000e-06  2.52994096e+00 
 1.17317000e-06  2.50296685e+00 
 1.17517000e-06  2.47511339e+00 
 1.17717000e-06  2.44645339e+00 
 1.17917000e-06  2.41706046e+00 
 1.18117000e-06  2.38700882e+00 
 1.18317000e-06  2.35637315e+00 
 1.18517000e-06  2.32522838e+00 
 1.18717000e-06  2.29364947e+00 
 1.18917000e-06  2.26171131e+00 
 1.19117000e-06  2.22949071e+00 
 1.19317000e-06  2.19705920e+00 
 1.19517000e-06  2.16448847e+00 
 1.19717000e-06  2.13185362e+00 
 1.19917000e-06  2.09922656e+00 
 1.20117000e-06  2.06667875e+00 
 1.20317000e-06  2.03428017e+00 
 1.20517000e-06  2.00209959e+00 
 1.20717000e-06  1.97020433e+00 
 1.20917000e-06  1.93866035e+00 
 1.21117000e-06  1.90753198e+00 
 1.21317000e-06  1.87688199e+00 
 1.21517000e-06  1.84677138e+00 
 1.21717000e-06  1.81725939e+00 
 1.21917000e-06  1.78840337e+00 
 1.22117000e-06  1.76025872e+00 
 1.22317000e-06  1.73287884e+00 
 1.22517000e-06  1.70631501e+00 
 1.22717000e-06  1.68061641e+00 
 1.22917000e-06  1.65582997e+00 
 1.23117000e-06  1.63200039e+00 
 1.23317000e-06  1.60917003e+00 
 1.23517000e-06  1.58737888e+00 
 1.23717000e-06  1.56666454e+00 
 1.23917000e-06  1.54706211e+00 
 1.24117000e-06  1.52860420e+00 
 1.24317000e-06  1.51132085e+00 
 1.24517000e-06  1.49523955e+00 
 1.24717000e-06  1.48038512e+00 
 1.24917000e-06  1.46677977e+00 
 1.25117000e-06  1.45444301e+00 
 1.25317000e-06  1.44339166e+00 
 1.25517000e-06  1.43363807e+00 
 1.25717000e-06  1.42519552e+00 
 1.25917000e-06  1.41807392e+00 
 1.26117000e-06  1.41227689e+00 
 1.26317000e-06  1.40780830e+00 
 1.26517000e-06  1.40466929e+00 
 1.26717000e-06  1.40286014e+00 
 1.26917000e-06  1.40237247e+00 
 1.27117000e-06  1.40319341e+00 
 1.27317000e-06  1.40531929e+00 
 1.27517000e-06  1.40873818e+00 
 1.27717000e-06  1.41343000e+00 
 1.27917000e-06  1.41937765e+00 
 1.28117000e-06  1.42656114e+00 
 1.28317000e-06  1.43495715e+00 
 1.28517000e-06  1.44453971e+00 
 1.28717000e-06  1.45528054e+00 
 1.28917000e-06  1.46714908e+00 
 1.29117000e-06  1.48011256e+00 
 1.29317000e-06  1.49413605e+00 
 1.29517000e-06  1.50918251e+00 
 1.29717000e-06  1.52521287e+00 
 1.29917000e-06  1.54218611e+00 
 1.30117000e-06  1.56005937e+00 
 1.30317000e-06  1.57878801e+00 
 1.30517000e-06  1.59832574e+00 
 1.30717000e-06  1.61862470e+00 
 1.30917000e-06  1.63963554e+00 
 1.31117000e-06  1.66130758e+00 
 1.31317000e-06  1.68358887e+00 
 1.31517000e-06  1.70642633e+00 
 1.31717000e-06  1.72976586e+00 
 1.31917000e-06  1.75355243e+00 
 1.32117000e-06  1.77773027e+00 
 1.32317000e-06  1.80224291e+00 
 1.32517000e-06  1.82703336e+00 
 1.32717000e-06  1.85204422e+00 
 1.32917000e-06  1.87721781e+00 
 1.33117000e-06  1.90249630e+00 
 1.33317000e-06  1.92782184e+00 
 1.33517000e-06  1.95313672e+00 
 1.33717000e-06  1.97838346e+00 
 1.33917000e-06  2.00350498e+00 
 1.34117000e-06  2.02844471e+00 
 1.34317000e-06  2.05314699e+00 
 1.34517000e-06  2.07755630e+00 
 1.34717000e-06  2.10161837e+00 
 1.34917000e-06  2.12528049e+00 
 1.35117000e-06  2.14849085e+00 
 1.35317000e-06  2.17119895e+00 
 1.35517000e-06  2.19335560e+00 
 1.35717000e-06  2.21491320e+00 
 1.35917000e-06  2.23582576e+00 
 1.36117000e-06  2.25604910e+00 
 1.36317000e-06  2.27554094e+00 
 1.36517000e-06  2.29426101e+00 
 1.36717000e-06  2.31217112e+00 
 1.36917000e-06  2.32923529e+00 
 1.37117000e-06  2.34541980e+00 
 1.37317000e-06  2.36069329e+00 
 1.37517000e-06  2.37502680e+00 
 1.37717000e-06  2.38839387e+00 
 1.37917000e-06  2.40077055e+00 
 1.38117000e-06  2.41213549e+00 
 1.38317000e-06  2.42246994e+00 
 1.38517000e-06  2.43175742e+00 
 1.38717000e-06  2.43998492e+00 
 1.38917000e-06  2.44714175e+00 
 1.39117000e-06  2.45321920e+00 
 1.39317000e-06  2.45821247e+00 
 1.39517000e-06  2.46211934e+00 
 1.39717000e-06  2.46493968e+00 
 1.39917000e-06  2.46667599e+00 
 1.40117000e-06  2.46733481e+00 
 1.40317000e-06  2.46692084e+00 
 1.40517000e-06  2.46544516e+00 
 1.40717000e-06  2.46292326e+00 
 1.40917000e-06  2.45936765e+00 
 1.41117000e-06  2.45479623e+00 
 1.41317000e-06  2.44922922e+00 
 1.41517000e-06  2.44268846e+00 
 1.41717000e-06  2.43519786e+00 
 1.41917000e-06  2.42678334e+00 
 1.42117000e-06  2.41747277e+00 
 1.42317000e-06  2.40729586e+00 
 1.42517000e-06  2.39628401e+00 
 1.42717000e-06  2.38447025e+00 
 1.42917000e-06  2.37188913e+00 
 1.43117000e-06  2.35857660e+00 
 1.43317000e-06  2.34456991e+00 
 1.43517000e-06  2.32990749e+00 
 1.43717000e-06  2.31462886e+00 
 1.43917000e-06  2.29877451e+00 
 1.44117000e-06  2.28238578e+00 
 1.44317000e-06  2.26550477e+00 
 1.44517000e-06  2.24817420e+00 
 1.44717000e-06  2.23043733e+00 
 1.44917000e-06  2.21233786e+00 
 1.45117000e-06  2.19391977e+00 
 1.45317000e-06  2.17522729e+00 
 1.45517000e-06  2.15630474e+00 
 1.45717000e-06  2.13719643e+00 
 1.45917000e-06  2.11794663e+00 
 1.46117000e-06  2.09859939e+00 
 1.46317000e-06  2.07919849e+00 
 1.46517000e-06  2.05978736e+00 
 1.46717000e-06  2.04040896e+00 
 1.46917000e-06  2.02110572e+00 
 1.47117000e-06  2.00191945e+00 
 1.47317000e-06  1.98289128e+00 
 1.47517000e-06  1.96406153e+00 
 1.47717000e-06  1.94546972e+00 
 1.47917000e-06  1.92715444e+00 
 1.48117000e-06  1.90915328e+00 
 1.48317000e-06  1.89150282e+00 
 1.48517000e-06  1.87423851e+00 
 1.48717000e-06  1.85739466e+00 
 1.48917000e-06  1.84100435e+00 
 1.49117000e-06  1.82509939e+00 
 1.49317000e-06  1.80971028e+00 
 1.49517000e-06  1.79486616e+00 
 1.49717000e-06  1.78059475e+00 
 1.49917000e-06  1.76692232e+00 
 1.50117000e-06  1.75387366e+00 
 1.50317000e-06  1.74147205e+00 
 1.50517000e-06  1.72973940e+00 
 1.50717000e-06  1.71869543e+00 
 1.50917000e-06  1.70835878e+00 
 1.51117000e-06  1.69874709e+00 
 1.51317000e-06  1.68987478e+00 
 1.51517000e-06  1.68175516e+00 
 1.51717000e-06  1.67440078e+00 
 1.51917000e-06  1.66782114e+00 
 1.52117000e-06  1.66202496e+00 
 1.52317000e-06  1.65701931e+00 
 1.52517000e-06  1.65280856e+00 
 1.52717000e-06  1.64939629e+00 
 1.52917000e-06  1.64678436e+00 
 1.53117000e-06  1.64497262e+00 
 1.53317000e-06  1.64395918e+00 
 1.53517000e-06  1.64374142e+00 
 1.53717000e-06  1.64431203e+00 
 1.53917000e-06  1.64566465e+00 
 1.54117000e-06  1.64779276e+00 
 1.54317000e-06  1.65068464e+00 
 1.54517000e-06  1.65432883e+00 
 1.54717000e-06  1.65871243e+00 
 1.54917000e-06  1.66382073e+00 
 1.55117000e-06  1.66963756e+00 
 1.55317000e-06  1.67614525e+00 
 1.55517000e-06  1.68332480e+00 
 1.55717000e-06  1.69115585e+00 
 1.55917000e-06  1.69961675e+00 
 1.56117000e-06  1.70868461e+00 
 1.56317000e-06  1.71833533e+00 
 1.56517000e-06  1.72854367e+00 
 1.56717000e-06  1.73928333e+00 
 1.56917000e-06  1.75052696e+00 
 1.57117000e-06  1.76224628e+00 
 1.57317000e-06  1.77441210e+00 
 1.57517000e-06  1.78699439e+00 
 1.57717000e-06  1.79996238e+00 
 1.57917000e-06  1.81328461e+00 
 1.58117000e-06  1.82692899e+00 
 1.58317000e-06  1.84086288e+00 
 1.58517000e-06  1.85505318e+00 
 1.58717000e-06  1.86946639e+00 
 1.58917000e-06  1.88406868e+00 
 1.59117000e-06  1.89882599e+00 
 1.59317000e-06  1.91370408e+00 
 1.59517000e-06  1.92866864e+00 
 1.59717000e-06  1.94368534e+00 
 1.59917000e-06  1.95871991e+00 
 1.60117000e-06  1.97373824e+00 
 1.60317000e-06  1.98870644e+00 
 1.60517000e-06  2.00359094e+00 
 1.60717000e-06  2.01835853e+00 
 1.60917000e-06  2.03297646e+00 
 1.61117000e-06  2.04741254e+00 
 1.61317000e-06  2.06163514e+00 
 1.61517000e-06  2.07561336e+00 
 1.61717000e-06  2.08931703e+00 
 1.61917000e-06  2.10271677e+00 
 1.62117000e-06  2.11578414e+00 
 1.62317000e-06  2.12849162e+00 
 1.62517000e-06  2.14081269e+00 
 1.62717000e-06  2.15272194e+00 
 1.62917000e-06  2.16419507e+00 
 1.63117000e-06  2.17520894e+00 
 1.63317000e-06  2.18574168e+00 
 1.63517000e-06  2.19577266e+00 
 1.63717000e-06  2.20528261e+00 
 1.63917000e-06  2.21425359e+00 
 1.64117000e-06  2.22266906e+00 
 1.64317000e-06  2.23051396e+00 
 1.64517000e-06  2.23777461e+00 
 1.64717000e-06  2.24443889e+00 
 1.64917000e-06  2.25049610e+00 
 1.65117000e-06  2.25593710e+00 
 1.65317000e-06  2.26075412e+00 
 1.65517000e-06  2.26494081e+00 
 1.65717000e-06  2.26849279e+00 
 1.65917000e-06  2.27140719e+00 
 1.66117000e-06  2.27368242e+00 
 1.66317000e-06  2.27531843e+00 
 1.66517000e-06  2.27631668e+00 
 1.66717000e-06  2.27668063e+00 
 1.66917000e-06  2.27641358e+00 
 1.67117000e-06  2.27552168e+00 
 1.67317000e-06  2.27401320e+00 
 1.67517000e-06  2.27189587e+00 
 1.67717000e-06  2.26917981e+00 
 1.67917000e-06  2.26587650e+00 
 1.68117000e-06  2.26199848e+00 
 1.68317000e-06  2.25755950e+00 
 1.68517000e-06  2.25257450e+00 
 1.68717000e-06  2.24705952e+00 
 1.68917000e-06  2.24103172e+00 
 1.69117000e-06  2.23450924e+00 
 1.69317000e-06  2.22751120e+00 
 1.69517000e-06  2.22005763e+00 
 1.69717000e-06  2.21216940e+00 
 1.69917000e-06  2.20386820e+00 
 1.70117000e-06  2.19517641e+00 
 1.70317000e-06  2.18611711e+00 
 1.70517000e-06  2.17671397e+00 
 1.70717000e-06  2.16699122e+00 
 1.70917000e-06  2.15697357e+00 
 1.71117000e-06  2.14668616e+00 
 1.71317000e-06  2.13615446e+00 
 1.71517000e-06  2.12540428e+00 
 1.71717000e-06  2.11446164e+00 
 1.71917000e-06  2.10335274e+00 
 1.72117000e-06  2.09210388e+00 
 1.72317000e-06  2.08074145e+00 
 1.72517000e-06  2.06929181e+00 
 1.72717000e-06  2.05778124e+00 
 1.72917000e-06  2.04623594e+00 
 1.73117000e-06  2.03468191e+00 
 1.73317000e-06  2.02314491e+00 
 1.73517000e-06  2.01165045e+00 
 1.73717000e-06  2.00022367e+00 
 1.73917000e-06  1.98888934e+00 
 1.74117000e-06  1.97767179e+00 
 1.74317000e-06  1.96659488e+00 
 1.74517000e-06  1.95568193e+00 
 1.74717000e-06  1.94495568e+00 
 1.74917000e-06  1.93443829e+00 
 1.75117000e-06  1.92415122e+00 
 1.75317000e-06  1.91411528e+00 
 1.75517000e-06  1.90435053e+00 
 1.75717000e-06  1.89487626e+00 
 1.75917000e-06  1.88571097e+00 
 1.76117000e-06  1.87687234e+00 
 1.76317000e-06  1.86837718e+00 
 1.76517000e-06  1.86024141e+00 
 1.76717000e-06  1.85248007e+00 
 1.76917000e-06  1.84510723e+00 
 1.77117000e-06  1.83813602e+00 
 1.77317000e-06  1.83157861e+00 
 1.77517000e-06  1.82544615e+00 
 1.77717000e-06  1.81974881e+00 
 1.77917000e-06  1.81449572e+00 
 1.78117000e-06  1.80969512e+00 
 1.78317000e-06  1.80535380e+00 
 1.78517000e-06  1.80147786e+00 
 1.78717000e-06  1.79807255e+00 
 1.78917000e-06  1.79514148e+00 
 1.79117000e-06  1.79268752e+00 
 1.79317000e-06  1.79071256e+00 
 1.79517000e-06  1.78921738e+00 
 1.79717000e-06  1.78820167e+00 
 1.79917000e-06  1.78766409e+00 
 1.80117000e-06  1.78760227e+00 
 1.80317000e-06  1.78801283e+00 
 1.80517000e-06  1.78889140e+00 
 1.80717000e-06  1.79023260e+00 
 1.80917000e-06  1.79203009e+00 
 1.81117000e-06  1.79427657e+00 
 1.81317000e-06  1.79696382e+00 
 1.81517000e-06  1.80008270e+00 
 1.81717000e-06  1.80362319e+00 
 1.81917000e-06  1.80757442e+00 
 1.82117000e-06  1.81192467e+00 
 1.82317000e-06  1.81666144e+00 
 1.82517000e-06  1.82177146e+00 
 1.82717000e-06  1.82724070e+00 
 1.82917000e-06  1.83305447e+00 
 1.83117000e-06  1.83919736e+00 
 1.83317000e-06  1.84565338e+00 
 1.83517000e-06  1.85240593e+00 
 1.83717000e-06  1.85943783e+00 
 1.83917000e-06  1.86673145e+00 
 1.84117000e-06  1.87426862e+00 
 1.84317000e-06  1.88203080e+00 
 1.84517000e-06  1.88999903e+00 
 1.84717000e-06  1.89815402e+00 
 1.84917000e-06  1.90647619e+00 
 1.85117000e-06  1.91494569e+00 
 1.85317000e-06  1.92354250e+00 
 1.85517000e-06  1.93224640e+00 
 1.85717000e-06  1.94103708e+00 
 1.85917000e-06  1.94989417e+00 
 1.86117000e-06  1.95879725e+00 
 1.86317000e-06  1.96772596e+00 
 1.86517000e-06  1.97665999e+00 
 1.86717000e-06  1.98557916e+00 
 1.86917000e-06  1.99446346e+00 
 1.87117000e-06  2.00329306e+00 
 1.87317000e-06  2.01204841e+00 
 1.87517000e-06  2.02071027e+00 
 1.87717000e-06  2.02925970e+00 
 1.87917000e-06  2.03767817e+00 
 1.88117000e-06  2.04594756e+00 
 1.88317000e-06  2.05405024e+00 
 1.88517000e-06  2.06196905e+00 
 1.88717000e-06  2.06968739e+00 
 1.88917000e-06  2.07718921e+00 
 1.89117000e-06  2.08445909e+00 
 1.89317000e-06  2.09148226e+00 
 1.89517000e-06  2.09824459e+00 
 1.89717000e-06  2.10473267e+00 
 1.89917000e-06  2.11093383e+00 
 1.90117000e-06  2.11683612e+00 
 1.90317000e-06  2.12242840e+00 
 1.90517000e-06  2.12770031e+00 
 1.90717000e-06  2.13264231e+00 
 1.90917000e-06  2.13724568e+00 
 1.91117000e-06  2.14150258e+00 
 1.91317000e-06  2.14540599e+00 
 1.91517000e-06  2.14894978e+00 
 1.91717000e-06  2.15212871e+00 
 1.91917000e-06  2.15493840e+00 
 1.92117000e-06  2.15737538e+00 
 1.92317000e-06  2.15943704e+00 
 1.92517000e-06  2.16112167e+00 
 1.92717000e-06  2.16242845e+00 
 1.92917000e-06  2.16335744e+00 
 1.93117000e-06  2.16390955e+00 
 1.93317000e-06  2.16408676e+00 
 1.93517000e-06  2.16389127e+00 
 1.93717000e-06  2.16332666e+00 
 1.93917000e-06  2.16239758e+00 
 1.94117000e-06  2.16110878e+00 
 1.94317000e-06  2.15946618e+00 
 1.94517000e-06  2.15747647e+00 
 1.94717000e-06  2.15514701e+00 
 1.94917000e-06  2.15248588e+00 
 1.95117000e-06  2.14950184e+00 
 1.95317000e-06  2.14620431e+00 
 1.95517000e-06  2.14260337e+00 
 1.95717000e-06  2.13870966e+00 
 1.95917000e-06  2.13453443e+00 
 1.96117000e-06  2.13008945e+00 
 1.96317000e-06  2.12538702e+00 
 1.96517000e-06  2.12043988e+00 
 1.96717000e-06  2.11526124e+00 
 1.96917000e-06  2.10986470e+00 
 1.97117000e-06  2.10426423e+00 
 1.97317000e-06  2.09847415e+00 
 1.97517000e-06  2.09250906e+00 
 1.97717000e-06  2.08638384e+00 
 1.97917000e-06  2.08011358e+00 
 1.98117000e-06  2.07371357e+00 
 1.98317000e-06  2.06719926e+00 
 1.98517000e-06  2.06058618e+00 
 1.98717000e-06  2.05389000e+00 
 1.98917000e-06  2.04712639e+00 
 1.99117000e-06  2.04031105e+00 
 1.99317000e-06  2.03345964e+00 
 1.99517000e-06  2.02658778e+00 
 1.99717000e-06  2.01971099e+00 
 1.99917000e-06  2.01284466e+00 
 2.00117000e-06  2.00600402e+00 
 2.00317000e-06  1.99920412e+00 
 2.00517000e-06  1.99245976e+00 
 2.00717000e-06  1.98578552e+00 
 2.00917000e-06  1.97919569e+00 
 2.01117000e-06  1.97270424e+00 
 2.01317000e-06  1.96632481e+00 
 2.01517000e-06  1.96007067e+00 
 2.01717000e-06  1.95395470e+00 
 2.01917000e-06  1.94798939e+00 
 2.02117000e-06  1.94218676e+00 
 2.02317000e-06  1.93655839e+00 
 2.02517000e-06  1.93111537e+00 
 2.02717000e-06  1.92586831e+00 
 2.02917000e-06  1.92082727e+00 
 2.03117000e-06  1.91600181e+00 
 2.03317000e-06  1.91140091e+00 
 2.03517000e-06  1.90703301e+00 
 2.03717000e-06  1.90290594e+00 
 2.03917000e-06  1.89902698e+00 
 2.04117000e-06  1.89540277e+00 
 2.04317000e-06  1.89203935e+00 
 2.04517000e-06  1.88894215e+00 
 2.04717000e-06  1.88611597e+00 
 2.04917000e-06  1.88356497e+00 
 2.05117000e-06  1.88129268e+00 
 2.05317000e-06  1.87930200e+00 
 2.05517000e-06  1.87759517e+00 
 2.05717000e-06  1.87617380e+00 
 2.05917000e-06  1.87503887e+00 
 2.06117000e-06  1.87419071e+00 
 2.06317000e-06  1.87362903e+00 
 2.06517000e-06  1.87335290e+00 
 2.06717000e-06  1.87336076e+00 
 2.06917000e-06  1.87365047e+00 
 2.07117000e-06  1.87421925e+00 
 2.07317000e-06  1.87506375e+00 
 2.07517000e-06  1.87618002e+00 
 2.07717000e-06  1.87756354e+00 
 2.07917000e-06  1.87920925e+00 
 2.08117000e-06  1.88111152e+00 
 2.08317000e-06  1.88326422e+00 
 2.08517000e-06  1.88566069e+00 
 2.08717000e-06  1.88829379e+00 
 2.08917000e-06  1.89115589e+00 
 2.09117000e-06  1.89423892e+00 
 2.09317000e-06  1.89753437e+00 
 2.09517000e-06  1.90103333e+00 
 2.09717000e-06  1.90472647e+00 
 2.09917000e-06  1.90860412e+00 
 2.10117000e-06  1.91265626e+00 
 2.10317000e-06  1.91687255e+00 
 2.10517000e-06  1.92124235e+00 
 2.10717000e-06  1.92575476e+00 
 2.10917000e-06  1.93039862e+00 
 2.11117000e-06  1.93516256e+00 
 2.11317000e-06  1.94003504e+00 
 2.11517000e-06  1.94500434e+00 
 2.11717000e-06  1.95005858e+00 
 2.11917000e-06  1.95518582e+00 
 2.12117000e-06  1.96037401e+00 
 2.12317000e-06  1.96561103e+00 
 2.12517000e-06  1.97088478e+00 
 2.12717000e-06  1.97618311e+00 
 2.12917000e-06  1.98149394e+00 
 2.13117000e-06  1.98680523e+00 
 2.13317000e-06  1.99210502e+00 
 2.13517000e-06  1.99738146e+00 
 2.13717000e-06  2.00262284e+00 
 2.13917000e-06  2.00781762e+00 
 2.14117000e-06  2.01295442e+00 
 2.14317000e-06  2.01802210e+00 
 2.14517000e-06  2.02300975e+00 
 2.14717000e-06  2.02790671e+00 
 2.14917000e-06  2.03270261e+00 
 2.15117000e-06  2.03738739e+00 
 2.15317000e-06  2.04195129e+00 
 2.15517000e-06  2.04638492e+00 
 2.15717000e-06  2.05067926e+00 
 2.15917000e-06  2.05482565e+00 
 2.16117000e-06  2.05881585e+00 
 2.16317000e-06  2.06264202e+00 
 2.16517000e-06  2.06629677e+00 
 2.16717000e-06  2.06977315e+00 
 2.16917000e-06  2.07306466e+00 
 2.17117000e-06  2.07616528e+00 
 2.17317000e-06  2.07906946e+00 
 2.17517000e-06  2.08177217e+00 
 2.17717000e-06  2.08426883e+00 
 2.17917000e-06  2.08655542e+00 
 2.18117000e-06  2.08862839e+00 
 2.18317000e-06  2.09048471e+00 
 2.18517000e-06  2.09212189e+00 
 2.18717000e-06  2.09353795e+00 
 2.18917000e-06  2.09473141e+00 
 2.19117000e-06  2.09570133e+00 
 2.19317000e-06  2.09644730e+00 
 2.19517000e-06  2.09696938e+00 
 2.19717000e-06  2.09726818e+00 
 2.19917000e-06  2.09734480e+00 
 2.20117000e-06  2.09720084e+00 
 2.20317000e-06  2.09683838e+00 
 2.20517000e-06  2.09625999e+00 
 2.20717000e-06  2.09546870e+00 
 2.20917000e-06  2.09446801e+00 
 2.21117000e-06  2.09326186e+00 
 2.21317000e-06  2.09185463e+00 
 2.21517000e-06  2.09025111e+00 
 2.21717000e-06  2.08845651e+00 
 2.21917000e-06  2.08647642e+00 
 2.22117000e-06  2.08431679e+00 
 2.22317000e-06  2.08198396e+00 
 2.22517000e-06  2.07948458e+00 
 2.22717000e-06  2.07682563e+00 
 2.22917000e-06  2.07401439e+00 
 2.23117000e-06  2.07105843e+00 
 2.23317000e-06  2.06796557e+00 
 2.23517000e-06  2.06474388e+00 
 2.23717000e-06  2.06140166e+00 
 2.23917000e-06  2.05794738e+00 
 2.24117000e-06  2.05438973e+00 
 2.24317000e-06  2.05073753e+00 
 2.24517000e-06  2.04699975e+00 
 2.24717000e-06  2.04318548e+00 
 2.24917000e-06  2.03930388e+00 
 2.25117000e-06  2.03536421e+00 
 2.25317000e-06  2.03137578e+00 
 2.25517000e-06  2.02734791e+00 
 2.25717000e-06  2.02328995e+00 
 2.25917000e-06  2.01921122e+00 
 2.26117000e-06  2.01512103e+00 
 2.26317000e-06  2.01102861e+00 
 2.26517000e-06  2.00694314e+00 
 2.26717000e-06  2.00287370e+00 
 2.26917000e-06  1.99882926e+00 
 2.27117000e-06  1.99481864e+00 
 2.27317000e-06  1.99085054e+00 
 2.27517000e-06  1.98693349e+00 
 2.27717000e-06  1.98307580e+00 
 2.27917000e-06  1.97928563e+00 
 2.28117000e-06  1.97557089e+00 
 2.28317000e-06  1.97193927e+00 
 2.28517000e-06  1.96839820e+00 
 2.28717000e-06  1.96495486e+00 
 2.28917000e-06  1.96161615e+00 
 2.29117000e-06  1.95838869e+00 
 2.29317000e-06  1.95527879e+00 
 2.29517000e-06  1.95229244e+00 
 2.29717000e-06  1.94943534e+00 
 2.29917000e-06  1.94671283e+00 
 2.30117000e-06  1.94412992e+00 
 2.30317000e-06  1.94169126e+00 
 2.30517000e-06  1.93940116e+00 
 2.30717000e-06  1.93726356e+00 
 2.30917000e-06  1.93528203e+00 
 2.31117000e-06  1.93345976e+00 
 2.31317000e-06  1.93179959e+00 
 2.31517000e-06  1.93030394e+00 
 2.31717000e-06  1.92897487e+00 
 2.31917000e-06  1.92781407e+00 
 2.32117000e-06  1.92682280e+00 
 2.32317000e-06  1.92600198e+00 
 2.32517000e-06  1.92535211e+00 
 2.32717000e-06  1.92487334e+00 
 2.32917000e-06  1.92456542e+00 
 2.33117000e-06  1.92442772e+00 
 2.33317000e-06  1.92445926e+00 
 2.33517000e-06  1.92465865e+00 
 2.33717000e-06  1.92502419e+00 
 2.33917000e-06  1.92555379e+00 
 2.34117000e-06  1.92624501e+00 
 2.34317000e-06  1.92709509e+00 
 2.34517000e-06  1.92810092e+00 
 2.34717000e-06  1.92925908e+00 
 2.34917000e-06  1.93056583e+00 
 2.35117000e-06  1.93201712e+00 
 2.35317000e-06  1.93360862e+00 
 2.35517000e-06  1.93533570e+00 
 2.35717000e-06  1.93719350e+00 
 2.35917000e-06  1.93917687e+00 
 2.36117000e-06  1.94128042e+00 
 2.36317000e-06  1.94349854e+00 
 2.36517000e-06  1.94582542e+00 
 2.36717000e-06  1.94825502e+00 
 2.36917000e-06  1.95078113e+00 
 2.37117000e-06  1.95339736e+00 
 2.37317000e-06  1.95609719e+00 
 2.37517000e-06  1.95887392e+00 
 2.37717000e-06  1.96172077e+00 
 2.37917000e-06  1.96463081e+00 
 2.38117000e-06  1.96759706e+00 
 2.38317000e-06  1.97061243e+00 
 2.38517000e-06  1.97366978e+00 
 2.38717000e-06  1.97676194e+00 
 2.38917000e-06  1.97988171e+00 
 2.39117000e-06  1.98302187e+00 
 2.39317000e-06  1.98617522e+00 
 2.39517000e-06  1.98933456e+00 
 2.39717000e-06  1.99249277e+00 
 2.39917000e-06  1.99564274e+00 
 2.40117000e-06  1.99877746e+00 
 2.40317000e-06  2.00188999e+00 
 2.40517000e-06  2.00497350e+00 
 2.40717000e-06  2.00802128e+00 
 2.40917000e-06  2.01102673e+00 
 2.41117000e-06  2.01398341e+00 
 2.41317000e-06  2.01688505e+00 
 2.41517000e-06  2.01972552e+00 
 2.41717000e-06  2.02249890e+00 
 2.41917000e-06  2.02519945e+00 
 2.42117000e-06  2.02782165e+00 
 2.42317000e-06  2.03036019e+00 
 2.42517000e-06  2.03280999e+00 
 2.42717000e-06  2.03516621e+00 
 2.42917000e-06  2.03742426e+00 
 2.43117000e-06  2.03957981e+00 
 2.43317000e-06  2.04162880e+00 
 2.43517000e-06  2.04356742e+00 
 2.43717000e-06  2.04539215e+00 
 2.43917000e-06  2.04709978e+00 
 2.44117000e-06  2.04868735e+00 
 2.44317000e-06  2.05015222e+00 
 2.44517000e-06  2.05149204e+00 
 2.44717000e-06  2.05270477e+00 
 2.44917000e-06  2.05378866e+00 
 2.45117000e-06  2.05474227e+00 
 2.45317000e-06  2.05556448e+00 
 2.45517000e-06  2.05625447e+00 
 2.45717000e-06  2.05681170e+00 
 2.45917000e-06  2.05723598e+00 
 2.46117000e-06  2.05752739e+00 
 2.46317000e-06  2.05768632e+00 
 2.46517000e-06  2.05771345e+00 
 2.46717000e-06  2.05760977e+00 
 2.46917000e-06  2.05737655e+00 
 2.47117000e-06  2.05701533e+00 
 2.47317000e-06  2.05652794e+00 
 2.47517000e-06  2.05591648e+00 
 2.47717000e-06  2.05518331e+00 
 2.47917000e-06  2.05433106e+00 
 2.48117000e-06  2.05336257e+00 
 2.48317000e-06  2.05228096e+00 
 2.48517000e-06  2.05108957e+00 
 2.48717000e-06  2.04979194e+00 
 2.48917000e-06  2.04839184e+00 
 2.49117000e-06  2.04689325e+00 
 2.49317000e-06  2.04530030e+00 
 2.49517000e-06  2.04361735e+00 
 2.49717000e-06  2.04184888e+00 
 2.49917000e-06  2.03999956e+00 
 2.50117000e-06  2.03807419e+00 
 2.50317000e-06  2.03607769e+00 
 2.50517000e-06  2.03401513e+00 
 2.50717000e-06  2.03189165e+00 
 2.50917000e-06  2.02971251e+00 
 2.51117000e-06  2.02748305e+00 
 2.51317000e-06  2.02520867e+00 
 2.51517000e-06  2.02289482e+00 
 2.51717000e-06  2.02054703e+00 
 2.51917000e-06  2.01817081e+00 
 2.52117000e-06  2.01577172e+00 
 2.52317000e-06  2.01335533e+00 
 2.52517000e-06  2.01092717e+00 
 2.52717000e-06  2.00849280e+00 
 2.52917000e-06  2.00605770e+00 
 2.53117000e-06  2.00362734e+00 
 2.53317000e-06  2.00120712e+00 
 2.53517000e-06  1.99880238e+00 
 2.53717000e-06  1.99641838e+00 
 2.53917000e-06  1.99406028e+00 
 2.54117000e-06  1.99173315e+00 
 2.54317000e-06  1.98944197e+00 
 2.54517000e-06  1.98719156e+00 
 2.54717000e-06  1.98498663e+00 
 2.54917000e-06  1.98283177e+00 
 2.55117000e-06  1.98073138e+00 
 2.55317000e-06  1.97868974e+00 
 2.55517000e-06  1.97671094e+00 
 2.55717000e-06  1.97479892e+00 
 2.55917000e-06  1.97295741e+00 
 2.56117000e-06  1.97118999e+00 
 2.56317000e-06  1.96950002e+00 
 2.56517000e-06  1.96789067e+00 
 2.56717000e-06  1.96636489e+00 
 2.56917000e-06  1.96492546e+00 
 2.57117000e-06  1.96357490e+00 
 2.57317000e-06  1.96231554e+00 
 2.57517000e-06  1.96114949e+00 
 2.57717000e-06  1.96007861e+00 
 2.57917000e-06  1.95910457e+00 
 2.58117000e-06  1.95822879e+00 
 2.58317000e-06  1.95745245e+00 
 2.58517000e-06  1.95677652e+00 
 2.58717000e-06  1.95620174e+00 
 2.58917000e-06  1.95572860e+00 
 2.59117000e-06  1.95535738e+00 
 2.59317000e-06  1.95508812e+00 
 2.59517000e-06  1.95492062e+00 
 2.59717000e-06  1.95485449e+00 
 2.59917000e-06  1.95488909e+00 
 2.60117000e-06  1.95502356e+00 
 2.60317000e-06  1.95525684e+00 
 2.60517000e-06  1.95558765e+00 
 2.60717000e-06  1.95601449e+00 
 2.60917000e-06  1.95653568e+00 
 2.61117000e-06  1.95714932e+00 
 2.61317000e-06  1.95785333e+00 
 2.61517000e-06  1.95864546e+00 
 2.61717000e-06  1.95952324e+00 
 2.61917000e-06  1.96048407e+00 
 2.62117000e-06  1.96152515e+00 
 2.62317000e-06  1.96264354e+00 
 2.62517000e-06  1.96383615e+00 
 2.62717000e-06  1.96509973e+00 
 2.62917000e-06  1.96643093e+00 
 2.63117000e-06  1.96782623e+00 
 2.63317000e-06  1.96928203e+00 
 2.63517000e-06  1.97079461e+00 
 2.63717000e-06  1.97236013e+00 
 2.63917000e-06  1.97397469e+00 
 2.64117000e-06  1.97563429e+00 
 2.64317000e-06  1.97733486e+00 
 2.64517000e-06  1.97907230e+00 
 2.64717000e-06  1.98084240e+00 
 2.64917000e-06  1.98264096e+00 
 2.65117000e-06  1.98446373e+00 
 2.65317000e-06  1.98630642e+00 
 2.65517000e-06  1.98816475e+00 
 2.65717000e-06  1.99003443e+00 
 2.65917000e-06  1.99191118e+00 
 2.66117000e-06  1.99379073e+00 
 2.66317000e-06  1.99566883e+00 
 2.66517000e-06  1.99754128e+00 
 2.66717000e-06  1.99940391e+00 
 2.66917000e-06  2.00125263e+00 
 2.67117000e-06  2.00308337e+00 
 2.67317000e-06  2.00489217e+00 
 2.67517000e-06  2.00667512e+00 
 2.67717000e-06  2.00842842e+00 
 2.67917000e-06  2.01014836e+00 
 2.68117000e-06  2.01183132e+00 
 2.68317000e-06  2.01347381e+00 
 2.68517000e-06  2.01507244e+00 
 2.68717000e-06  2.01662396e+00 
 2.68917000e-06  2.01812524e+00 
 2.69117000e-06  2.01957329e+00 
 2.69317000e-06  2.02096527e+00 
 2.69517000e-06  2.02229848e+00 
 2.69717000e-06  2.02357037e+00 
 2.69917000e-06  2.02477856e+00 
 2.70117000e-06  2.02592082e+00 
 2.70317000e-06  2.02699510e+00 
 2.70517000e-06  2.02799951e+00 
 2.70717000e-06  2.02893232e+00 
 2.70917000e-06  2.02979201e+00 
 2.71117000e-06  2.03057720e+00 
 2.71317000e-06  2.03128670e+00 
 2.71517000e-06  2.03191951e+00 
 2.71717000e-06  2.03247482e+00 
 2.71917000e-06  2.03295196e+00 
 2.72117000e-06  2.03335048e+00 
 2.72317000e-06  2.03367010e+00 
 2.72517000e-06  2.03391072e+00 
 2.72717000e-06  2.03407241e+00 
 2.72917000e-06  2.03415543e+00 
 2.73117000e-06  2.03416021e+00 
 2.73317000e-06  2.03408735e+00 
 2.73517000e-06  2.03393763e+00 
 2.73717000e-06  2.03371199e+00 
 2.73917000e-06  2.03341154e+00 
 2.74117000e-06  2.03303753e+00 
 2.74317000e-06  2.03259139e+00 
 2.74517000e-06  2.03207468e+00 
 2.74717000e-06  2.03148914e+00 
 2.74917000e-06  2.03083661e+00 
 2.75117000e-06  2.03011909e+00 
 2.75317000e-06  2.02933871e+00 
 2.75517000e-06  2.02849771e+00 
 2.75717000e-06  2.02759847e+00 
 2.75917000e-06  2.02664346e+00 
 2.76117000e-06  2.02563527e+00 
 2.76317000e-06  2.02457658e+00 
 2.76517000e-06  2.02347018e+00 
 2.76717000e-06  2.02231891e+00 
 2.76917000e-06  2.02112572e+00 
 2.77117000e-06  2.01989363e+00 
 2.77317000e-06  2.01862570e+00 
 2.77517000e-06  2.01732505e+00 
 2.77717000e-06  2.01599488e+00 
 2.77917000e-06  2.01463839e+00 
 2.78117000e-06  2.01325884e+00 
 2.78317000e-06  2.01185950e+00 
 2.78517000e-06  2.01044366e+00 
 2.78717000e-06  2.00901464e+00 
 2.78917000e-06  2.00757574e+00 
 2.79117000e-06  2.00613025e+00 
 2.79317000e-06  2.00468149e+00 
 2.79517000e-06  2.00323270e+00 
 2.79717000e-06  2.00178716e+00 
 2.79917000e-06  2.00034806e+00 
 2.80117000e-06  1.99891857e+00 
 2.80317000e-06  1.99750184e+00 
 2.80517000e-06  1.99610092e+00 
 2.80717000e-06  1.99471884e+00 
 2.80917000e-06  1.99335853e+00 
 2.81117000e-06  1.99202288e+00 
 2.81317000e-06  1.99071467e+00 
 2.81517000e-06  1.98943663e+00 
 2.81717000e-06  1.98819138e+00 
 2.81917000e-06  1.98698144e+00 
 2.82117000e-06  1.98580926e+00 
 2.82317000e-06  1.98467715e+00 
 2.82517000e-06  1.98358733e+00 
 2.82717000e-06  1.98254193e+00 
 2.82917000e-06  1.98154291e+00 
 2.83117000e-06  1.98059217e+00 
 2.83317000e-06  1.97969144e+00 
 2.83517000e-06  1.97884237e+00 
 2.83717000e-06  1.97804643e+00 
 2.83917000e-06  1.97730500e+00 
 2.84117000e-06  1.97661931e+00 
 2.84317000e-06  1.97599046e+00 
 2.84517000e-06  1.97541943e+00 
 2.84717000e-06  1.97490702e+00 
 2.84917000e-06  1.97445395e+00 
 2.85117000e-06  1.97406075e+00 
 2.85317000e-06  1.97372784e+00 
 2.85517000e-06  1.97345551e+00 
 2.85717000e-06  1.97324389e+00 
 2.85917000e-06  1.97309298e+00 
 2.86117000e-06  1.97300265e+00 
 2.86317000e-06  1.97297263e+00 
 2.86517000e-06  1.97300253e+00 
 2.86717000e-06  1.97309182e+00 
 2.86917000e-06  1.97323983e+00 
 2.87117000e-06  1.97344577e+00 
 2.87317000e-06  1.97370876e+00 
 2.87517000e-06  1.97402774e+00 
 2.87717000e-06  1.97440158e+00 
 2.87917000e-06  1.97482902e+00 
 2.88117000e-06  1.97530868e+00 
 2.88317000e-06  1.97583909e+00 
 2.88517000e-06  1.97641867e+00 
 2.88717000e-06  1.97704574e+00 
 2.88917000e-06  1.97771853e+00 
 2.89117000e-06  1.97843519e+00 
 2.89317000e-06  1.97919376e+00 
 2.89517000e-06  1.97999223e+00 
 2.89717000e-06  1.98082850e+00 
 2.89917000e-06  1.98170041e+00 
 2.90117000e-06  1.98260572e+00 
 2.90317000e-06  1.98354215e+00 
 2.90517000e-06  1.98450736e+00 
 2.90717000e-06  1.98549896e+00 
 2.90917000e-06  1.98651454e+00 
 2.91117000e-06  1.98755162e+00 
 2.91317000e-06  1.98860771e+00 
 2.91517000e-06  1.98968031e+00 
 2.91717000e-06  1.99076687e+00 
 2.91917000e-06  1.99186485e+00 
 2.92117000e-06  1.99297170e+00 
 2.92317000e-06  1.99408487e+00 
 2.92517000e-06  1.99520181e+00 
 2.92717000e-06  1.99631999e+00 
 2.92917000e-06  1.99743688e+00 
 2.93117000e-06  1.99854999e+00 
 2.93317000e-06  1.99965685e+00 
 2.93517000e-06  2.00075501e+00 
 2.93717000e-06  2.00184210e+00 
 2.93917000e-06  2.00291574e+00 
 2.94117000e-06  2.00397363e+00 
 2.94317000e-06  2.00501351e+00 
 2.94517000e-06  2.00603320e+00 
 2.94717000e-06  2.00703055e+00 
 2.94917000e-06  2.00800350e+00 
 2.95117000e-06  2.00895005e+00 
 2.95317000e-06  2.00986828e+00 
 2.95517000e-06  2.01075635e+00 
 2.95717000e-06  2.01161249e+00 
 2.95917000e-06  2.01243503e+00 
 2.96117000e-06  2.01322237e+00 
 2.96317000e-06  2.01397304e+00 
 2.96517000e-06  2.01468561e+00 
 2.96717000e-06  2.01535880e+00 
 2.96917000e-06  2.01599138e+00 
 2.97117000e-06  2.01658226e+00 
 2.97317000e-06  2.01713043e+00 
 2.97517000e-06  2.01763499e+00 
 2.97717000e-06  2.01809515e+00 
 2.97917000e-06  2.01851022e+00 
 2.98117000e-06  2.01887962e+00 
 2.98317000e-06  2.01920287e+00 
 2.98517000e-06  2.01947962e+00 
 2.98717000e-06  2.01970959e+00 
 2.98917000e-06  2.01989263e+00 
 2.99117000e-06  2.02002872e+00 
 2.99317000e-06  2.02011789e+00 
 2.99517000e-06  2.02016033e+00 
 2.99717000e-06  2.02015630e+00 
 2.99917000e-06  2.02010617e+00 
 3.00117000e-06  2.02001042e+00 
 3.00317000e-06  2.01986962e+00 
 3.00517000e-06  2.01968444e+00 
 3.00717000e-06  2.01945565e+00 
 3.00917000e-06  2.01918409e+00 
 3.01117000e-06  2.01887071e+00 
 3.01317000e-06  2.01851656e+00 
 3.01517000e-06  2.01812273e+00 
 3.01717000e-06  2.01769043e+00 
 3.01917000e-06  2.01722093e+00 
 3.02117000e-06  2.01671557e+00 
 3.02317000e-06  2.01617578e+00 
 3.02517000e-06  2.01560303e+00 
 3.02717000e-06  2.01499887e+00 
 3.02917000e-06  2.01436490e+00 
 3.03117000e-06  2.01370279e+00 
 3.03317000e-06  2.01301422e+00 
 3.03517000e-06  2.01230097e+00 
 3.03717000e-06  2.01156482e+00 
 3.03917000e-06  2.01080760e+00 
 3.04117000e-06  2.01003118e+00 
 3.04317000e-06  2.00923746e+00 
 3.04517000e-06  2.00842834e+00 
 3.04717000e-06  2.00760576e+00 
 3.04917000e-06  2.00677169e+00 
 3.05117000e-06  2.00592806e+00 
 3.05317000e-06  2.00507686e+00 
 3.05517000e-06  2.00422005e+00 
 3.05717000e-06  2.00335960e+00 
 3.05917000e-06  2.00249746e+00 
 3.06117000e-06  2.00163557e+00 
 3.06317000e-06  2.00077588e+00 
 3.06517000e-06  1.99992029e+00 
 3.06717000e-06  1.99907068e+00 
 3.06917000e-06  1.99822891e+00 
 3.07117000e-06  1.99739681e+00 
 3.07317000e-06  1.99657617e+00 
 3.07517000e-06  1.99576873e+00 
 3.07717000e-06  1.99497620e+00 
 3.07917000e-06  1.99420025e+00 
 3.08117000e-06  1.99344247e+00 
 3.08317000e-06  1.99270442e+00 
 3.08517000e-06  1.99198761e+00 
 3.08717000e-06  1.99129347e+00 
 3.08917000e-06  1.99062338e+00 
 3.09117000e-06  1.98997866e+00 
 3.09317000e-06  1.98936054e+00 
 3.09517000e-06  1.98877022e+00 
 3.09717000e-06  1.98820878e+00 
 3.09917000e-06  1.98767727e+00 
 3.10117000e-06  1.98717664e+00 
 3.10317000e-06  1.98670777e+00 
 3.10517000e-06  1.98627147e+00 
 3.10717000e-06  1.98586845e+00 
 3.10917000e-06  1.98549936e+00 
 3.11117000e-06  1.98516477e+00 
 3.11317000e-06  1.98486516e+00 
 3.11517000e-06  1.98460092e+00 
 3.11717000e-06  1.98437237e+00 
 3.11917000e-06  1.98417974e+00 
 3.12117000e-06  1.98402319e+00 
 3.12317000e-06  1.98390279e+00 
 3.12517000e-06  1.98381853e+00 
 3.12717000e-06  1.98377031e+00 
 3.12917000e-06  1.98375797e+00 
 3.13117000e-06  1.98378125e+00 
 3.13317000e-06  1.98383982e+00 
 3.13517000e-06  1.98393328e+00 
 3.13717000e-06  1.98406115e+00 
 3.13917000e-06  1.98422288e+00 
 3.14117000e-06  1.98441784e+00 
 3.14317000e-06  1.98464534e+00 
 3.14517000e-06  1.98490462e+00 
 3.14717000e-06  1.98519484e+00 
 3.14917000e-06  1.98551512e+00 
 3.15117000e-06  1.98586452e+00 
 3.15317000e-06  1.98624201e+00 
 3.15517000e-06  1.98664654e+00 
 3.15717000e-06  1.98707699e+00 
 3.15917000e-06  1.98753219e+00 
 3.16117000e-06  1.98801094e+00 
 3.16317000e-06  1.98851198e+00 
 3.16517000e-06  1.98903401e+00 
 3.16717000e-06  1.98957570e+00 
 3.16917000e-06  1.99013569e+00 
 3.17117000e-06  1.99071257e+00 
 3.17317000e-06  1.99130492e+00 
 3.17517000e-06  1.99191130e+00 
 3.17717000e-06  1.99253023e+00 
 3.17917000e-06  1.99316023e+00 
 3.18117000e-06  1.99379980e+00 
 3.18317000e-06  1.99444743e+00 
 3.18517000e-06  1.99510162e+00 
 3.18717000e-06  1.99576083e+00 
 3.18917000e-06  1.99642355e+00 
 3.19117000e-06  1.99708827e+00 
 3.19317000e-06  1.99775348e+00 
 3.19517000e-06  1.99841769e+00 
 3.19717000e-06  1.99907940e+00 
 3.19917000e-06  1.99973716e+00 
 3.20117000e-06  2.00038952e+00 
 3.20317000e-06  2.00103505e+00 
 3.20517000e-06  2.00167237e+00 
 3.20717000e-06  2.00230010e+00 
 3.20917000e-06  2.00291692e+00 
 3.21117000e-06  2.00352151e+00 
 3.21317000e-06  2.00411261e+00 
 3.21517000e-06  2.00468902e+00 
 3.21717000e-06  2.00524954e+00 
 3.21917000e-06  2.00579303e+00 
 3.22117000e-06  2.00631842e+00 
 3.22317000e-06  2.00682466e+00 
 3.22517000e-06  2.00731077e+00 
 3.22717000e-06  2.00777580e+00 
 3.22917000e-06  2.00821889e+00 
 3.23117000e-06  2.00863920e+00 
 3.23317000e-06  2.00903596e+00 
 3.23517000e-06  2.00940848e+00 
 3.23717000e-06  2.00975610e+00 
 3.23917000e-06  2.01007824e+00 
 3.24117000e-06  2.01037437e+00 
 3.24317000e-06  2.01064402e+00 
 3.24517000e-06  2.01088681e+00 
 3.24717000e-06  2.01110238e+00 
 3.24917000e-06  2.01129048e+00 
 3.25117000e-06  2.01145090e+00 
 3.25317000e-06  2.01158348e+00 
 3.25517000e-06  2.01168815e+00 
 3.25717000e-06  2.01176489e+00 
 3.25917000e-06  2.01181374e+00 
 3.26117000e-06  2.01183483e+00 
 3.26317000e-06  2.01182830e+00 
 3.26517000e-06  2.01179441e+00 
 3.26717000e-06  2.01173342e+00 
 3.26917000e-06  2.01164570e+00 
 3.27117000e-06  2.01153165e+00 
 3.27317000e-06  2.01139173e+00 
 3.27517000e-06  2.01122645e+00 
 3.27717000e-06  2.01103639e+00 
 3.27917000e-06  2.01082217e+00 
 3.28117000e-06  2.01058446e+00 
 3.28317000e-06  2.01032397e+00 
 3.28517000e-06  2.01004147e+00 
 3.28717000e-06  2.00973776e+00 
 3.28917000e-06  2.00941369e+00 
 3.29117000e-06  2.00907015e+00 
 3.29317000e-06  2.00870806e+00 
 3.29517000e-06  2.00832837e+00 
 3.29717000e-06  2.00793209e+00 
 3.29917000e-06  2.00752022e+00 
 3.30117000e-06  2.00709382e+00 
 3.30317000e-06  2.00665395e+00 
 3.30517000e-06  2.00620171e+00 
 3.30717000e-06  2.00573820e+00 
 3.30917000e-06  2.00526456e+00 
 3.31117000e-06  2.00478192e+00 
 3.31317000e-06  2.00429145e+00 
 3.31517000e-06  2.00379430e+00 
 3.31717000e-06  2.00329163e+00 
 3.31917000e-06  2.00278463e+00 
 3.32117000e-06  2.00227445e+00 
 3.32317000e-06  2.00176228e+00 
 3.32517000e-06  2.00124926e+00 
 3.32717000e-06  2.00073657e+00 
 3.32917000e-06  2.00022534e+00 
 3.33117000e-06  1.99971672e+00 
 3.33317000e-06  1.99921182e+00 
 3.33517000e-06  1.99871174e+00 
 3.33717000e-06  1.99821757e+00 
 3.33917000e-06  1.99773037e+00 
 3.34117000e-06  1.99725118e+00 
 3.34317000e-06  1.99678100e+00 
 3.34517000e-06  1.99632083e+00 
 3.34717000e-06  1.99587161e+00 
 3.34917000e-06  1.99543427e+00 
 3.35117000e-06  1.99500970e+00 
 3.35317000e-06  1.99459874e+00 
 3.35517000e-06  1.99420222e+00 
 3.35717000e-06  1.99382090e+00 
 3.35917000e-06  1.99345552e+00 
 3.36117000e-06  1.99310678e+00 
 3.36317000e-06  1.99277533e+00 
 3.36517000e-06  1.99246178e+00 
 3.36717000e-06  1.99216670e+00 
 3.36917000e-06  1.99189059e+00 
 3.37117000e-06  1.99163392e+00 
 3.37317000e-06  1.99139714e+00 
 3.37517000e-06  1.99118060e+00 
 3.37717000e-06  1.99098464e+00 
 3.37917000e-06  1.99080953e+00 
 3.38117000e-06  1.99065551e+00 
 3.38317000e-06  1.99052275e+00 
 3.38517000e-06  1.99041140e+00 
 3.38717000e-06  1.99032153e+00 
 3.38917000e-06  1.99025317e+00 
 3.39117000e-06  1.99020632e+00 
 3.39317000e-06  1.99018091e+00 
 3.39517000e-06  1.99017682e+00 
 3.39717000e-06  1.99019392e+00 
 3.39917000e-06  1.99023198e+00 
 3.40117000e-06  1.99029077e+00 
 3.40317000e-06  1.99036998e+00 
 3.40517000e-06  1.99046930e+00 
 3.40717000e-06  1.99058832e+00 
 3.40917000e-06  1.99072665e+00 
 3.41117000e-06  1.99088381e+00 
 3.41317000e-06  1.99105930e+00 
 3.41517000e-06  1.99125260e+00 
 3.41717000e-06  1.99146313e+00 
 3.41917000e-06  1.99169028e+00 
 3.42117000e-06  1.99193343e+00 
 3.42317000e-06  1.99219188e+00 
 3.42517000e-06  1.99246496e+00 
 3.42717000e-06  1.99275193e+00 
 3.42917000e-06  1.99305204e+00 
 3.43117000e-06  1.99336452e+00 
 3.43317000e-06  1.99368857e+00 
 3.43517000e-06  1.99402338e+00 
 3.43717000e-06  1.99436810e+00 
 3.43917000e-06  1.99472190e+00 
 3.44117000e-06  1.99508390e+00 
 3.44317000e-06  1.99545323e+00 
 3.44517000e-06  1.99582901e+00 
 3.44717000e-06  1.99621034e+00 
 3.44917000e-06  1.99659632e+00 
 3.45117000e-06  1.99698605e+00 
 3.45317000e-06  1.99737864e+00 
 3.45517000e-06  1.99777317e+00 
 3.45717000e-06  1.99816874e+00 
 3.45917000e-06  1.99856447e+00 
 3.46117000e-06  1.99895946e+00 
 3.46317000e-06  1.99935282e+00 
 3.46517000e-06  1.99974370e+00 
 3.46717000e-06  2.00013123e+00 
 3.46917000e-06  2.00051457e+00 
 3.47117000e-06  2.00089289e+00 
 3.47317000e-06  2.00126539e+00 
 3.47517000e-06  2.00163126e+00 
 3.47717000e-06  2.00198975e+00 
 3.47917000e-06  2.00234010e+00 
 3.48117000e-06  2.00268159e+00 
 3.48317000e-06  2.00301352e+00 
 3.48517000e-06  2.00333523e+00 
 3.48717000e-06  2.00364607e+00 
 3.48917000e-06  2.00394542e+00 
 3.49117000e-06  2.00423271e+00 
 3.49317000e-06  2.00450739e+00 
 3.49517000e-06  2.00476893e+00 
 3.49717000e-06  2.00501685e+00 
 3.49917000e-06  2.00525070e+00 
 3.50117000e-06  2.00547007e+00 
 3.50317000e-06  2.00567457e+00 
 3.50517000e-06  2.00586386e+00 
 3.50717000e-06  2.00603764e+00 
 3.50917000e-06  2.00619563e+00 
 3.51117000e-06  2.00633761e+00 
 3.51317000e-06  2.00646338e+00 
 3.51517000e-06  2.00657279e+00 
 3.51717000e-06  2.00666571e+00 
 3.51917000e-06  2.00674206e+00 
 3.52117000e-06  2.00680182e+00 
 3.52317000e-06  2.00684496e+00 
 3.52517000e-06  2.00687152e+00 
 3.52717000e-06  2.00688158e+00 
 3.52917000e-06  2.00687523e+00 
 3.53117000e-06  2.00685263e+00 
 3.53317000e-06  2.00681394e+00 
 3.53517000e-06  2.00675938e+00 
 3.53717000e-06  2.00668920e+00 
 3.53917000e-06  2.00660368e+00 
 3.54117000e-06  2.00650312e+00 
 3.54317000e-06  2.00638787e+00 
 3.54517000e-06  2.00625831e+00 
 3.54717000e-06  2.00611484e+00 
 3.54917000e-06  2.00595788e+00 
 3.55117000e-06  2.00578790e+00 
 3.55317000e-06  2.00560537e+00 
 3.55517000e-06  2.00541081e+00 
 3.55717000e-06  2.00520474e+00 
 3.55917000e-06  2.00498773e+00 
 3.56117000e-06  2.00476033e+00 
 3.56317000e-06  2.00452315e+00 
 3.56517000e-06  2.00427678e+00 
 3.56717000e-06  2.00402186e+00 
 3.56917000e-06  2.00375902e+00 
 3.57117000e-06  2.00348892e+00 
 3.57317000e-06  2.00321222e+00 
 3.57517000e-06  2.00292958e+00 
 3.57717000e-06  2.00264170e+00 
 3.57917000e-06  2.00234925e+00 
 3.58117000e-06  2.00205293e+00 
 3.58317000e-06  2.00175343e+00 
 3.58517000e-06  2.00145145e+00 
 3.58717000e-06  2.00114769e+00 
 3.58917000e-06  2.00084284e+00 
 3.59117000e-06  2.00053759e+00 
 3.59317000e-06  2.00023264e+00 
 3.59517000e-06  1.99992865e+00 
 3.59717000e-06  1.99962632e+00 
 3.59917000e-06  1.99932630e+00 
 3.60117000e-06  1.99902924e+00 
 3.60317000e-06  1.99873579e+00 
 3.60517000e-06  1.99844658e+00 
 3.60717000e-06  1.99816223e+00 
 3.60917000e-06  1.99788333e+00 
 3.61117000e-06  1.99761047e+00 
 3.61317000e-06  1.99734421e+00 
 3.61517000e-06  1.99708510e+00 
 3.61717000e-06  1.99683366e+00 
 3.61917000e-06  1.99659039e+00 
 3.62117000e-06  1.99635579e+00 
 3.62317000e-06  1.99613030e+00 
 3.62517000e-06  1.99591436e+00 
 3.62717000e-06  1.99570838e+00 
 3.62917000e-06  1.99551275e+00 
 3.63117000e-06  1.99532782e+00 
 3.63317000e-06  1.99515393e+00 
 3.63517000e-06  1.99499137e+00 
 3.63717000e-06  1.99484043e+00 
 3.63917000e-06  1.99470135e+00 
 3.64117000e-06  1.99457435e+00 
 3.64317000e-06  1.99445962e+00 
 3.64517000e-06  1.99435733e+00 
 3.64717000e-06  1.99426760e+00 
 3.64917000e-06  1.99419055e+00 
 3.65117000e-06  1.99412623e+00 
 3.65317000e-06  1.99407471e+00 
 3.65517000e-06  1.99403599e+00 
 3.65717000e-06  1.99401006e+00 
 3.65917000e-06  1.99399688e+00 
 3.66117000e-06  1.99399639e+00 
 3.66317000e-06  1.99400848e+00 
 3.66517000e-06  1.99403302e+00 
 3.66717000e-06  1.99406988e+00 
 3.66917000e-06  1.99411886e+00 
 3.67117000e-06  1.99417976e+00 
 3.67317000e-06  1.99425237e+00 
 3.67517000e-06  1.99433641e+00 
 3.67717000e-06  1.99443162e+00 
 3.67917000e-06  1.99453769e+00 
 3.68117000e-06  1.99465430e+00 
 3.68317000e-06  1.99478111e+00 
 3.68517000e-06  1.99491775e+00 
 3.68717000e-06  1.99506385e+00 
 3.68917000e-06  1.99521900e+00 
 3.69117000e-06  1.99538278e+00 
 3.69317000e-06  1.99555476e+00 
 3.69517000e-06  1.99573449e+00 
 3.69717000e-06  1.99592150e+00 
 3.69917000e-06  1.99611532e+00 
 3.70117000e-06  1.99631547e+00 
 3.70317000e-06  1.99652143e+00 
 3.70517000e-06  1.99673272e+00 
 3.70717000e-06  1.99694881e+00 
 3.70917000e-06  1.99716917e+00 
 3.71117000e-06  1.99739329e+00 
 3.71317000e-06  1.99762063e+00 
 3.71517000e-06  1.99785066e+00 
 3.71717000e-06  1.99808283e+00 
 3.71917000e-06  1.99831661e+00 
 3.72117000e-06  1.99855147e+00 
 3.72317000e-06  1.99878687e+00 
 3.72517000e-06  1.99902227e+00 
 3.72717000e-06  1.99925715e+00 
 3.72917000e-06  1.99949099e+00 
 3.73117000e-06  1.99972327e+00 
 3.73317000e-06  1.99995347e+00 
 3.73517000e-06  2.00018111e+00 
 3.73717000e-06  2.00040568e+00 
 3.73917000e-06  2.00062672e+00 
 3.74117000e-06  2.00084374e+00 
 3.74317000e-06  2.00105630e+00 
 3.74517000e-06  2.00126395e+00 
 3.74717000e-06  2.00146627e+00 
 3.74917000e-06  2.00166284e+00 
 3.75117000e-06  2.00185327e+00 
 3.75317000e-06  2.00203717e+00 
 3.75517000e-06  2.00221418e+00 
 3.75717000e-06  2.00238397e+00 
 3.75917000e-06  2.00254621e+00 
 3.76117000e-06  2.00270058e+00 
 3.76317000e-06  2.00284681e+00 
 3.76517000e-06  2.00298463e+00 
 3.76717000e-06  2.00311380e+00 
 3.76917000e-06  2.00323410e+00 
 3.77117000e-06  2.00334532e+00 
 3.77317000e-06  2.00344728e+00 
 3.77517000e-06  2.00353983e+00 
 3.77717000e-06  2.00362284e+00 
 3.77917000e-06  2.00369619e+00 
 3.78117000e-06  2.00375979e+00 
 3.78317000e-06  2.00381357e+00 
 3.78517000e-06  2.00385750e+00 
 3.78717000e-06  2.00389155e+00 
 3.78917000e-06  2.00391572e+00 
 3.79117000e-06  2.00393003e+00 
 3.79317000e-06  2.00393454e+00 
 3.79517000e-06  2.00392929e+00 
 3.79717000e-06  2.00391439e+00 
 3.79917000e-06  2.00388994e+00 
 3.80117000e-06  2.00385607e+00 
 3.80317000e-06  2.00381292e+00 
 3.80517000e-06  2.00376068e+00 
 3.80717000e-06  2.00369953e+00 
 3.80917000e-06  2.00362966e+00 
 3.81117000e-06  2.00355132e+00 
 3.81317000e-06  2.00346474e+00 
 3.81517000e-06  2.00337017e+00 
 3.81717000e-06  2.00326790e+00 
 3.81917000e-06  2.00315821e+00 
 3.82117000e-06  2.00304141e+00 
 3.82317000e-06  2.00291781e+00 
 3.82517000e-06  2.00278775e+00 
 3.82717000e-06  2.00265156e+00 
 3.82917000e-06  2.00250960e+00 
 3.83117000e-06  2.00236224e+00 
 3.83317000e-06  2.00220984e+00 
 3.83517000e-06  2.00205279e+00 
 3.83717000e-06  2.00189148e+00 
 3.83917000e-06  2.00172630e+00 
 3.84117000e-06  2.00155765e+00 
 3.84317000e-06  2.00138593e+00 
 3.84517000e-06  2.00121156e+00 
 3.84717000e-06  2.00103495e+00 
 3.84917000e-06  2.00085651e+00 
 3.85117000e-06  2.00067666e+00 
 3.85317000e-06  2.00049581e+00 
 3.85517000e-06  2.00031437e+00 
 3.85717000e-06  2.00013276e+00 
 3.85917000e-06  1.99995138e+00 
 3.86117000e-06  1.99977064e+00 
 3.86317000e-06  1.99959094e+00 
 3.86517000e-06  1.99941267e+00 
 3.86717000e-06  1.99923623e+00 
 3.86917000e-06  1.99906199e+00 
 3.87117000e-06  1.99889032e+00 
 3.87317000e-06  1.99872160e+00 
 3.87517000e-06  1.99855618e+00 
 3.87717000e-06  1.99839440e+00 
 3.87917000e-06  1.99823660e+00 
 3.88117000e-06  1.99808310e+00 
 3.88317000e-06  1.99793422e+00 
 3.88517000e-06  1.99779024e+00 
 3.88717000e-06  1.99765145e+00 
 3.88917000e-06  1.99751813e+00 
 3.89117000e-06  1.99739053e+00 
 3.89317000e-06  1.99726889e+00 
 3.89517000e-06  1.99715344e+00 
 3.89717000e-06  1.99704439e+00 
 3.89917000e-06  1.99694194e+00 
 3.90117000e-06  1.99684626e+00 
 3.90317000e-06  1.99675751e+00 
 3.90517000e-06  1.99667584e+00 
 3.90717000e-06  1.99660138e+00 
 3.90917000e-06  1.99653423e+00 
 3.91117000e-06  1.99647450e+00 
 3.91317000e-06  1.99642226e+00 
 3.91517000e-06  1.99637756e+00 
 3.91717000e-06  1.99634045e+00 
 3.91917000e-06  1.99631095e+00 
 3.92117000e-06  1.99628908e+00 
 3.92317000e-06  1.99627481e+00 
 3.92517000e-06  1.99626812e+00 
 3.92717000e-06  1.99626897e+00 
 3.92917000e-06  1.99627730e+00 
 3.93117000e-06  1.99629303e+00 
 3.93317000e-06  1.99631607e+00 
 3.93517000e-06  1.99634630e+00 
 3.93717000e-06  1.99638362e+00 
 3.93917000e-06  1.99642786e+00 
 3.94117000e-06  1.99647890e+00 
 3.94317000e-06  1.99653654e+00 
 3.94517000e-06  1.99660063e+00 
 3.94717000e-06  1.99667095e+00 
 3.94917000e-06  1.99674731e+00 
 3.95117000e-06  1.99682949e+00 
 3.95317000e-06  1.99691726e+00 
 3.95517000e-06  1.99701037e+00 
 3.95717000e-06  1.99710858e+00 
 3.95917000e-06  1.99721163e+00 
 3.96117000e-06  1.99731924e+00 
 3.96317000e-06  1.99743115e+00 
 3.96517000e-06  1.99754707e+00 
 3.96717000e-06  1.99766670e+00 
 3.96917000e-06  1.99778975e+00 
 3.97117000e-06  1.99791592e+00 
 3.97317000e-06  1.99804489e+00 
 3.97517000e-06  1.99817636e+00 
 3.97717000e-06  1.99831002e+00 
 3.97917000e-06  1.99844555e+00 
 3.98117000e-06  1.99858262e+00 
 3.98317000e-06  1.99872092e+00 
 3.98517000e-06  1.99886013e+00 
 3.98717000e-06  1.99899993e+00 
 3.98917000e-06  1.99914000e+00 
 3.99117000e-06  1.99928003e+00 
 3.99317000e-06  1.99941970e+00 
 3.99517000e-06  1.99955870e+00 
 3.99717000e-06  1.99969672e+00 
 3.99858500e-06  1.99979363e+00 
 4.00000000e-06  1.99988979e+00 
