 v-sweep         id_std          id_elt         
-3.00000000e-01  1.13227007e-12  1.13227007e-12 
-2.90000000e-01  1.00932308e-12  1.00932308e-12 
-2.80000000e-01  8.98829178e-13  8.98829178e-13 
-2.70000000e-01  7.99657765e-13  7.99657765e-13 
-2.60000000e-01  7.10767069e-13  7.10767069e-13 
-2.50000000e-01  6.31198401e-13  6.31198401e-13 
-2.40000000e-01  5.60070687e-13  5.60070687e-13 
-2.30000000e-01  4.96575276e-13  4.96575276e-13 
-2.20000000e-01  4.39970997e-13  4.39970997e-13 
-2.10000000e-01  3.89579488e-13  3.89579488e-13 
-2.00000000e-01  3.44780753e-13  3.44780753e-13 
-1.90000000e-01  3.05008977e-13  3.05008977e-13 
-1.80000000e-01  2.69748557e-13  2.69748557e-13 
-1.70000000e-01  2.38530364e-13  2.38530364e-13 
-1.60000000e-01  2.10928222e-13  2.10928222e-13 
-1.50000000e-01  1.86555594e-13  1.86555594e-13 
-1.40000000e-01  1.65062461e-13  1.65062461e-13 
-1.30000000e-01  1.46132405e-13  1.46132405e-13 
-1.20000000e-01  1.29479869e-13  1.29479869e-13 
-1.10000000e-01  1.14847597e-13  1.14847597e-13 
-1.00000000e-01  1.02004239e-13  1.02004239e-13 
-9.00000000e-02  9.07421220e-14  9.07421220e-14 
-8.00000000e-02  8.08751750e-14  8.08751750e-14 
-7.00000000e-02  7.22369971e-14  7.22369971e-14 
-6.00000000e-02  6.46790678e-14  6.46790678e-14 
-5.00000000e-02  5.80690891e-14  5.80690891e-14 
-4.00000000e-02  5.22894522e-14  5.22894522e-14 
-3.00000000e-02  4.72358234e-14  4.72358234e-14 
-2.00000000e-02  4.28158416e-14  4.28158416e-14 
-1.00000000e-02  3.89479206e-14  3.89479206e-14 
 8.67361738e-17  3.55601512e-14  3.55601512e-14 
 1.00000000e-02  3.25892956e-14  3.25892956e-14 
 2.00000000e-02  2.99798688e-14  2.99798688e-14 
 3.00000000e-02  2.76833020e-14  2.76833020e-14 
 4.00000000e-02  2.56571808e-14  2.56571808e-14 
 5.00000000e-02  2.38645542e-14  2.38645542e-14 
 6.00000000e-02  2.22733098e-14  2.22733098e-14 
 7.00000000e-02  2.08556086e-14  2.08556086e-14 
 8.00000000e-02  1.95873766e-14  1.95873766e-14 
 9.00000000e-02  1.84478472e-14  1.84478472e-14 
 1.00000000e-01  1.73664907e-14  1.73664906e-14 
 1.10000000e-01  1.64405691e-14  1.64405691e-14 
 1.20000000e-01  1.55959661e-14  1.55959659e-14 
 1.30000000e-01  1.48216118e-14  1.48216112e-14 
 1.40000000e-01  1.41080906e-14  1.41080888e-14 
 1.50000000e-01  1.34474369e-14  1.34474318e-14 
 1.60000000e-01  1.28329975e-14  1.28329827e-14 
 1.70000000e-01  1.22594323e-14  1.22593894e-14 
 1.80000000e-01  1.17230642e-14  1.17229394e-14 
 1.90000000e-01  1.12231896e-14  1.12228271e-14 
 2.00000000e-01  1.07661133e-14  1.07650592e-14 
 2.10000000e-01  1.03769866e-14  1.03739208e-14 
 2.20000000e-01  1.02610129e-14  1.02484695e-14 
 2.30000000e-01  1.06114354e-14  1.05749022e-14 
 2.40000000e-01  1.24154740e-14  1.23090508e-14 
 2.50000000e-01  1.83704293e-14  1.80603266e-14 
 2.60000000e-01  3.62560669e-14  3.53523304e-14 
 2.70000000e-01  8.85159392e-14  8.58811131e-14 
 2.80000000e-01  2.39922105e-13  2.32237576e-13 
 2.90000000e-01  6.77489716e-13  6.55069900e-13 
 3.00000000e-01  1.94143283e-12  1.87599971e-12 
 3.10000000e-01  5.59293379e-12  5.40189855e-12 
 3.20000000e-01  1.61457541e-11  1.55878259e-11 
 3.30000000e-01  4.66561354e-11  4.50261247e-11 
 3.40000000e-01  1.34906350e-10  1.30142614e-10 
 3.50000000e-01  3.90276772e-10  3.76350164e-10 
 3.60000000e-01  1.12954067e-09  1.08881487e-09 
 3.70000000e-01  3.27027773e-09  3.15116013e-09 
 3.80000000e-01  9.46943265e-09  9.12109707e-09 
 3.90000000e-01  2.74009137e-08  2.63841868e-08 
 4.00000000e-01  7.89562846e-08  7.60185258e-08 
 4.10000000e-01  2.23179770e-07  2.15073816e-07 
 4.20000000e-01  5.90379580e-07  5.71025303e-07 
 4.30000000e-01  1.35640275e-06  1.32066511e-06 
 4.40000000e-01  2.60808279e-06  2.55704329e-06 
 4.50000000e-01  4.30091619e-06  4.23923725e-06 
 4.60000000e-01  6.35940653e-06  6.29083418e-06 
 4.70000000e-01  8.74134087e-06  8.66775541e-06 
 4.80000000e-01  1.14384605e-05  1.13605635e-05 
 4.90000000e-01  1.44612281e-05  1.43792260e-05 
 5.00000000e-01  1.78276699e-05  1.77416566e-05 
 5.10000000e-01  2.15576321e-05  2.14677628e-05 
 5.20000000e-01  2.56702576e-05  2.55768158e-05 
 5.30000000e-01  3.01830182e-05  3.00864352e-05 
 5.40000000e-01  3.51114254e-05  3.50122796e-05 
 5.50000000e-01  4.04690127e-05  4.03680227e-05 
 5.60000000e-01  4.62674139e-05  4.61654291e-05 
 5.70000000e-01  5.25164655e-05  5.24144571e-05 
 5.80000000e-01  5.92243090e-05  5.91233613e-05 
 5.90000000e-01  6.63974841e-05  6.62987869e-05 
 6.00000000e-01  7.40410143e-05  7.39458554e-05 
 6.10000000e-01  8.21584857e-05  8.20682439e-05 
 6.20000000e-01  9.07521217e-05  9.06682603e-05 
 6.30000000e-01  9.98228551e-05  9.97469153e-05 
 6.40000000e-01  1.09370398e-04  1.09303993e-04 
 6.50000000e-01  1.19393310e-04  1.19338118e-04 
 6.60000000e-01  1.29889065e-04  1.29846823e-04 
 6.70000000e-01  1.40854115e-04  1.40826615e-04 
 6.80000000e-01  1.52283950e-04  1.52273033e-04 
 6.90000000e-01  1.64173163e-04  1.64180711e-04 
 7.00000000e-01  1.76515500e-04  1.76543433e-04 
 7.10000000e-01  1.89303922e-04  1.89354191e-04 
 7.20000000e-01  2.02530655e-04  2.02605239e-04 
 7.30000000e-01  2.16187247e-04  2.16288146e-04 
 7.40000000e-01  2.30264619e-04  2.30393851e-04 
 7.50000000e-01  2.44753124e-04  2.44912716e-04 
 7.60000000e-01  2.59642599e-04  2.59834585e-04 
 7.70000000e-01  2.74922425e-04  2.75148840e-04 
 7.80000000e-01  2.90581581e-04  2.90844457e-04 
 7.90000000e-01  3.06608704e-04  3.06910062e-04 
 8.00000000e-01  3.22992148e-04  3.23333995e-04 
 8.10000000e-01  3.39720037e-04  3.40104361e-04 
 8.20000000e-01  3.56780324e-04  3.57209092e-04 
 8.30000000e-01  3.74160845e-04  3.74635993e-04 
 8.40000000e-01  3.91849367e-04  3.92372803e-04 
 8.50000000e-01  4.09833641e-04  4.10407236e-04 
 8.60000000e-01  4.28101442e-04  4.28727030e-04 
 8.70000000e-01  4.46640618e-04  4.47319990e-04 
 8.80000000e-01  4.65439119e-04  4.66174025e-04 
 8.90000000e-01  4.84485040e-04  4.85277184e-04 
 9.00000000e-01  5.03766646e-04  5.04617684e-04 
 9.10000000e-01  5.23272403e-04  5.24183942e-04 
 9.20000000e-01  5.42990998e-04  5.43964596e-04 
 9.30000000e-01  5.62911361e-04  5.63948524e-04 
 9.40000000e-01  5.83022683e-04  5.84124867e-04 
 9.50000000e-01  6.03314429e-04  6.04483036e-04 
 9.60000000e-01  6.23776347e-04  6.25012729e-04 
 9.70000000e-01  6.44398481e-04  6.45703938e-04 
 9.80000000e-01  6.65171174e-04  6.66546955e-04 
 9.90000000e-01  6.86085075e-04  6.87532376e-04 
 1.00000000e+00  7.07131138e-04  7.08651107e-04 
 1.01000000e+00  7.28300628e-04  7.29894361e-04 
 1.02000000e+00  7.49585114e-04  7.51253660e-04 
 1.03000000e+00  7.70976472e-04  7.72720831e-04 
 1.04000000e+00  7.92466880e-04  7.94288006e-04 
 1.05000000e+00  8.14048813e-04  8.15947614e-04 
 1.06000000e+00  8.35715042e-04  8.37692380e-04 
 1.07000000e+00  8.57458622e-04  8.59515317e-04 
 1.08000000e+00  8.79272892e-04  8.81409721e-04 
 1.09000000e+00  9.01151464e-04  9.03369164e-04 
 1.10000000e+00  9.23088221e-04  9.25387487e-04 
 1.11000000e+00  9.45077302e-04  9.47458792e-04 
 1.12000000e+00  9.67113104e-04  9.69577437e-04 
 1.13000000e+00  9.89190264e-04  9.91738025e-04 
 1.14000000e+00  1.01130366e-03  1.01393540e-03 
 1.15000000e+00  1.03344840e-03  1.03616463e-03 
 1.16000000e+00  1.05561981e-03  1.05842102e-03 
 1.17000000e+00  1.07781344e-03  1.08070007e-03 
 1.18000000e+00  1.10002503e-03  1.10299751e-03 
 1.19000000e+00  1.12225054e-03  1.12530925e-03 
 1.20000000e+00  1.14448609e-03  1.14763141e-03 
