 v-sweep         id_std          id_elt         
-3.00000000e-01  9.68331479e-11  9.68134403e-11 
-2.90000000e-01  1.02881180e-10  1.02866695e-10 
-2.80000000e-01  1.11318725e-10  1.11310248e-10 
-2.70000000e-01  1.22822347e-10  1.22820690e-10 
-2.60000000e-01  1.38268161e-10  1.38274106e-10 
-2.50000000e-01  1.58790770e-10  1.58804988e-10 
-2.40000000e-01  1.85859727e-10  1.85882646e-10 
-2.30000000e-01  2.21378768e-10  2.21410372e-10 
-2.20000000e-01  2.67814609e-10  2.67854143e-10 
-2.10000000e-01  3.28364169e-10  3.28409708e-10 
-2.00000000e-01  4.07171729e-10  4.07219552e-10 
-1.90000000e-01  5.09610992e-10  5.09654698e-10 
-1.80000000e-01  6.42651518e-10  6.42680763e-10 
-1.70000000e-01  8.15334846e-10  8.15333576e-10 
-1.60000000e-01  1.03939323e-09  1.03933721e-09 
-1.50000000e-01  1.33005380e-09  1.32990719e-09 
-1.40000000e-01  1.70708375e-09  1.70679435e-09 
-1.30000000e-01  2.19614888e-09  2.19564162e-09 
-1.20000000e-01  2.83057930e-09  2.82974728e-09 
-1.10000000e-01  3.65366394e-09  3.65235623e-09 
-1.00000000e-01  4.72163155e-09  4.71963661e-09 
-9.00000000e-02  6.10752211e-09  6.10454536e-09 
-8.00000000e-02  7.90621135e-09  7.90184496e-09 
-7.00000000e-02  1.02409268e-08  1.02346093e-08 
-6.00000000e-02  1.32716882e-08  1.32626504e-08 
-5.00000000e-02  1.72062231e-08  1.71934176e-08 
-4.00000000e-02  2.23140558e-08  2.22960634e-08 
-3.00000000e-02  2.89446373e-08  2.89195475e-08 
-2.00000000e-02  3.75505937e-08  3.75158518e-08 
-1.00000000e-02  4.87173867e-08  4.86696036e-08 
 8.67361738e-17  6.32009081e-08  6.31356317e-08 
 1.00000000e-02  8.19747178e-08  8.18861691e-08 
 2.00000000e-02  1.06288710e-07  1.06169502e-07 
 3.00000000e-02  1.37740842e-07  1.37581722e-07 
 4.00000000e-02  1.78362992e-07  1.78152682e-07 
 5.00000000e-02  2.30720760e-07  2.30446039e-07 
 6.00000000e-02  2.98024758e-07  2.97671011e-07 
 7.00000000e-02  3.84247301e-07  3.83799881e-07 
 8.00000000e-02  4.94233225e-07  4.93680110e-07 
 9.00000000e-02  6.33787142e-07  6.33123497e-07 
 1.00000000e-01  8.09713024e-07  8.08948292e-07 
 1.10000000e-01  1.02977823e-06  1.02894622e-06 
 1.20000000e-01  1.30257699e-06  1.30174892e-06 
 1.30000000e-01  1.63728204e-06  1.63658161e-06 
 1.40000000e-01  2.04329856e-06  2.04291704e-06 
 1.50000000e-01  2.52986718e-06  2.53007570e-06 
 1.60000000e-01  3.10568947e-06  3.10684552e-06 
 1.70000000e-01  3.77865471e-06  3.78120099e-06 
 1.80000000e-01  4.55572264e-06  4.56017860e-06 
 1.90000000e-01  5.44297108e-06  5.44991938e-06 
 2.00000000e-01  6.44576922e-06  6.45584088e-06 
 2.10000000e-01  7.56900986e-06  7.58287149e-06 
 2.20000000e-01  8.81733376e-06  8.83567908e-06 
 2.30000000e-01  1.01953005e-05  1.02188467e-05 
 2.40000000e-01  1.17074883e-05  1.17369766e-05 
 2.50000000e-01  1.33585279e-05  1.33947264e-05 
 2.60000000e-01  1.51530871e-05  1.51967956e-05 
 2.70000000e-01  1.70958275e-05  1.71478814e-05 
 2.80000000e-01  1.91913483e-05  1.92526225e-05 
 2.90000000e-01  2.14441306e-05  2.15155420e-05 
 3.00000000e-01  2.38584890e-05  2.39409977e-05 
 3.10000000e-01  2.64385320e-05  2.65331417e-05 
 3.20000000e-01  2.91881338e-05  2.92958912e-05 
 3.30000000e-01  3.21109148e-05  3.22329083e-05 
 3.40000000e-01  3.52102309e-05  3.53475882e-05 
 3.50000000e-01  3.84891683e-05  3.86430548e-05 
 3.60000000e-01  4.19505438e-05  4.21221595e-05 
 3.70000000e-01  4.55969086e-05  4.57874857e-05 
 3.80000000e-01  4.94305542e-05  4.96413543e-05 
 3.90000000e-01  5.34535206e-05  5.36858318e-05 
 4.00000000e-01  5.76676050e-05  5.79227395e-05 
 4.10000000e-01  6.20743721e-05  6.23536632e-05 
 4.20000000e-01  6.66751632e-05  6.69799629e-05 
 4.30000000e-01  7.14711072e-05  7.18027835e-05 
 4.40000000e-01  7.64631299e-05  7.68230647e-05 
 4.50000000e-01  8.16519641e-05  8.20415505e-05 
 4.60000000e-01  8.70381588e-05  8.74587995e-05 
 4.70000000e-01  9.26220889e-05  9.30751935e-05 
 4.80000000e-01  9.84039634e-05  9.88909467e-05 
 4.90000000e-01  1.04383834e-04  1.04906114e-04 
 5.00000000e-01  1.10561605e-04  1.11120601e-04 
 5.10000000e-01  1.16937036e-04  1.17534167e-04 
 5.20000000e-01  1.23509755e-04  1.24146440e-04 
 5.30000000e-01  1.30279263e-04  1.30956914e-04 
 5.40000000e-01  1.37244940e-04  1.37964967e-04 
 5.50000000e-01  1.44406051e-04  1.45169857e-04 
 5.60000000e-01  1.51761756e-04  1.52570735e-04 
 5.70000000e-01  1.59311109e-04  1.60166647e-04 
 5.80000000e-01  1.67053069e-04  1.67956544e-04 
 5.90000000e-01  1.74986504e-04  1.75939280e-04 
 6.00000000e-01  1.83110194e-04  1.84113625e-04 
 6.10000000e-01  1.91422837e-04  1.92478264e-04 
 6.20000000e-01  1.99923055e-04  2.01031802e-04 
 6.30000000e-01  2.08609395e-04  2.09772774e-04 
 6.40000000e-01  2.17480335e-04  2.18699642e-04 
 6.50000000e-01  2.26534288e-04  2.27810802e-04 
 6.60000000e-01  2.35769605e-04  2.37104587e-04 
 6.70000000e-01  2.45184577e-04  2.46579272e-04 
 6.80000000e-01  2.54777443e-04  2.56233076e-04 
 6.90000000e-01  2.64546388e-04  2.66064166e-04 
 7.00000000e-01  2.74489548e-04  2.76070657e-04 
 7.10000000e-01  2.84605013e-04  2.86250621e-04 
 7.20000000e-01  2.94890830e-04  2.96602083e-04 
 7.30000000e-01  3.05345005e-04  3.07123029e-04 
 7.40000000e-01  3.15965505e-04  3.17811403e-04 
 7.50000000e-01  3.26750260e-04  3.28665116e-04 
 7.60000000e-01  3.37697169e-04  3.39682041e-04 
 7.70000000e-01  3.48804095e-04  3.50860023e-04 
 7.80000000e-01  3.60068873e-04  3.62196872e-04 
 7.90000000e-01  3.71489311e-04  3.73690373e-04 
 8.00000000e-01  3.83063188e-04  3.85338283e-04 
 8.10000000e-01  3.94788261e-04  3.97138334e-04 
 8.20000000e-01  4.06662260e-04  4.09088235e-04 
 8.30000000e-01  4.18682897e-04  4.21185672e-04 
 8.40000000e-01  4.30847862e-04  4.33428313e-04 
 8.50000000e-01  4.43154825e-04  4.45813805e-04 
 8.60000000e-01  4.55601441e-04  4.58339776e-04 
 8.70000000e-01  4.68185346e-04  4.71003841e-04 
 8.80000000e-01  4.80904160e-04  4.83803595e-04 
 8.90000000e-01  4.93755492e-04  4.96736623e-04 
 9.00000000e-01  5.06736933e-04  5.09800492e-04 
 9.10000000e-01  5.19846065e-04  5.22992759e-04 
 9.20000000e-01  5.33080455e-04  5.36310970e-04 
 9.30000000e-01  5.46437663e-04  5.49752657e-04 
 9.40000000e-01  5.59915234e-04  5.63315346e-04 
 9.50000000e-01  5.73510708e-04  5.76996549e-04 
 9.60000000e-01  5.87221614e-04  5.90793773e-04 
 9.70000000e-01  6.01045471e-04  6.04704515e-04 
 9.80000000e-01  6.14979793e-04  6.18726264e-04 
 9.90000000e-01  6.29022087e-04  6.32856503e-04 
 1.00000000e+00  6.43169851e-04  6.47092709e-04 
 1.01000000e+00  6.57420579e-04  6.61432351e-04 
 1.02000000e+00  6.71771758e-04  6.75872894e-04 
 1.03000000e+00  6.86220869e-04  6.90411798e-04 
 1.04000000e+00  7.00765391e-04  7.05046517e-04 
 1.05000000e+00  7.15402794e-04  7.19774501e-04 
 1.06000000e+00  7.30130548e-04  7.34593197e-04 
 1.07000000e+00  7.44946117e-04  7.49500048e-04 
 1.08000000e+00  7.59846962e-04  7.64492493e-04 
 1.09000000e+00  7.74830540e-04  7.79567967e-04 
 1.10000000e+00  7.89894305e-04  7.94723906e-04 
 1.11000000e+00  8.05035710e-04  8.09957739e-04 
 1.12000000e+00  8.20252204e-04  8.25266897e-04 
 1.13000000e+00  8.35541234e-04  8.40648807e-04 
 1.14000000e+00  8.50900246e-04  8.56100894e-04 
 1.15000000e+00  8.66326684e-04  8.71620585e-04 
 1.16000000e+00  8.81817991e-04  8.87205301e-04 
 1.17000000e+00  8.97371609e-04  9.02852468e-04 
 1.18000000e+00  9.12984980e-04  9.18559507e-04 
 1.19000000e+00  9.28655545e-04  9.34323844e-04 
 1.20000000e+00  9.44380744e-04  9.50142900e-04 
