 v-sweep         id_std          id_elt         
-3.00000000e-01  7.56814155e-10  7.54350834e-10 
-2.90000000e-01  9.04718382e-10  9.02405690e-10 
-2.80000000e-01  1.08892495e-09  1.08678933e-09 
-2.70000000e-01  1.31822063e-09  1.31629271e-09 
-2.60000000e-01  1.60354512e-09  1.60186021e-09 
-2.50000000e-01  1.95852200e-09  1.95712061e-09 
-2.40000000e-01  2.40012135e-09  2.39904964e-09 
-2.30000000e-01  2.94948649e-09  2.94879675e-09 
-2.20000000e-01  3.63296563e-09  3.63271653e-09 
-2.10000000e-01  4.48339880e-09  4.48365556e-09 
-2.00000000e-01  5.54172314e-09  5.54255737e-09 
-1.90000000e-01  6.85897445e-09  6.86046362e-09 
-1.80000000e-01  8.49878165e-09  8.50100800e-09 
-1.70000000e-01  1.05404735e-08  1.05435223e-08 
-1.60000000e-01  1.30829441e-08  1.30869011e-08 
-1.50000000e-01  1.62494580e-08  1.62544057e-08 
-1.40000000e-01  2.01936120e-08  2.01996248e-08 
-1.30000000e-01  2.51067200e-08  2.51138586e-08 
-1.20000000e-01  3.12269359e-08  3.12352409e-08 
-1.10000000e-01  3.88504885e-08  3.88599740e-08 
-1.00000000e-01  4.83454590e-08  4.83561092e-08 
-9.00000000e-02  6.01685907e-08  6.01803624e-08 
-8.00000000e-02  7.48856600e-08  7.48984971e-08 
-7.00000000e-02  9.31959529e-08  9.32098256e-08 
-6.00000000e-02  1.15961356e-07  1.15976340e-07 
-5.00000000e-02  1.44240438e-07  1.44256865e-07 
-4.00000000e-02  1.79327655e-07  1.79346370e-07 
-3.00000000e-02  2.22797329e-07  2.22820126e-07 
-2.00000000e-02  2.76551376e-07  2.76581689e-07 
-1.00000000e-02  3.42868672e-07  3.42912653e-07 
 8.67361738e-17  4.24452619e-07  4.24520747e-07 
 1.00000000e-02  5.24471748e-07  5.24581156e-07 
 2.00000000e-02  6.46586521e-07  6.46764232e-07 
 3.00000000e-02  7.94954094e-07  7.95241320e-07 
 4.00000000e-02  9.74202495e-07  9.74660079e-07 
 5.00000000e-02  1.18936727e-06  1.19008215e-06 
 6.00000000e-02  1.44578784e-06  1.44688013e-06 
 7.00000000e-02  1.74896763e-06  1.75059771e-06 
 8.00000000e-02  2.10441085e-06  2.10678546e-06 
 9.00000000e-02  2.51745657e-06  2.52083287e-06 
 1.00000000e-01  2.99313519e-06  2.99782206e-06 
 1.10000000e-01  3.53607030e-06  3.54242639e-06 
 1.20000000e-01  4.15043987e-06  4.15886882e-06 
 1.30000000e-01  4.83999799e-06  4.85094167e-06 
 1.40000000e-01  5.60814468e-06  5.62207577e-06 
 1.50000000e-01  6.45802319e-06  6.47543849e-06 
 1.60000000e-01  7.39262209e-06  7.41403738e-06 
 1.70000000e-01  8.41486361e-06  8.44081064e-06 
 1.80000000e-01  9.52766702e-06  9.55869261e-06 
 1.90000000e-01  1.07339840e-05  1.07706507e-05 
 2.00000000e-01  1.20368083e-05  1.20796966e-05 
 2.10000000e-01  1.34391665e-05  1.34888768e-05 
 2.20000000e-01  1.49440954e-05  1.50012508e-05 
 2.30000000e-01  1.65546144e-05  1.66198627e-05 
 2.40000000e-01  1.82736955e-05  1.83477112e-05 
 2.50000000e-01  2.01042362e-05  2.01877212e-05 
 2.60000000e-01  2.20490356e-05  2.21427203e-05 
 2.70000000e-01  2.41107757e-05  2.42154185e-05 
 2.80000000e-01  2.62920070e-05  2.64083944e-05 
 2.90000000e-01  2.85951389e-05  2.87240842e-05 
 3.00000000e-01  3.10224327e-05  3.11647753e-05 
 3.10000000e-01  3.35759996e-05  3.37326036e-05 
 3.20000000e-01  3.62577992e-05  3.64295519e-05 
 3.30000000e-01  3.90696411e-05  3.92574517e-05 
 3.40000000e-01  4.20131877e-05  4.22179855e-05 
 3.50000000e-01  4.50899576e-05  4.53126906e-05 
 3.60000000e-01  4.83013302e-05  4.85429634e-05 
 3.70000000e-01  5.16485504e-05  5.19100644e-05 
 3.80000000e-01  5.51327339e-05  5.54151230e-05 
 3.90000000e-01  5.87548722e-05  5.90591435e-05 
 4.00000000e-01  6.25158379e-05  6.28430094e-05 
 4.10000000e-01  6.64163900e-05  6.67674895e-05 
 4.20000000e-01  7.04571790e-05  7.08332425e-05 
 4.30000000e-01  7.46387514e-05  7.50408222e-05 
 4.40000000e-01  7.89615552e-05  7.93906822e-05 
 4.50000000e-01  8.34259435e-05  8.38831808e-05 
 4.60000000e-01  8.80321798e-05  8.85185847e-05 
 4.70000000e-01  9.27804414e-05  9.32970742e-05 
 4.80000000e-01  9.76708240e-05  9.82187462e-05 
 4.90000000e-01  1.02703345e-04  1.03283619e-04 
 5.00000000e-01  1.07877947e-04  1.08491634e-04 
 5.10000000e-01  1.13194501e-04  1.13842664e-04 
 5.20000000e-01  1.18652812e-04  1.19336508e-04 
 5.30000000e-01  1.24252618e-04  1.24972903e-04 
 5.40000000e-01  1.29993595e-04  1.30751522e-04 
 5.50000000e-01  1.35875361e-04  1.36671978e-04 
 5.60000000e-01  1.41897477e-04  1.42733827e-04 
 5.70000000e-01  1.48059448e-04  1.48936570e-04 
 5.80000000e-01  1.54360729e-04  1.55279653e-04 
 5.90000000e-01  1.60800725e-04  1.61762476e-04 
 6.00000000e-01  1.67378792e-04  1.68384387e-04 
 6.10000000e-01  1.74094241e-04  1.75144689e-04 
 6.20000000e-01  1.80946339e-04  1.82042642e-04 
 6.30000000e-01  1.87934312e-04  1.89077461e-04 
 6.40000000e-01  1.95057344e-04  1.96248322e-04 
 6.50000000e-01  2.02314581e-04  2.03554359e-04 
 6.60000000e-01  2.09705131e-04  2.10994672e-04 
 6.70000000e-01  2.17228066e-04  2.18568321e-04 
 6.80000000e-01  2.24882425e-04  2.26274333e-04 
 6.90000000e-01  2.32667210e-04  2.34111702e-04 
 7.00000000e-01  2.40581394e-04  2.42079385e-04 
 7.10000000e-01  2.48623918e-04  2.50176314e-04 
 7.20000000e-01  2.56793693e-04  2.58401385e-04 
 7.30000000e-01  2.65089601e-04  2.66753467e-04 
 7.40000000e-01  2.73510494e-04  2.75231402e-04 
 7.50000000e-01  2.82055200e-04  2.83834001e-04 
 7.60000000e-01  2.90722519e-04  2.92560052e-04 
 7.70000000e-01  2.99511225e-04  3.01408315e-04 
 7.80000000e-01  3.08420068e-04  3.10377525e-04 
 7.90000000e-01  3.17447773e-04  3.19466393e-04 
 8.00000000e-01  3.26593043e-04  3.28673607e-04 
 8.10000000e-01  3.35854556e-04  3.37997831e-04 
 8.20000000e-01  3.45230969e-04  3.47437706e-04 
 8.30000000e-01  3.54720918e-04  3.56991853e-04 
 8.40000000e-01  3.64323017e-04  3.66658871e-04 
 8.50000000e-01  3.74035858e-04  3.76437335e-04 
 8.60000000e-01  3.83858014e-04  3.86325805e-04 
 8.70000000e-01  3.93788040e-04  3.96322817e-04 
 8.80000000e-01  4.03824467e-04  4.06426888e-04 
 8.90000000e-01  4.13965812e-04  4.16636517e-04 
 9.00000000e-01  4.24210569e-04  4.26950184e-04 
 9.10000000e-01  4.34557216e-04  4.37366349e-04 
 9.20000000e-01  4.45004213e-04  4.47883456e-04 
 9.30000000e-01  4.55550001e-04  4.58499931e-04 
 9.40000000e-01  4.66193004e-04  4.69214179e-04 
 9.50000000e-01  4.76931629e-04  4.80024593e-04 
 9.60000000e-01  4.87764267e-04  4.90929544e-04 
 9.70000000e-01  4.98689291e-04  5.01927391e-04 
 9.80000000e-01  5.09705058e-04  5.13016473e-04 
 9.90000000e-01  5.20809908e-04  5.24195115e-04 
 1.00000000e+00  5.32002167e-04  5.35461624e-04 
 1.01000000e+00  5.43280143e-04  5.46814293e-04 
 1.02000000e+00  5.54642130e-04  5.58251399e-04 
 1.03000000e+00  5.66086407e-04  5.69771204e-04 
 1.04000000e+00  5.77611237e-04  5.81371955e-04 
 1.05000000e+00  5.89214869e-04  5.93051883e-04 
 1.06000000e+00  6.00895537e-04  6.04809208e-04 
 1.07000000e+00  6.12651460e-04  6.16642131e-04 
 1.08000000e+00  6.24480844e-04  6.28548843e-04 
 1.09000000e+00  6.36381883e-04  6.40527520e-04 
 1.10000000e+00  6.48352753e-04  6.52576324e-04 
 1.11000000e+00  6.60391621e-04  6.64693406e-04 
 1.12000000e+00  6.72496640e-04  6.76876902e-04 
 1.13000000e+00  6.84665950e-04  6.89124937e-04 
 1.14000000e+00  6.96897678e-04  7.01435624e-04 
 1.15000000e+00  7.09189941e-04  7.13807063e-04 
 1.16000000e+00  7.21540845e-04  7.26237345e-04 
 1.17000000e+00  7.33948482e-04  7.38724549e-04 
 1.18000000e+00  7.46410936e-04  7.51266743e-04 
 1.19000000e+00  7.58926281e-04  7.63861987e-04 
 1.20000000e+00  7.71492580e-04  7.76508330e-04 
