 v-sweep         id_narrow       id_wide        
-3.00000000e-01  2.66170505e-12  2.14889266e-11 
-2.90000000e-01  2.75095409e-12  2.31179430e-11 
-2.80000000e-01  2.85629463e-12  2.50675836e-11 
-2.70000000e-01  2.98075327e-12  2.74029908e-11 
-2.60000000e-01  3.12795754e-12  3.02029233e-11 
-2.50000000e-01  3.30225730e-12  3.35626604e-11 
-2.40000000e-01  3.50887163e-12  3.75975367e-11 
-2.30000000e-01  3.75406668e-12  4.24472449e-11 
-2.20000000e-01  4.04537091e-12  4.82810761e-11 
-2.10000000e-01  4.39183584e-12  5.53043044e-11 
-2.00000000e-01  4.80435187e-12  6.37659691e-11 
-1.90000000e-01  5.29603100e-12  7.39683635e-11 
-1.80000000e-01  5.88267093e-12  8.62786089e-11 
-1.70000000e-01  6.58331800e-12  1.01142779e-10 
-1.60000000e-01  7.42095023e-12  1.19103140e-10 
-1.50000000e-01  8.42330674e-12  1.40819202e-10 
-1.40000000e-01  9.62389507e-12  1.67093438e-10 
-1.30000000e-01  1.10632152e-11  1.98902707e-10 
-1.20000000e-01  1.27902478e-11  2.37436663e-10 
-1.10000000e-01  1.48642634e-11  2.84144724e-10 
-1.00000000e-01  1.73570248e-11  3.40793514e-10 
-9.00000000e-02  2.03554664e-11  4.09537149e-10 
-8.00000000e-02  2.39649572e-11  4.93003243e-10 
-7.00000000e-02  2.83132754e-11  5.94398212e-10 
-6.00000000e-02  3.35554509e-11  7.17636197e-10 
-5.00000000e-02  3.98796682e-11  8.67496997e-10 
-4.00000000e-02  4.75144643e-11  1.04981953e-09 
-3.00000000e-02  5.67375076e-11  1.27173894e-09 
-2.00000000e-02  6.78863093e-11  1.54197716e-09 
-1.00000000e-02  8.13712967e-11  1.87119919e-09 
 8.67361738e-17  9.76917728e-11  2.27244989e-09 
 1.00000000e-02  1.17455406e-10  2.76168972e-09 
 2.00000000e-02  1.41402034e-10  3.35845178e-09 
 3.00000000e-02  1.70432748e-10  4.08664779e-09 
 4.00000000e-02  2.05645429e-10  4.97555691e-09 
 5.00000000e-02  2.48378181e-10  6.06103875e-09 
 6.00000000e-02  3.00262420e-10  7.38702150e-09 
 7.00000000e-02  3.63287769e-10  9.00732740e-09 
 8.00000000e-02  4.39881392e-10  1.09879117e-08 
 9.00000000e-02  5.33004976e-10  1.34096081e-08 
 1.00000000e-01  6.46273277e-10  1.63714939e-08 
 1.10000000e-01  7.84098989e-10  1.99950133e-08 
 1.20000000e-01  9.51869760e-10  2.44290255e-08 
 1.30000000e-01  1.15616436e-09  2.98559806e-08 
 1.40000000e-01  1.40501656e-09  3.64994671e-08 
 1.50000000e-01  1.70823695e-09  4.46334221e-08 
 1.60000000e-01  2.07780513e-09  5.45933507e-08 
 1.70000000e-01  2.52834695e-09  6.67899651e-08 
 1.80000000e-01  3.07771444e-09  8.17257159e-08 
 1.90000000e-01  3.74768904e-09  1.00014762e-07 
 2.00000000e-01  4.56483226e-09  1.22406992e-07 
 2.10000000e-01  5.56151134e-09  1.49816760e-07 
 2.20000000e-01  6.77713132e-09  1.83357032e-07 
 2.30000000e-01  8.25960763e-09  2.24379637e-07 
 2.40000000e-01  1.00671157e-08  2.74522197e-07 
 2.50000000e-01  1.22701543e-08  3.35762155e-07 
 2.60000000e-01  1.49539560e-08  4.10477947e-07 
 2.70000000e-01  1.82212708e-08  5.01516820e-07 
 2.80000000e-01  2.21955345e-08  6.12268009e-07 
 2.90000000e-01  2.70244097e-08  7.46738926e-07 
 3.00000000e-01  3.28836517e-08  9.09630693e-07 
 3.10000000e-01  3.99812051e-08  1.10640790e-06 
 3.20000000e-01  4.85613751e-08  1.34335603e-06 
 3.30000000e-01  5.89088467e-08  1.62761892e-06 
 3.40000000e-01  7.13522530e-08  1.96720825e-06 
 3.50000000e-01  8.62669283e-08  2.37097772e-06 
 3.60000000e-01  1.04076445e-07  2.84855652e-06 
 3.70000000e-01  1.25252534e-07  3.41024007e-06 
 3.80000000e-01  1.50313060e-07  4.06683952e-06 
 3.90000000e-01  1.79817825e-07  4.82949606e-06 
 4.00000000e-01  2.14362178e-07  5.70946900e-06 
 4.10000000e-01  2.54568575e-07  6.71790890e-06 
 4.20000000e-01  3.01076445e-07  7.86562780e-06 
 4.30000000e-01  3.54530869e-07  9.16287787e-06 
 4.40000000e-01  4.15570649e-07  1.06191487e-05 
 4.50000000e-01  4.84816402e-07  1.22429911e-05 
 4.60000000e-01  5.62859223e-07  1.40418733e-05 
 4.70000000e-01  6.50250422e-07  1.60220724e-05 
 4.80000000e-01  7.47492671e-07  1.81886025e-05 
 4.90000000e-01  8.55032821e-07  2.05451780e-05 
 5.00000000e-01  9.73256448e-07  2.30942090e-05 
 5.10000000e-01  1.10248416e-06  2.58368262e-05 
 5.20000000e-01  1.24296955e-06  2.87729297e-05 
 5.30000000e-01  1.39489864e-06  3.19012585e-05 
 5.40000000e-01  1.55839073e-06  3.52194755e-05 
 5.50000000e-01  1.73350029e-06  3.87242651e-05 
 5.60000000e-01  1.92021997e-06  4.24114376e-05 
 5.70000000e-01  2.11848427e-06  4.62760391e-05 
 5.80000000e-01  2.32817392e-06  5.03124609e-05 
 5.90000000e-01  2.54912059e-06  5.45145473e-05 
 6.00000000e-01  2.78111196e-06  5.88756995e-05 
 6.10000000e-01  3.02389683e-06  6.33889722e-05 
 6.20000000e-01  3.27719021e-06  6.80471632e-05 
 6.30000000e-01  3.54067827e-06  7.28428954e-05 
 6.40000000e-01  3.81402310e-06  7.77686887e-05 
 6.50000000e-01  4.09686716e-06  8.28170251e-05 
 6.60000000e-01  4.38883737e-06  8.79804042e-05 
 6.70000000e-01  4.68954897e-06  9.32513919e-05 
 6.80000000e-01  4.99860885e-06  9.86226607e-05 
 6.90000000e-01  5.31561874e-06  1.04087024e-04 
 7.00000000e-01  5.64017786e-06  1.09637467e-04 
 7.10000000e-01  5.97188541e-06  1.15267163e-04 
 7.20000000e-01  6.31034265e-06  1.20969500e-04 
 7.30000000e-01  6.65515475e-06  1.26738086e-04 
 7.40000000e-01  7.00593237e-06  1.32566767e-04 
 7.50000000e-01  7.36229300e-06  1.38449628e-04 
 7.60000000e-01  7.72386210e-06  1.44380997e-04 
 7.70000000e-01  8.09027403e-06  1.50355451e-04 
 7.80000000e-01  8.46117279e-06  1.56367811e-04 
 7.90000000e-01  8.83621265e-06  1.62413141e-04 
 8.00000000e-01  9.21505858e-06  1.68486743e-04 
 8.10000000e-01  9.59738662e-06  1.74584154e-04 
 8.20000000e-01  9.98288404e-06  1.80701139e-04 
 8.30000000e-01  1.03712495e-05  1.86833682e-04 
 8.40000000e-01  1.07621931e-05  1.92977981e-04 
 8.50000000e-01  1.11554362e-05  1.99130438e-04 
 8.60000000e-01  1.15507116e-05  2.05287654e-04 
 8.70000000e-01  1.19477630e-05  2.11446418e-04 
 8.80000000e-01  1.23463451e-05  2.17603698e-04 
 8.90000000e-01  1.27462232e-05  2.23756636e-04 
 9.00000000e-01  1.31471728e-05  2.29902539e-04 
 9.10000000e-01  1.35489798e-05  2.36038870e-04 
 9.20000000e-01  1.39514395e-05  2.42163240e-04 
 9.30000000e-01  1.43543569e-05  2.48273406e-04 
 9.40000000e-01  1.47575460e-05  2.54367255e-04 
 9.50000000e-01  1.51608297e-05  2.60442808e-04 
 9.60000000e-01  1.55640391e-05  2.66498205e-04 
 9.70000000e-01  1.59670138e-05  2.72531702e-04 
 9.80000000e-01  1.63696013e-05  2.78541670e-04 
 9.90000000e-01  1.67716562e-05  2.84526580e-04 
 1.00000000e+00  1.71730410e-05  2.90485005e-04 
 1.01000000e+00  1.75736247e-05  2.96415615e-04 
 1.02000000e+00  1.79732832e-05  3.02317167e-04 
 1.03000000e+00  1.83718990e-05  3.08188506e-04 
 1.04000000e+00  1.87693607e-05  3.14028557e-04 
 1.05000000e+00  1.91655627e-05  3.19836325e-04 
 1.06000000e+00  1.95604053e-05  3.25610885e-04 
 1.07000000e+00  1.99537943e-05  3.31351383e-04 
 1.08000000e+00  2.03456407e-05  3.37057033e-04 
 1.09000000e+00  2.07358605e-05  3.42727110e-04 
 1.10000000e+00  2.11243746e-05  3.48360948e-04 
 1.11000000e+00  2.15111086e-05  3.53957938e-04 
 1.12000000e+00  2.18959925e-05  3.59517526e-04 
 1.13000000e+00  2.22789604e-05  3.65039207e-04 
 1.14000000e+00  2.26599508e-05  3.70522524e-04 
 1.15000000e+00  2.30389058e-05  3.75967065e-04 
 1.16000000e+00  2.34157715e-05  3.81372463e-04 
 1.17000000e+00  2.37904972e-05  3.86738391e-04 
 1.18000000e+00  2.41630361e-05  3.92064560e-04 
 1.19000000e+00  2.45333442e-05  3.97350716e-04 
 1.20000000e+00  2.49013810e-05  4.02596643e-04 
