 v-sweep         id_hv           id_lv          
-3.00000000e-01  4.73276560e-14  4.93585778e-12 
-2.90000000e-01  6.39012943e-14  5.79909091e-12 
-2.80000000e-01  8.40912475e-14  6.87806882e-12 
-2.70000000e-01  1.08378433e-13  8.22371508e-12 
-2.60000000e-01  1.37362960e-13  9.89934923e-12 
-2.50000000e-01  1.71793153e-13  1.19837391e-11 
-2.40000000e-01  2.12596679e-13  1.45749134e-11 
-2.30000000e-01  2.60916248e-13  1.77949262e-11 
-2.20000000e-01  3.18152372e-13  2.17958127e-11 
-2.10000000e-01  3.86015706e-13  2.67670381e-11 
-2.00000000e-01  4.66591638e-13  3.29448157e-11 
-1.90000000e-01  5.62420166e-13  4.06237694e-11 
-1.80000000e-01  6.76594758e-13  5.01715348e-11 
-1.70000000e-01  8.12884598e-13  6.20470447e-11 
-1.60000000e-01  9.75885720e-13  7.68234388e-11 
-1.50000000e-01  1.17120788e-12  9.52167744e-11 
-1.40000000e-01  1.40570566e-12  1.18122019e-10 
-1.30000000e-01  1.68776431e-12  1.46658184e-10 
-1.20000000e-01  2.02765377e-12  1.82224947e-10 
-1.10000000e-01  2.43796712e-12  2.26573686e-10 
-1.00000000e-01  2.93416421e-12  2.81896649e-10 
-9.00000000e-02  3.53524616e-12  3.50938896e-10 
-8.00000000e-02  4.26459298e-12  4.37138877e-10 
-7.00000000e-02  5.15100440e-12  5.44805012e-10 
-6.00000000e-02  6.22999449e-12  6.79337559e-10 
-5.00000000e-02  7.54540300e-12  8.47507434e-10 
-4.00000000e-02  9.15140248e-12  1.05780669e-09 
-3.00000000e-02  1.11150004e-11  1.32088918e-09 
-2.00000000e-02  1.35191607e-11  1.65012466e-09 
-1.00000000e-02  1.64667002e-11  2.06229572e-09 
 8.67361738e-17  2.00851573e-11  2.57847447e-09 
 1.00000000e-02  2.45328777e-11  3.22512537e-09 
 2.00000000e-02  3.00066283e-11  4.03549284e-09 
 3.00000000e-02  3.67511285e-11  5.05134702e-09 
 4.00000000e-02  4.50709893e-11  6.32518022e-09 
 5.00000000e-02  5.53456787e-11  7.92297006e-09 
 6.00000000e-02  6.80482911e-11  9.92765492e-09 
 7.00000000e-02  8.37691026e-11  1.24435040e-08 
 8.00000000e-02  1.03245149e-10  1.56016102e-08 
 9.00000000e-02  1.27397388e-10  1.95667892e-08 
 1.00000000e-01  1.57377418e-10  2.45462396e-08 
 1.10000000e-01  1.94626234e-10  3.08003998e-08 
 1.20000000e-01  2.40948175e-10  3.86565417e-08 
 1.30000000e-01  2.98604019e-10  4.85257585e-08 
 1.40000000e-01  3.70428250e-10  6.09241438e-08 
 1.50000000e-01  4.59976831e-10  7.64991168e-08 
 1.60000000e-01  5.71713506e-10  9.60620153e-08 
 1.70000000e-01  7.11244738e-10  1.20628250e-07 
 1.80000000e-01  8.85616104e-10  1.51466459e-07 
 1.90000000e-01  1.10368631e-09  1.90158196e-07 
 2.00000000e-01  1.37659923e-09  2.38669658e-07 
 2.10000000e-01  1.71837979e-09  2.99436760e-07 
 2.20000000e-01  2.14668615e-09  3.75464318e-07 
 2.30000000e-01  2.68375908e-09  4.70439196e-07 
 2.40000000e-01  3.35762006e-09  5.88855707e-07 
 2.50000000e-01  4.20358238e-09  7.36149406e-07 
 2.60000000e-01  5.26615602e-09  9.18832528e-07 
 2.70000000e-01  6.60144637e-09  1.14462106e-06 
 2.80000000e-01  8.28017094e-09  1.42254016e-06 
 2.90000000e-01  1.03914463e-08  1.76299225e-06 
 3.00000000e-01  1.30475310e-08  2.17777182e-06 
 3.10000000e-01  1.63897455e-08  2.68001314e-06 
 3.20000000e-01  2.05958340e-08  3.28406279e-06 
 3.30000000e-01  2.58890670e-08  4.00527656e-06 
 3.40000000e-01  3.25494209e-08  4.85974914e-06 
 3.50000000e-01  4.09271872e-08  5.86399204e-06 
 3.60000000e-01  5.14593478e-08  7.03457998e-06 
 3.70000000e-01  6.46889883e-08  8.38778701e-06 
 3.80000000e-01  8.12878690e-08  9.93923233e-06 
 3.90000000e-01  1.02082005e-07  1.17035526e-05 
 4.00000000e-01  1.28079682e-07  1.36941134e-05 
 4.10000000e-01  1.60500721e-07  1.59227684e-05 
 4.20000000e-01  2.00805044e-07  1.83996707e-05 
 4.30000000e-01  2.50717686e-07  2.11331368e-05 
 4.40000000e-01  3.12246576e-07  2.41295616e-05 
 4.50000000e-01  3.87688879e-07  2.73933803e-05 
 4.60000000e-01  4.79621721e-07  3.09270741e-05 
 4.70000000e-01  5.90874039e-07  3.47312142e-05 
 4.80000000e-01  7.24478053e-07  3.88045407e-05 
 4.90000000e-01  8.83601335e-07  4.31440700e-05 
 5.00000000e-01  1.07146305e-06  4.77452272e-05 
 5.10000000e-01  1.29124006e-06  5.26019953e-05 
 5.20000000e-01  1.54596993e-06  5.77070760e-05 
 5.30000000e-01  1.83845764e-06  6.30520567e-05 
 5.40000000e-01  2.17119256e-06  6.86275775e-05 
 5.50000000e-01  2.54628027e-06  7.44234937e-05 
 5.60000000e-01  2.96539264e-06  8.04290319e-05 
 5.70000000e-01  3.42973789e-06  8.66329351e-05 
 5.80000000e-01  3.94005079e-06  9.30235972e-05 
 5.90000000e-01  4.49660189e-06  9.95891855e-05 
 6.00000000e-01  5.09922347e-06  1.06317750e-04 
 6.10000000e-01  5.74734865e-06  1.13197319e-04 
 6.20000000e-01  6.44005990e-06  1.20215987e-04 
 6.30000000e-01  7.17614282e-06  1.27361989e-04 
 6.40000000e-01  7.95414134e-06  1.34623757e-04 
 6.50000000e-01  8.77241126e-06  1.41989982e-04 
 6.60000000e-01  9.62917002e-06  1.49449652e-04 
 6.70000000e-01  1.05225410e-05  1.56992091e-04 
 6.80000000e-01  1.14505918e-05  1.64606988e-04 
 6.90000000e-01  1.24113667e-05  1.72284414e-04 
 7.00000000e-01  1.34029130e-05  1.80014845e-04 
 7.10000000e-01  1.44233025e-05  1.87789169e-04 
 7.20000000e-01  1.54706477e-05  1.95598695e-04 
 7.30000000e-01  1.65431147e-05  2.03435152e-04 
 7.40000000e-01  1.76389327e-05  2.11290692e-04 
 7.50000000e-01  1.87564001e-05  2.19157885e-04 
 7.60000000e-01  1.98938894e-05  2.27029714e-04 
 7.70000000e-01  2.10498489e-05  2.34899567e-04 
 7.80000000e-01  2.22228044e-05  2.42761224e-04 
 7.90000000e-01  2.34113590e-05  2.50608854e-04 
 8.00000000e-01  2.46141914e-05  2.58436995e-04 
 8.10000000e-01  2.58300552e-05  2.66240546e-04 
 8.20000000e-01  2.70577759e-05  2.74014752e-04 
 8.30000000e-01  2.82962486e-05  2.81755194e-04 
 8.40000000e-01  2.95444353e-05  2.89457767e-04 
 8.50000000e-01  3.08013616e-05  2.97118677e-04 
 8.60000000e-01  3.20661138e-05  3.04734416e-04 
 8.70000000e-01  3.33378357e-05  3.12301758e-04 
 8.80000000e-01  3.46157258e-05  3.19817737e-04 
 8.90000000e-01  3.58990337e-05  3.27279639e-04 
 9.00000000e-01  3.71870576e-05  3.34684989e-04 
 9.10000000e-01  3.84791412e-05  3.42031533e-04 
 9.20000000e-01  3.97746711e-05  3.49317233e-04 
 9.30000000e-01  4.10730739e-05  3.56540248e-04 
 9.40000000e-01  4.23738141e-05  3.63698927e-04 
 9.50000000e-01  4.36763911e-05  3.70791798e-04 
 9.60000000e-01  4.49803376e-05  3.77817554e-04 
 9.70000000e-01  4.62852171e-05  3.84775046e-04 
 9.80000000e-01  4.75906220e-05  3.91663272e-04 
 9.90000000e-01  4.88961715e-05  3.98481367e-04 
 1.00000000e+00  5.02015103e-05  4.05228597e-04 
 1.01000000e+00  5.15063065e-05  4.11904347e-04 
 1.02000000e+00  5.28102503e-05  4.18508115e-04 
 1.03000000e+00  5.41130523e-05  4.25039506e-04 
 1.04000000e+00  5.54144424e-05  4.31498219e-04 
 1.05000000e+00  5.67141686e-05  4.37884048e-04 
 1.06000000e+00  5.80119955e-05  4.44196870e-04 
 1.07000000e+00  5.93077034e-05  4.50436640e-04 
 1.08000000e+00  6.06010873e-05  4.56603388e-04 
 1.09000000e+00  6.18919558e-05  4.62697209e-04 
 1.10000000e+00  6.31801303e-05  4.68718262e-04 
 1.11000000e+00  6.44654443e-05  4.74666765e-04 
 1.12000000e+00  6.57477423e-05  4.80542985e-04 
 1.13000000e+00  6.70268795e-05  4.86347242e-04 
 1.14000000e+00  6.83027207e-05  4.92079899e-04 
 1.15000000e+00  6.95751400e-05  4.97741360e-04 
 1.16000000e+00  7.08440200e-05  5.03332067e-04 
 1.17000000e+00  7.21092514e-05  5.08852496e-04 
 1.18000000e+00  7.33707325e-05  5.14303156e-04 
 1.19000000e+00  7.46283685e-05  5.19684581e-04 
 1.20000000e+00  7.58820713e-05  5.24997335e-04 
 1.21000000e+00  7.71317591e-05  5.30242000e-04 
 1.22000000e+00  7.83773558e-05  5.35419183e-04 
 1.23000000e+00  7.96187909e-05  5.40529508e-04 
 1.24000000e+00  8.08559990e-05  5.45573615e-04 
 1.25000000e+00  8.20889193e-05  5.50552158e-04 
 1.26000000e+00  8.33174959e-05  5.55465807e-04 
 1.27000000e+00  8.45416768e-05  5.60315238e-04 
 1.28000000e+00  8.57614143e-05  5.65101141e-04 
 1.29000000e+00  8.69766643e-05  5.69824212e-04 
 1.30000000e+00  8.81873861e-05  5.74485154e-04 
 1.31000000e+00  8.93935426e-05  5.79084675e-04 
 1.32000000e+00  9.05950997e-05  5.83623487e-04 
 1.33000000e+00  9.17920261e-05  5.88102307e-04 
 1.34000000e+00  9.29842936e-05  5.92521853e-04 
 1.35000000e+00  9.41718763e-05  5.96882844e-04 
 1.36000000e+00  9.53547510e-05  6.01185999e-04 
 1.37000000e+00  9.65328965e-05  6.05432039e-04 
 1.38000000e+00  9.77062940e-05  6.09621681e-04 
 1.39000000e+00  9.88749268e-05  6.13755641e-04 
 1.40000000e+00  1.00038780e-04  6.17834635e-04 
 1.41000000e+00  1.01197841e-04  6.21859373e-04 
 1.42000000e+00  1.02352097e-04  6.25830562e-04 
 1.43000000e+00  1.03501540e-04  6.29748907e-04 
 1.44000000e+00  1.04646162e-04  6.33615106e-04 
 1.45000000e+00  1.05785954e-04  6.37429855e-04 
 1.46000000e+00  1.06920913e-04  6.41193842e-04 
 1.47000000e+00  1.08051035e-04  6.44907752e-04 
 1.48000000e+00  1.09176315e-04  6.48572262e-04 
 1.49000000e+00  1.10296753e-04  6.52188046e-04 
 1.50000000e+00  1.11412347e-04  6.55755768e-04 
 1.51000000e+00  1.12523099e-04  6.59276089e-04 
 1.52000000e+00  1.13629010e-04  6.62749660e-04 
 1.53000000e+00  1.14730081e-04  6.66177128e-04 
 1.54000000e+00  1.15826317e-04  6.69559132e-04 
 1.55000000e+00  1.16917720e-04  6.72896304e-04 
 1.56000000e+00  1.18004296e-04  6.76189267e-04 
 1.57000000e+00  1.19086049e-04  6.79438640e-04 
 1.58000000e+00  1.20162987e-04  6.82645033e-04 
 1.59000000e+00  1.21235115e-04  6.85809047e-04 
 1.60000000e+00  1.22302441e-04  6.88931279e-04 
 1.61000000e+00  1.23364973e-04  6.92012314e-04 
 1.62000000e+00  1.24422719e-04  6.95052734e-04 
 1.63000000e+00  1.25475688e-04  6.98053111e-04 
 1.64000000e+00  1.26523890e-04  7.01014009e-04 
 1.65000000e+00  1.27567334e-04  7.03935986e-04 
 1.66000000e+00  1.28606030e-04  7.06819591e-04 
 1.67000000e+00  1.29639990e-04  7.09665366e-04 
 1.68000000e+00  1.30669224e-04  7.12473847e-04 
 1.69000000e+00  1.31693743e-04  7.15245559e-04 
 1.70000000e+00  1.32713560e-04  7.17981023e-04 
 1.71000000e+00  1.33728686e-04  7.20680751e-04 
 1.72000000e+00  1.34739133e-04  7.23345248e-04 
 1.73000000e+00  1.35744915e-04  7.25975012e-04 
 1.74000000e+00  1.36746043e-04  7.28570532e-04 
 1.75000000e+00  1.37742532e-04  7.31132292e-04 
 1.76000000e+00  1.38734394e-04  7.33660768e-04 
 1.77000000e+00  1.39721642e-04  7.36156430e-04 
 1.78000000e+00  1.40704291e-04  7.38619738e-04 
 1.79000000e+00  1.41682355e-04  7.41051149e-04 
 1.80000000e+00  1.42655847e-04  7.43451111e-04 
 1.81000000e+00  1.43624781e-04  7.45820064e-04 
 1.82000000e+00  1.44589173e-04  7.48158444e-04 
 1.83000000e+00  1.45549035e-04  7.50466680e-04 
 1.84000000e+00  1.46504384e-04  7.52745192e-04 
 1.85000000e+00  1.47455233e-04  7.54994396e-04 
 1.86000000e+00  1.48401599e-04  7.57214701e-04 
 1.87000000e+00  1.49343494e-04  7.59406510e-04 
 1.88000000e+00  1.50280935e-04  7.61570219e-04 
 1.89000000e+00  1.51213937e-04  7.63706218e-04 
 1.90000000e+00  1.52142514e-04  7.65814892e-04 
 1.91000000e+00  1.53066683e-04  7.67896619e-04 
 1.92000000e+00  1.53986457e-04  7.69951771e-04 
 1.93000000e+00  1.54901854e-04  7.71980715e-04 
 1.94000000e+00  1.55812887e-04  7.73983812e-04 
 1.95000000e+00  1.56719573e-04  7.75961417e-04 
 1.96000000e+00  1.57621927e-04  7.77913881e-04 
 1.97000000e+00  1.58519965e-04  7.79841548e-04 
 1.98000000e+00  1.59413702e-04  7.81744756e-04 
 1.99000000e+00  1.60303153e-04  7.83623839e-04 
 2.00000000e+00  1.61188335e-04  7.85479127e-04 
 2.01000000e+00  1.62069262e-04  7.87310941e-04 
 2.02000000e+00  1.62945951e-04  7.89119602e-04 
 2.03000000e+00  1.63818417e-04  7.90905422e-04 
 2.04000000e+00  1.64686675e-04  7.92668709e-04 
 2.05000000e+00  1.65550742e-04  7.94409767e-04 
 2.06000000e+00  1.66410633e-04  7.96128896e-04 
 2.07000000e+00  1.67266363e-04  7.97826390e-04 
 2.08000000e+00  1.68117949e-04  7.99502538e-04 
 2.09000000e+00  1.68965405e-04  8.01157625e-04 
 2.10000000e+00  1.69808747e-04  8.02791933e-04 
 2.11000000e+00  1.70647991e-04  8.04405738e-04 
 2.12000000e+00  1.71483152e-04  8.05999312e-04 
 2.13000000e+00  1.72314246e-04  8.07572922e-04 
 2.14000000e+00  1.73141288e-04  8.09126834e-04 
 2.15000000e+00  1.73964294e-04  8.10661305e-04 
 2.16000000e+00  1.74783279e-04  8.12176592e-04 
 2.17000000e+00  1.75598259e-04  8.13672948e-04 
 2.18000000e+00  1.76409248e-04  8.15150618e-04 
 2.19000000e+00  1.77216263e-04  8.16609849e-04 
 2.20000000e+00  1.78019318e-04  8.18050879e-04 
 2.21000000e+00  1.78818429e-04  8.19473945e-04 
 2.22000000e+00  1.79613610e-04  8.20879281e-04 
 2.23000000e+00  1.80404878e-04  8.22267115e-04 
 2.24000000e+00  1.81192247e-04  8.23637674e-04 
 2.25000000e+00  1.81975732e-04  8.24991180e-04 
 2.26000000e+00  1.82755349e-04  8.26327852e-04 
 2.27000000e+00  1.83531111e-04  8.27647905e-04 
 2.28000000e+00  1.84303035e-04  8.28951553e-04 
 2.29000000e+00  1.85071135e-04  8.30239004e-04 
 2.30000000e+00  1.85835427e-04  8.31510464e-04 
 2.31000000e+00  1.86595924e-04  8.32766137e-04 
 2.32000000e+00  1.87352641e-04  8.34006221e-04 
 2.33000000e+00  1.88105594e-04  8.35230915e-04 
 2.34000000e+00  1.88854797e-04  8.36440411e-04 
 2.35000000e+00  1.89600264e-04  8.37634901e-04 
 2.36000000e+00  1.90342011e-04  8.38814572e-04 
 2.37000000e+00  1.91080051e-04  8.39979611e-04 
 2.38000000e+00  1.91814399e-04  8.41130200e-04 
 2.39000000e+00  1.92545069e-04  8.42266518e-04 
 2.40000000e+00  1.93272077e-04  8.43388743e-04 
 2.41000000e+00  1.93995435e-04  8.44497048e-04 
 2.42000000e+00  1.94715159e-04  8.45591607e-04 
 2.43000000e+00  1.95431263e-04  8.46672589e-04 
 2.44000000e+00  1.96143760e-04  8.47740159e-04 
 2.45000000e+00  1.96852665e-04  8.48794484e-04 
 2.46000000e+00  1.97557991e-04  8.49835725e-04 
 2.47000000e+00  1.98259754e-04  8.50864041e-04 
 2.48000000e+00  1.98957966e-04  8.51879590e-04 
 2.49000000e+00  1.99654408e-04  8.52888807e-04 
 2.50000000e+00  2.00345554e-04  8.53879209e-04 
 2.51000000e+00  2.01033191e-04  8.54857303e-04 
 2.52000000e+00  2.01717333e-04  8.55823238e-04 
 2.53000000e+00  2.02397994e-04  8.56777160e-04 
 2.54000000e+00  2.03075187e-04  8.57719213e-04 
 2.55000000e+00  2.03748925e-04  8.58649539e-04 
 2.56000000e+00  2.04419223e-04  8.59568279e-04 
 2.57000000e+00  2.05086093e-04  8.60475570e-04 
 2.58000000e+00  2.05749549e-04  8.61371548e-04 
 2.59000000e+00  2.06409604e-04  8.62256348e-04 
 2.60000000e+00  2.07066271e-04  8.63130102e-04 
 2.61000000e+00  2.07719565e-04  8.63992939e-04 
 2.62000000e+00  2.08369497e-04  8.64844989e-04 
 2.63000000e+00  2.09016081e-04  8.65686379e-04 
 2.64000000e+00  2.09659330e-04  8.66517232e-04 
 2.65000000e+00  2.10299257e-04  8.67337673e-04 
 2.66000000e+00  2.10935875e-04  8.68147822e-04 
 2.67000000e+00  2.11569196e-04  8.68947800e-04 
 2.68000000e+00  2.12199234e-04  8.69737724e-04 
 2.69000000e+00  2.12826002e-04  8.70517712e-04 
 2.70000000e+00  2.13449511e-04  8.71287877e-04 
 2.71000000e+00  2.14069776e-04  8.72048333e-04 
 2.72000000e+00  2.14686807e-04  8.72799191e-04 
 2.73000000e+00  2.15300619e-04  8.73540562e-04 
 2.74000000e+00  2.15911223e-04  8.74272555e-04 
 2.75000000e+00  2.16518632e-04  8.74995276e-04 
 2.76000000e+00  2.17122858e-04  8.75708831e-04 
 2.77000000e+00  2.17723914e-04  8.76413325e-04 
 2.78000000e+00  2.18321811e-04  8.77108860e-04 
 2.79000000e+00  2.18916563e-04  8.77795537e-04 
 2.80000000e+00  2.19508181e-04  8.78473457e-04 
 2.81000000e+00  2.20096678e-04  8.79142718e-04 
 2.82000000e+00  2.20682065e-04  8.79803417e-04 
 2.83000000e+00  2.21264355e-04  8.80455651e-04 
 2.84000000e+00  2.21843559e-04  8.81099515e-04 
 2.85000000e+00  2.22419690e-04  8.81735101e-04 
 2.86000000e+00  2.22992760e-04  8.82362503e-04 
 2.87000000e+00  2.23562779e-04  8.82981810e-04 
 2.88000000e+00  2.24129761e-04  8.83593113e-04 
 2.89000000e+00  2.24693717e-04  8.84196501e-04 
 2.90000000e+00  2.25254658e-04  8.84792061e-04 
 2.91000000e+00  2.25812596e-04  8.85379879e-04 
 2.92000000e+00  2.26367543e-04  8.85960040e-04 
 2.93000000e+00  2.26919510e-04  8.86532628e-04 
 2.94000000e+00  2.27468509e-04  8.87097727e-04 
 2.95000000e+00  2.28014551e-04  8.87655418e-04 
 2.96000000e+00  2.28557648e-04  8.88205782e-04 
 2.97000000e+00  2.29097810e-04  8.88748898e-04 
 2.98000000e+00  2.29635050e-04  8.89284845e-04 
 2.99000000e+00  2.30169378e-04  8.89813701e-04 
 3.00000000e+00  2.30700807e-04  8.90335542e-04 
 3.01000000e+00  2.31229346e-04  8.90850444e-04 
 3.02000000e+00  2.31755007e-04  8.91358482e-04 
 3.03000000e+00  2.32277801e-04  8.91859728e-04 
 3.04000000e+00  2.32797739e-04  8.92354257e-04 
 3.05000000e+00  2.33314832e-04  8.92842140e-04 
 3.06000000e+00  2.33829092e-04  8.93323447e-04 
 3.07000000e+00  2.34340528e-04  8.93798249e-04 
 3.08000000e+00  2.34849152e-04  8.94266615e-04 
 3.09000000e+00  2.35354975e-04  8.94728613e-04 
 3.10000000e+00  2.35858007e-04  8.95184311e-04 
 3.11000000e+00  2.36358259e-04  8.95633775e-04 
 3.12000000e+00  2.36855742e-04  8.96077070e-04 
 3.13000000e+00  2.37350466e-04  8.96514262e-04 
 3.14000000e+00  2.37842442e-04  8.96945414e-04 
 3.15000000e+00  2.38331680e-04  8.97370591e-04 
 3.16000000e+00  2.38818192e-04  8.97789853e-04 
 3.17000000e+00  2.39301987e-04  8.98203263e-04 
 3.18000000e+00  2.39783076e-04  8.98610882e-04 
 3.19000000e+00  2.40261469e-04  8.99012770e-04 
 3.20000000e+00  2.40737176e-04  8.99408986e-04 
 3.21000000e+00  2.41210209e-04  8.99799589e-04 
 3.22000000e+00  2.41680576e-04  9.00184636e-04 
 3.23000000e+00  2.42148289e-04  9.00564185e-04 
 3.24000000e+00  2.42613358e-04  9.00938293e-04 
 3.25000000e+00  2.43075791e-04  9.01307015e-04 
 3.26000000e+00  2.43534291e-04  9.01667750e-04 
 3.27000000e+00  2.43991491e-04  9.02025891e-04 
 3.28000000e+00  2.44446087e-04  9.02378810e-04 
 3.29000000e+00  2.44898089e-04  9.02726560e-04 
 3.30000000e+00  2.45347506e-04  9.03069191e-04 
