 v-sweep         id_hv           id_lv          
-3.00000000e-01  5.15583245e-15  1.18101119e-13 
-2.90000000e-01  5.97488726e-15  1.26359985e-13 
-2.80000000e-01  6.97171249e-15  1.37623850e-13 
-2.70000000e-01  8.16862330e-15  1.52654827e-13 
-2.60000000e-01  9.59320020e-15  1.72423486e-13 
-2.50000000e-01  1.12796547e-14  1.98166287e-13 
-2.40000000e-01  1.32702613e-14  2.31458625e-13 
-2.30000000e-01  1.56169354e-14  2.74308341e-13 
-2.20000000e-01  1.83831169e-14  3.29275309e-13 
-2.10000000e-01  2.16460331e-14  3.99624363e-13 
-2.00000000e-01  2.54994689e-14  4.89521239e-13 
-1.90000000e-01  3.00571748e-14  6.04283297e-13 
-1.80000000e-01  3.54570584e-14  7.50700801e-13 
-1.70000000e-01  4.18663705e-14  9.37448897e-13 
-1.60000000e-01  4.94880493e-14  1.17561550e-12 
-1.50000000e-01  5.85685622e-14  1.47937858e-12 
-1.40000000e-01  6.94075425e-14  1.86687534e-12 
-1.30000000e-01  8.23696797e-14  2.36131732e-12 
-1.20000000e-01  9.78993313e-14  2.99242300e-12 
-1.10000000e-01  1.16538587e-13  3.79825709e-12 
-1.00000000e-01  1.38949530e-13  4.82759429e-12 
-9.00000000e-02  1.65941744e-13  6.14295705e-12 
-8.00000000e-02  1.98506283e-13  7.82452139e-12 
-7.00000000e-02  2.37857732e-13  9.97513994e-12 
-6.00000000e-02  2.85486248e-13  1.27268042e-11 
-5.00000000e-02  3.43222028e-13  1.62489604e-11 
-4.00000000e-02  4.13315240e-13  2.07592143e-11 
-3.00000000e-02  4.98535240e-13  2.65371146e-11 
-2.00000000e-02  6.02293711e-13  3.39419067e-11 
-1.00000000e-02  7.28797753e-13  4.34354043e-11 
 8.67361738e-17  8.83240192e-13  5.56114653e-11 
 1.00000000e-02  1.07203647e-12  7.12339865e-11 
 2.00000000e-02  1.30311965e-12  9.12858935e-11 
 3.00000000e-02  1.58630798e-12  1.17032323e-10 
 4.00000000e-02  1.93376337e-12  1.50102128e-10 
 5.00000000e-02  2.36056340e-12  1.92593049e-10 
 6.00000000e-02  2.88541561e-12  2.47207447e-10 
 7.00000000e-02  3.53154999e-12  3.17427526e-10 
 8.00000000e-02  4.32783474e-12  4.07741580e-10 
 9.00000000e-02  5.31017212e-12  5.23936176e-10 
 1.00000000e-01  6.52324558e-12  6.73473571e-10 
 1.10000000e-01  8.02270811e-12  8.65979293e-10 
 1.20000000e-01  9.87792449e-12  1.11387219e-09 
 1.30000000e-01  1.21754098e-11  1.43317863e-09 
 1.40000000e-01  1.50231432e-11  1.84458478e-09 
 1.50000000e-01  1.85559827e-11  2.37479673e-09 
 1.60000000e-01  2.29424661e-11  3.05829852e-09 
 1.70000000e-01  2.83933556e-11  3.93962440e-09 
 1.80000000e-01  3.51723811e-11  5.07629555e-09 
 1.90000000e-01  4.36097527e-11  6.54261454e-09 
 2.00000000e-01  5.41191648e-11  8.43456691e-09 
 2.10000000e-01  6.72192050e-11  1.08761495e-08 
 2.20000000e-01  8.35603197e-11  1.40275358e-08 
 2.30000000e-01  1.03958795e-10  1.80956013e-08 
 2.40000000e-01  1.29439598e-10  2.33474749e-08 
 2.50000000e-01  1.61290403e-10  3.01279562e-08 
 2.60000000e-01  2.01129770e-10  3.88818527e-08 
 2.70000000e-01  2.50993183e-10  5.01825408e-08 
 2.80000000e-01  3.13441705e-10  6.47683470e-08 
 2.90000000e-01  3.91699208e-10  8.35886516e-08 
 3.00000000e-01  4.89825764e-10  1.07861931e-07 
 3.10000000e-01  6.12936780e-10  1.39148194e-07 
 3.20000000e-01  7.67480013e-10  1.79438363e-07 
 3.30000000e-01  9.61585812e-10  2.31262926e-07 
 3.40000000e-01  1.20550999e-09  2.97821457e-07 
 3.50000000e-01  1.51219388e-09  3.83133039e-07 
 3.60000000e-01  1.89797246e-09  4.92204983e-07 
 3.70000000e-01  2.38346970e-09  6.31213230e-07 
 3.80000000e-01  2.99473004e-09  8.07682556e-07 
 3.90000000e-01  3.76464775e-09  1.03064866e-06 
 4.00000000e-01  4.73477115e-09  1.31077884e-06 
 4.10000000e-01  5.95757760e-09  1.66042526e-06 
 4.20000000e-01  7.49933814e-09  2.09358681e-06 
 4.30000000e-01  9.44371760e-09  2.62576398e-06 
 4.40000000e-01  1.18962879e-08  3.27370434e-06 
 4.50000000e-01  1.49901674e-08  4.05505161e-06 
 4.60000000e-01  1.88930380e-08  4.98792392e-06 
 4.70000000e-01  2.38158277e-08  6.09045394e-06 
 4.80000000e-01  3.00233785e-08  7.38032444e-06 
 4.90000000e-01  3.78474337e-08  8.87432913e-06 
 5.00000000e-01  4.77022623e-08  1.05879828e-05 
 5.10000000e-01  6.01031685e-08  1.25351973e-05 
 5.20000000e-01  7.56879829e-08  1.47280337e-05 
 5.30000000e-01  9.52413633e-08  1.71765310e-05 
 5.40000000e-01  1.19721311e-07  1.98886095e-05 
 5.50000000e-01  1.50286710e-07  2.28700388e-05 
 5.60000000e-01  1.88323943e-07  2.61244614e-05 
 5.70000000e-01  2.35469775e-07  2.96534634e-05 
 5.80000000e-01  2.93626922e-07  3.34566809e-05 
 5.90000000e-01  3.64968258e-07  3.75319379e-05 
 6.00000000e-01  4.51925718e-07  4.18754058e-05 
 6.10000000e-01  5.57160950e-07  4.64817779e-05 
 6.20000000e-01  6.83516579e-07  5.13444527e-05 
 6.30000000e-01  8.33949344e-07  5.64557174e-05 
 6.40000000e-01  1.01144890e-06  6.18069280e-05 
 6.50000000e-01  1.21894807e-06  6.73886807e-05 
 6.60000000e-01  1.45923121e-06  7.31909710e-05 
 6.70000000e-01  1.73484765e-06  7.92033410e-05 
 6.80000000e-01  2.04803569e-06  8.54150102e-05 
 6.90000000e-01  2.40066189e-06  9.18149941e-05 
 7.00000000e-01  2.79417829e-06  9.83922074e-05 
 7.10000000e-01  3.22959890e-06  1.05135554e-04 
 7.20000000e-01  3.70749539e-06  1.12034006e-04 
 7.30000000e-01  4.22801051e-06  1.19076669e-04 
 7.40000000e-01  4.79088653e-06  1.26252838e-04 
 7.50000000e-01  5.39550547e-06  1.33552045e-04 
 7.60000000e-01  6.04093691e-06  1.40964095e-04 
 7.70000000e-01  6.72598975e-06  1.48479099e-04 
 7.80000000e-01  7.44926426e-06  1.56087494e-04 
 7.90000000e-01  8.20920163e-06  1.63780061e-04 
 8.00000000e-01  9.00412926e-06  1.71547937e-04 
 8.10000000e-01  9.83230054e-06  1.79382620e-04 
 8.20000000e-01  1.06919287e-05  1.87275976e-04 
 8.30000000e-01  1.15812151e-05  1.95220233e-04 
 8.40000000e-01  1.24983716e-05  2.03207978e-04 
 8.50000000e-01  1.34416390e-05  2.11232154e-04 
 8.60000000e-01  1.44093005e-05  2.19286051e-04 
 8.70000000e-01  1.53996920e-05  2.27363297e-04 
 8.80000000e-01  1.64112097e-05  2.35457845e-04 
 8.90000000e-01  1.74423150e-05  2.43563967e-04 
 9.00000000e-01  1.84915380e-05  2.51676242e-04 
 9.10000000e-01  1.95574784e-05  2.59789542e-04 
 9.20000000e-01  2.06388067e-05  2.67899024e-04 
 9.30000000e-01  2.17342630e-05  2.76000118e-04 
 9.40000000e-01  2.28426564e-05  2.84088515e-04 
 9.50000000e-01  2.39628625e-05  2.92160159e-04 
 9.60000000e-01  2.50938220e-05  3.00211234e-04 
 9.70000000e-01  2.62345375e-05  3.08238155e-04 
 9.80000000e-01  2.73840714e-05  3.16237557e-04 
 9.90000000e-01  2.85415429e-05  3.24206289e-04 
 1.00000000e+00  2.97061252e-05  3.32141400e-04 
 1.01000000e+00  3.08770429e-05  3.40040131e-04 
 1.02000000e+00  3.20535687e-05  3.47899909e-04 
 1.03000000e+00  3.32350214e-05  3.55718337e-04 
 1.04000000e+00  3.44207628e-05  3.63493185e-04 
 1.05000000e+00  3.56101950e-05  3.71222382e-04 
 1.06000000e+00  3.68027586e-05  3.78904008e-04 
 1.07000000e+00  3.79979297e-05  3.86536291e-04 
 1.08000000e+00  3.91952180e-05  3.94117593e-04 
 1.09000000e+00  4.03941648e-05  4.01646408e-04 
 1.10000000e+00  4.15943407e-05  4.09121354e-04 
 1.11000000e+00  4.27953440e-05  4.16541166e-04 
 1.12000000e+00  4.39967987e-05  4.23904691e-04 
 1.13000000e+00  4.51983532e-05  4.31210882e-04 
 1.14000000e+00  4.63996782e-05  4.38458791e-04 
 1.15000000e+00  4.76004658e-05  4.45647566e-04 
 1.16000000e+00  4.88004278e-05  4.52776444e-04 
 1.17000000e+00  4.99992944e-05  4.59844747e-04 
 1.18000000e+00  5.11968134e-05  4.66851878e-04 
 1.19000000e+00  5.23927485e-05  4.73797314e-04 
 1.20000000e+00  5.35868787e-05  4.80680604e-04 
 1.21000000e+00  5.47789971e-05  4.87501365e-04 
 1.22000000e+00  5.59689101e-05  4.94259277e-04 
 1.23000000e+00  5.71564366e-05  5.00954079e-04 
 1.24000000e+00  5.83414070e-05  5.07585569e-04 
 1.25000000e+00  5.95236627e-05  5.14153594e-04 
 1.26000000e+00  6.07030552e-05  5.20658054e-04 
 1.27000000e+00  6.18794456e-05  5.27098895e-04 
 1.28000000e+00  6.30527041e-05  5.33476105e-04 
 1.29000000e+00  6.42227090e-05  5.39789717e-04 
 1.30000000e+00  6.53893468e-05  5.46039799e-04 
 1.31000000e+00  6.65525113e-05  5.52226457e-04 
 1.32000000e+00  6.77121030e-05  5.58349831e-04 
 1.33000000e+00  6.88680292e-05  5.64410091e-04 
 1.34000000e+00  7.00202032e-05  5.70407438e-04 
 1.35000000e+00  7.11685442e-05  5.76342100e-04 
 1.36000000e+00  7.23129765e-05  5.82214332e-04 
 1.37000000e+00  7.34534298e-05  5.88024410e-04 
 1.38000000e+00  7.45898384e-05  5.93772635e-04 
 1.39000000e+00  7.57221411e-05  5.99459327e-04 
 1.40000000e+00  7.68502809e-05  6.05084826e-04 
 1.41000000e+00  7.79742049e-05  6.10649489e-04 
 1.42000000e+00  7.90938639e-05  6.16153689e-04 
 1.43000000e+00  8.02092121e-05  6.21597816e-04 
 1.44000000e+00  8.13202073e-05  6.26982272e-04 
 1.45000000e+00  8.24268103e-05  6.32307471e-04 
 1.46000000e+00  8.35289846e-05  6.37573840e-04 
 1.47000000e+00  8.46266970e-05  6.42781817e-04 
 1.48000000e+00  8.57199164e-05  6.47931848e-04 
 1.49000000e+00  8.68086147e-05  6.53024389e-04 
 1.50000000e+00  8.78927657e-05  6.58059903e-04 
 1.51000000e+00  8.89723458e-05  6.63038861e-04 
 1.52000000e+00  9.00473331e-05  6.67961738e-04 
 1.53000000e+00  9.11177080e-05  6.72829018e-04 
 1.54000000e+00  9.21834526e-05  6.77641188e-04 
 1.55000000e+00  9.32445508e-05  6.82398738e-04 
 1.56000000e+00  9.43009882e-05  6.87102163e-04 
 1.57000000e+00  9.53527521e-05  6.91751961e-04 
 1.58000000e+00  9.63998310e-05  6.96348633e-04 
 1.59000000e+00  9.74422150e-05  7.00892682e-04 
 1.60000000e+00  9.84798955e-05  7.05384610e-04 
 1.61000000e+00  9.95128653e-05  7.09824923e-04 
 1.62000000e+00  1.00541118e-04  7.14214128e-04 
 1.63000000e+00  1.01564649e-04  7.18552729e-04 
 1.64000000e+00  1.02583455e-04  7.22841234e-04 
 1.65000000e+00  1.03597531e-04  7.27080148e-04 
 1.66000000e+00  1.04606877e-04  7.31269975e-04 
 1.67000000e+00  1.05611492e-04  7.35411219e-04 
 1.68000000e+00  1.06611375e-04  7.39504384e-04 
 1.69000000e+00  1.07606526e-04  7.43549971e-04 
 1.70000000e+00  1.08596949e-04  7.47548478e-04 
 1.71000000e+00  1.09582644e-04  7.51500402e-04 
 1.72000000e+00  1.10563615e-04  7.55406240e-04 
 1.73000000e+00  1.11539865e-04  7.59266483e-04 
 1.74000000e+00  1.12511398e-04  7.63081621e-04 
 1.75000000e+00  1.13478219e-04  7.66852142e-04 
 1.76000000e+00  1.14440335e-04  7.70578530e-04 
 1.77000000e+00  1.15397749e-04  7.74261267e-04 
 1.78000000e+00  1.16350470e-04  7.77900829e-04 
 1.79000000e+00  1.17298504e-04  7.81497692e-04 
 1.80000000e+00  1.18241857e-04  7.85052328e-04 
 1.81000000e+00  1.19180539e-04  7.88565203e-04 
 1.82000000e+00  1.20114557e-04  7.92036783e-04 
 1.83000000e+00  1.21043920e-04  7.95467527e-04 
 1.84000000e+00  1.21968637e-04  7.98857892e-04 
 1.85000000e+00  1.22888717e-04  8.02208331e-04 
 1.86000000e+00  1.23804169e-04  8.05519292e-04 
 1.87000000e+00  1.24715005e-04  8.08791221e-04 
 1.88000000e+00  1.25621233e-04  8.12024558e-04 
 1.89000000e+00  1.26522866e-04  8.15219740e-04 
 1.90000000e+00  1.27419912e-04  8.18377200e-04 
 1.91000000e+00  1.28312384e-04  8.21497366e-04 
 1.92000000e+00  1.29200293e-04  8.24580662e-04 
 1.93000000e+00  1.30083651e-04  8.27627510e-04 
 1.94000000e+00  1.30962468e-04  8.30638325e-04 
 1.95000000e+00  1.31836758e-04  8.33613518e-04 
 1.96000000e+00  1.32706532e-04  8.36553497e-04 
 1.97000000e+00  1.33571802e-04  8.39458666e-04 
 1.98000000e+00  1.34432582e-04  8.42329424e-04 
 1.99000000e+00  1.35288883e-04  8.45166165e-04 
 2.00000000e+00  1.36140719e-04  8.47969280e-04 
 2.01000000e+00  1.36988103e-04  8.50739156e-04 
 2.02000000e+00  1.37831047e-04  8.53476175e-04 
 2.03000000e+00  1.38669565e-04  8.56180715e-04 
 2.04000000e+00  1.39503670e-04  8.58853149e-04 
 2.05000000e+00  1.40333376e-04  8.61493848e-04 
 2.06000000e+00  1.41158696e-04  8.64103177e-04 
 2.07000000e+00  1.41979644e-04  8.66681497e-04 
 2.08000000e+00  1.42796233e-04  8.69229166e-04 
 2.09000000e+00  1.43608478e-04  8.71746536e-04 
 2.10000000e+00  1.44416393e-04  8.74233957e-04 
 2.11000000e+00  1.45219990e-04  8.76691775e-04 
 2.12000000e+00  1.46019285e-04  8.79120329e-04 
 2.13000000e+00  1.46814292e-04  8.81519957e-04 
 2.14000000e+00  1.47605024e-04  8.83890992e-04 
 2.15000000e+00  1.48391497e-04  8.86233764e-04 
 2.16000000e+00  1.49173723e-04  8.88548597e-04 
 2.17000000e+00  1.49951718e-04  8.90835813e-04 
 2.18000000e+00  1.50725496e-04  8.93095730e-04 
 2.19000000e+00  1.51495072e-04  8.95328662e-04 
 2.20000000e+00  1.52260459e-04  8.97534918e-04 
 2.21000000e+00  1.53021672e-04  8.99714805e-04 
 2.22000000e+00  1.53778726e-04  9.01868625e-04 
 2.23000000e+00  1.54531636e-04  9.03996677e-04 
 2.24000000e+00  1.55280415e-04  9.06099258e-04 
 2.25000000e+00  1.56025079e-04  9.08176658e-04 
 2.26000000e+00  1.56765641e-04  9.10229165e-04 
 2.27000000e+00  1.57502118e-04  9.12257065e-04 
 2.28000000e+00  1.58234522e-04  9.14260638e-04 
 2.29000000e+00  1.58962870e-04  9.16240163e-04 
 2.30000000e+00  1.59687174e-04  9.18195913e-04 
 2.31000000e+00  1.60407451e-04  9.20128160e-04 
 2.32000000e+00  1.61123715e-04  9.22037171e-04 
 2.33000000e+00  1.61835980e-04  9.23923210e-04 
 2.34000000e+00  1.62544261e-04  9.25786540e-04 
 2.35000000e+00  1.63248573e-04  9.27627416e-04 
 2.36000000e+00  1.63948930e-04  9.29446095e-04 
 2.37000000e+00  1.64645346e-04  9.31242827e-04 
 2.38000000e+00  1.65337837e-04  9.33017862e-04 
 2.39000000e+00  1.66026418e-04  9.34771444e-04 
 2.40000000e+00  1.66711101e-04  9.36503816e-04 
 2.41000000e+00  1.67391903e-04  9.38215216e-04 
 2.42000000e+00  1.68068838e-04  9.39905882e-04 
 2.43000000e+00  1.68741920e-04  9.41576047e-04 
 2.44000000e+00  1.69411164e-04  9.43225941e-04 
 2.45000000e+00  1.70076584e-04  9.44855792e-04 
 2.46000000e+00  1.70738195e-04  9.46465825e-04 
 2.47000000e+00  1.71396011e-04  9.48056261e-04 
 2.48000000e+00  1.72050046e-04  9.49627320e-04 
 2.49000000e+00  1.72700316e-04  9.51179218e-04 
 2.50000000e+00  1.73346835e-04  9.52712170e-04 
 2.51000000e+00  1.73989616e-04  9.54226387e-04 
 2.52000000e+00  1.74628674e-04  9.55722076e-04 
 2.53000000e+00  1.75264024e-04  9.57199445e-04 
 2.54000000e+00  1.75895680e-04  9.58658696e-04 
 2.55000000e+00  1.76523655e-04  9.60100030e-04 
 2.56000000e+00  1.77147966e-04  9.61523646e-04 
 2.57000000e+00  1.77768624e-04  9.62929740e-04 
 2.58000000e+00  1.78385645e-04  9.64318505e-04 
 2.59000000e+00  1.79000853e-04  9.65698670e-04 
 2.60000000e+00  1.79610635e-04  9.67053255e-04 
 2.61000000e+00  1.80216822e-04  9.68391079e-04 
 2.62000000e+00  1.80819428e-04  9.69712325e-04 
 2.63000000e+00  1.81418468e-04  9.71017176e-04 
 2.64000000e+00  1.82013954e-04  9.72305812e-04 
 2.65000000e+00  1.82605902e-04  9.73578409e-04 
 2.66000000e+00  1.83194324e-04  9.74835143e-04 
 2.67000000e+00  1.83779236e-04  9.76076187e-04 
 2.68000000e+00  1.84360650e-04  9.77301712e-04 
 2.69000000e+00  1.84938581e-04  9.78511887e-04 
 2.70000000e+00  1.85513042e-04  9.79706878e-04 
 2.71000000e+00  1.86084047e-04  9.80886850e-04 
 2.72000000e+00  1.86651611e-04  9.82051966e-04 
 2.73000000e+00  1.87215745e-04  9.83202386e-04 
 2.74000000e+00  1.87776465e-04  9.84338270e-04 
 2.75000000e+00  1.88333784e-04  9.85459773e-04 
 2.76000000e+00  1.88887715e-04  9.86567051e-04 
 2.77000000e+00  1.89438272e-04  9.87660258e-04 
 2.78000000e+00  1.89985468e-04  9.88739542e-04 
 2.79000000e+00  1.90529317e-04  9.89805056e-04 
 2.80000000e+00  1.91069832e-04  9.90856944e-04 
 2.81000000e+00  1.91607027e-04  9.91895354e-04 
 2.82000000e+00  1.92140915e-04  9.92920430e-04 
 2.83000000e+00  1.92671510e-04  9.93932312e-04 
 2.84000000e+00  1.93198824e-04  9.94931143e-04 
 2.85000000e+00  1.93722871e-04  9.95917060e-04 
 2.86000000e+00  1.94243664e-04  9.96890200e-04 
 2.87000000e+00  1.94761216e-04  9.97850700e-04 
 2.88000000e+00  1.95275540e-04  9.98798692e-04 
 2.89000000e+00  1.95786650e-04  9.99734309e-04 
 2.90000000e+00  1.96294558e-04  1.00065768e-03 
 2.91000000e+00  1.96799278e-04  1.00156894e-03 
 2.92000000e+00  1.97300822e-04  1.00246821e-03 
 2.93000000e+00  1.97799204e-04  1.00335562e-03 
 2.94000000e+00  1.98294435e-04  1.00423129e-03 
 2.95000000e+00  1.98786530e-04  1.00509534e-03 
 2.96000000e+00  1.99275501e-04  1.00594791e-03 
 2.97000000e+00  1.99761361e-04  1.00678910e-03 
 2.98000000e+00  2.00244122e-04  1.00761903e-03 
 2.99000000e+00  2.00723797e-04  1.00843783e-03 
 3.00000000e+00  2.01200399e-04  1.00924561e-03 
 3.01000000e+00  2.01673940e-04  1.01004247e-03 
 3.02000000e+00  2.02144434e-04  1.01082855e-03 
 3.03000000e+00  2.02611891e-04  1.01160395e-03 
 3.04000000e+00  2.03076326e-04  1.01236877e-03 
 3.05000000e+00  2.03537751e-04  1.01312313e-03 
 3.06000000e+00  2.03996177e-04  1.01386713e-03 
 3.07000000e+00  2.04451618e-04  1.01460089e-03 
 3.08000000e+00  2.04904086e-04  1.01532451e-03 
 3.09000000e+00  2.05353592e-04  1.01603809e-03 
 3.10000000e+00  2.05800150e-04  1.01674173e-03 
 3.11000000e+00  2.06243771e-04  1.01743554e-03 
 3.12000000e+00  2.06684468e-04  1.01811961e-03 
 3.13000000e+00  2.07122253e-04  1.01879405e-03 
 3.14000000e+00  2.07557138e-04  1.01945896e-03 
 3.15000000e+00  2.07989135e-04  1.02011443e-03 
 3.16000000e+00  2.08418256e-04  1.02076055e-03 
 3.17000000e+00  2.08844514e-04  1.02139743e-03 
 3.18000000e+00  2.09267919e-04  1.02202515e-03 
 3.19000000e+00  2.09688484e-04  1.02264381e-03 
 3.20000000e+00  2.10106221e-04  1.02325350e-03 
 3.21000000e+00  2.10521142e-04  1.02385432e-03 
 3.22000000e+00  2.10933259e-04  1.02444634e-03 
 3.23000000e+00  2.11341188e-04  1.02502533e-03 
 3.24000000e+00  2.11747737e-04  1.02560008e-03 
 3.25000000e+00  2.12151517e-04  1.02616631e-03 
 3.26000000e+00  2.12552539e-04  1.02672409e-03 
 3.27000000e+00  2.12950815e-04  1.02727351e-03 
 3.28000000e+00  2.13346356e-04  1.02781466e-03 
 3.29000000e+00  2.13739175e-04  1.02834762e-03 
 3.30000000e+00  2.14129283e-04  1.02887247e-03 
