 5.00000000e-02 -4.67788610e-07
 5.50000000e-02 -4.88440309e-07
 6.00000000e-02 -5.06349857e-07
 6.50000000e-02 -5.21877159e-07
 7.00000000e-02 -5.35342259e-07
 7.50000000e-02 -5.47029355e-07
 8.00000000e-02 -5.57191135e-07
 8.50000000e-02 -5.66052989e-07
 9.00000000e-02 -5.74333945e-07
 9.50000000e-02 -5.81093189e-07
 1.00000000e-01 -5.87106209e-07
 1.05000000e-01 -5.92515950e-07
 1.10000000e-01 -5.97447144e-07
 1.15000000e-01 -6.02006047e-07
 1.20000000e-01 -6.06280662e-07
 1.25000000e-01 -6.10341784e-07
 1.30000000e-01 -6.14244846e-07
 1.35000000e-01 -6.18032266e-07
 1.40000000e-01 -6.21735910e-07
 1.45000000e-01 -6.25379397e-07
 1.50000000e-01 -6.28980057e-07
 1.55000000e-01 -6.32550506e-07
 1.60000000e-01 -6.36099873e-07
 1.65000000e-01 -6.39634714e-07
 1.70000000e-01 -6.43159703e-07
 1.75000000e-01 -6.46678127e-07
 1.80000000e-01 -6.50192263e-07
 1.85000000e-01 -6.53703646e-07
 1.90000000e-01 -6.57213267e-07
 1.95000000e-01 -6.60721720e-07
 2.00000000e-01 -6.64229310e-07
 2.05000000e-01 -6.67736132e-07
 2.10000000e-01 -6.71242131e-07
 2.15000000e-01 -6.74747144e-07
 2.20000000e-01 -6.78250934e-07
 2.25000000e-01 -6.81753214e-07
 2.30000000e-01 -6.85253665e-07
 2.35000000e-01 -6.88751949e-07
 2.40000000e-01 -6.92247718e-07
 2.45000000e-01 -6.95740624e-07
 2.50000000e-01 -6.99230322e-07
 2.55000000e-01 -7.02716475e-07
 2.60000000e-01 -7.06198755e-07
 2.65000000e-01 -7.09676848e-07
 2.70000000e-01 -7.13150450e-07
 2.75000000e-01 -7.16619275e-07
 2.80000000e-01 -7.20083048e-07
 2.85000000e-01 -7.23541509e-07
 2.90000000e-01 -7.26994414e-07
 2.95000000e-01 -7.30441532e-07
 3.00000000e-01 -7.33882645e-07
 3.05000000e-01 -7.37317548e-07
 3.10000000e-01 -7.40746050e-07
 3.15000000e-01 -7.44167972e-07
 3.20000000e-01 -7.47583146e-07
 3.25000000e-01 -7.50991416e-07
 3.30000000e-01 -7.54392635e-07
 3.35000000e-01 -7.57786668e-07
 3.40000000e-01 -7.61173388e-07
 3.45000000e-01 -7.64552680e-07
 3.50000000e-01 -7.67924433e-07
 3.55000000e-01 -7.71288549e-07
 3.60000000e-01 -7.74644933e-07
 3.65000000e-01 -7.77993503e-07
 3.70000000e-01 -7.81334178e-07
 3.75000000e-01 -7.84666887e-07
 3.80000000e-01 -7.87991565e-07
 3.85000000e-01 -7.91308153e-07
 3.90000000e-01 -7.94616595e-07
 3.95000000e-01 -7.97916843e-07
 4.00000000e-01 -8.01208854e-07
 4.05000000e-01 -8.04492587e-07
 4.10000000e-01 -8.07768008e-07
 4.15000000e-01 -8.11035086e-07
 4.20000000e-01 -8.14293793e-07
 4.25000000e-01 -8.17544108e-07
 4.30000000e-01 -8.20786010e-07
 4.35000000e-01 -8.24019483e-07
 4.40000000e-01 -8.27244513e-07
 4.45000000e-01 -8.30461091e-07
 4.50000000e-01 -8.33669208e-07
 4.55000000e-01 -8.36868859e-07
 4.60000000e-01 -8.40060043e-07
 4.65000000e-01 -8.43242759e-07
 4.70000000e-01 -8.46417009e-07
 4.75000000e-01 -8.49582797e-07
 4.80000000e-01 -8.52740129e-07
 4.85000000e-01 -8.55889013e-07
 4.90000000e-01 -8.59029459e-07
 4.95000000e-01 -8.62161478e-07
 5.00000000e-01 -8.65285083e-07
 5.05000000e-01 -8.68400288e-07
 5.10000000e-01 -8.71507109e-07
 5.15000000e-01 -8.74605562e-07
 5.20000000e-01 -8.77695666e-07
 5.25000000e-01 -8.80777440e-07
 5.30000000e-01 -8.83850905e-07
 5.35000000e-01 -8.86916082e-07
 5.40000000e-01 -8.89972992e-07
 5.45000000e-01 -8.93021660e-07
 5.50000000e-01 -8.96062109e-07
 5.55000000e-01 -8.99094365e-07
 5.60000000e-01 -9.02118452e-07
 5.65000000e-01 -9.05134396e-07
 5.70000000e-01 -9.08142226e-07
 5.75000000e-01 -9.11141967e-07
 5.80000000e-01 -9.14133649e-07
 5.85000000e-01 -9.17117299e-07
 5.90000000e-01 -9.20092947e-07
 5.95000000e-01 -9.23060622e-07
 6.00000000e-01 -9.26020354e-07
