 time                   v(gate)                v(gfet)                v(gate_core)           v(en_core)             v(vdd)                 v(vdda)                i(vdda)                i(vdd)                
 0.000000000000000e+00  5.258518551537982e-07  5.258518551537982e-07  1.440088732118988e-05  1.570245050662668e-05  1.319999891197208e+00  3.599999984980805e+00 -3.003839044168899e-08 -2.176055846625502e-07 
 5.000000000000000e-10  5.258518552750391e-07  5.258518551549986e-07  1.440088732154510e-05  1.570245050542250e-05  1.319999891197210e+00  3.599999984980813e+00 -3.003837445447743e-08 -2.176055797775689e-07 
 1.000000000000000e-09  5.258518551770272e-07  5.258518551552168e-07  1.440088732120048e-05  1.570245050598953e-05  1.319999891197212e+00  3.599999984980815e+00 -3.003837001358534e-08 -2.176055771130336e-07 
 2.000000000000000e-09  5.258518551171792e-07  5.258518551549383e-07  1.440088732190112e-05  1.570245050790857e-05  1.319999891197212e+00  3.599999984980811e+00 -3.003837800719111e-08 -2.176055771130336e-07 
 4.000000000000000e-09  5.258518551375622e-07  5.258518551543134e-07  1.440088732090643e-05  1.570245050707200e-05  1.319999891197210e+00  3.599999984980804e+00 -3.003839310622425e-08 -2.176055802216581e-07 
 8.000000000000000e-09  5.258518551616315e-07  5.258518551541716e-07  1.440088732130931e-05  1.570245050626991e-05  1.319999891197212e+00  3.599999984980803e+00 -3.003839399440267e-08 -2.176055766689444e-07 
 1.600000000000000e-08  5.258518551117582e-07  5.258518551503532e-07  1.440088732114690e-05  1.570245050657148e-05  1.319999891197209e+00  3.599999984980805e+00 -3.003839044168899e-08 -2.176055824421042e-07 
 3.200000000000000e-08  5.258518551399475e-07  5.258518551461144e-07  1.440088732122070e-05  1.570245050658567e-05  1.319999891197209e+00  3.599999984980804e+00 -3.003839132986741e-08 -2.176055819980149e-07 
 6.400000000000000e-08  5.258518551307318e-07  5.258518551393962e-07  1.440088732123665e-05  1.570245050652664e-05  1.319999891197208e+00  3.599999984980804e+00 -3.003839310622425e-08 -2.176055833302826e-07 
 1.140000000000000e-07  5.258518551689228e-07  5.258518551482574e-07  1.440088732127086e-05  1.570245050663973e-05  1.319999891197208e+00  3.599999984980800e+00 -3.003840021165161e-08 -2.176055833302826e-07 
 1.640000000000000e-07  5.258518551535813e-07  5.258518551521593e-07  1.440088732119301e-05  1.570245050654346e-05  1.319999891197211e+00  3.599999984980800e+00 -3.003840021165161e-08 -2.176055775571228e-07 
 2.140000000000000e-07  5.258518551455311e-07  5.258518551502884e-07  1.440088732125421e-05  1.570245050645650e-05  1.319999891197211e+00  3.599999984980800e+00 -3.003840109983003e-08 -2.176055775571228e-07 
 2.640000000000000e-07  5.258518551422785e-07  5.258518551467102e-07  1.440088732131228e-05  1.570245050653950e-05  1.319999891197211e+00  3.599999984980800e+00 -3.003840021165161e-08 -2.176055775571228e-07 
 3.140000000000000e-07  5.258518551375080e-07  5.258518551423137e-07  1.440088732123619e-05  1.570245050661164e-05  1.319999891197212e+00  3.599999984980801e+00 -3.003839843529477e-08 -2.176055771130336e-07 
 3.640000000000000e-07  5.258518551337946e-07  5.258518551380268e-07  1.440088732116715e-05  1.570245050653978e-05  1.319999891197212e+00  3.599999984980801e+00 -3.003839843529477e-08 -2.176055766689444e-07 
 4.140000000000000e-07  5.258518551295934e-07  5.258518551337961e-07  1.440088732123138e-05  1.570245050645692e-05  1.319999891197211e+00  3.599999984980801e+00 -3.003839843529477e-08 -2.176055775571228e-07 
 4.640000000000000e-07  5.258518551248229e-07  5.258518551293606e-07  1.440088732116297e-05  1.570245050651869e-05  1.319999891197211e+00  3.599999984980801e+00 -3.003839843529477e-08 -2.176055775571228e-07 
 5.140000000000001e-07  5.258518551615231e-07  5.258518551413385e-07  1.440088732122034e-05  1.570245050645239e-05  1.319999891197211e+00  3.599999984980801e+00 -3.003839754711635e-08 -2.176055775571228e-07 
 5.640000000000001e-07  5.258518551035996e-07  5.258518551286385e-07  1.440088732114148e-05  1.570245050652176e-05  1.319999891197212e+00  3.599999984980801e+00 -3.003839754711635e-08 -2.176055771130336e-07 
 6.140000000000002e-07  5.258518551122732e-07  5.258518551195524e-07  1.440088732119680e-05  1.570245050653320e-05  1.319999891197212e+00  3.599999984980800e+00 -3.003839932347319e-08 -2.176055771130336e-07 
 6.640000000000002e-07  5.258518551092917e-07  5.258518551136309e-07  1.440088732126152e-05  1.570245050645942e-05  1.319999891197212e+00  3.599999984980800e+00 -3.003839932347319e-08 -2.176055771130336e-07 
 7.140000000000003e-07  5.258518551055241e-07  5.258518551092039e-07  1.440088732118661e-05  1.570245050636210e-05  1.319999891197212e+00  3.599999984980801e+00 -3.003839754711635e-08 -2.176055766689444e-07 
 7.640000000000003e-07  5.258518551009975e-07  5.258518551050360e-07  1.440088732111366e-05  1.570245050643916e-05  1.319999891197211e+00  3.599999984980801e+00 -3.003839754711635e-08 -2.176055775571228e-07 
 8.140000000000004e-07  5.258518550968776e-07  5.258518551009391e-07  1.440088732130173e-05  1.570245050652284e-05  1.319999891197212e+00  3.599999984980800e+00 -3.003840021165161e-08 -2.176055762248552e-07 
 8.640000000000004e-07  5.258518551337946e-07  5.258518551132619e-07  1.440088732122673e-05  1.570245050659445e-05  1.319999891197212e+00  3.599999984980801e+00 -3.003839843529477e-08 -2.176055771130336e-07 
 9.140000000000005e-07  5.258518551165287e-07  5.258518551170332e-07  1.440088732128295e-05  1.570245050650635e-05  1.319999891197212e+00  3.599999984980801e+00 -3.003839754711635e-08 -2.176055766689444e-07 
 9.640000000000004e-07  5.258518551109180e-07  5.258518551153414e-07  1.440088732120891e-05  1.570245050659856e-05  1.319999891197212e+00  3.599999984980800e+00 -3.003839932347319e-08 -2.176055766689444e-07 
 1.014000000000000e-06  5.258518551089122e-07  5.258518551124314e-07  1.440088732127062e-05  1.570245050650905e-05  1.319999891197212e+00  3.599999984980800e+00 -3.003840021165161e-08 -2.176055771130336e-07 
 1.064000000000000e-06  5.258518551040062e-07  5.258518551084793e-07  1.440088732119197e-05  1.570245050643841e-05  1.319999891197211e+00  3.599999984980801e+00 -3.003839754711635e-08 -2.176055775571228e-07 
 1.114000000000000e-06  5.258518551012144e-07  5.258518551047829e-07  1.440088732125264e-05  1.570245050651296e-05  1.319999891197211e+00  3.599999984980801e+00 -3.003839754711635e-08 -2.176055775571228e-07 
 1.164000000000000e-06  5.258518551364238e-07  5.258518551167000e-07  1.440088732131625e-05  1.570245050643413e-05  1.319999891197212e+00  3.599999984980800e+00 -3.003840021165161e-08 -2.176055771130336e-07 
 1.214000000000000e-06  5.258518551204861e-07  5.258518551205979e-07  1.440088732123147e-05  1.570245050650804e-05  1.319999891197211e+00  3.599999984980800e+00 -3.003840021165161e-08 -2.176055775571228e-07 
 1.264000000000000e-06  5.258518551156072e-07  5.258518551193811e-07  1.440088732116390e-05  1.570245050657919e-05  1.319999891197211e+00  3.599999984980800e+00 -3.003840109983003e-08 -2.176055775571228e-07 
 1.314000000000000e-06  5.258518551125985e-07  5.258518551164248e-07  1.440088732122651e-05  1.570245050649456e-05  1.319999891197211e+00  3.599999984980801e+00 -3.003839843529477e-08 -2.176055775571228e-07 
 1.364000000000000e-06  5.258518551079364e-07  5.258518551124382e-07  1.440088732116797e-05  1.570245050642411e-05  1.319999891197211e+00  3.599999984980801e+00 -3.003839754711635e-08 -2.176055775571228e-07 
 1.414000000000000e-06  5.258518551040333e-07  5.258518551082789e-07  1.440088732123899e-05  1.570245050649846e-05  1.319999891197211e+00  3.599999984980802e+00 -3.003839665893793e-08 -2.176055775571228e-07 
 1.464000000000000e-06  5.258518551003199e-07  5.258518551042635e-07  1.440088732130776e-05  1.570245050657294e-05  1.319999891197211e+00  3.599999984980801e+00 -3.003839843529477e-08 -2.176055775571228e-07 
 1.514000000000000e-06  5.258518550956307e-07  5.258518551000073e-07  1.440088732123392e-05  1.570245050666211e-05  1.319999891197211e+00  3.599999984980800e+00 -3.003839932347319e-08 -2.176055775571228e-07 
 1.564000000000000e-06  5.258518551320057e-07  5.258518551119555e-07  1.440088732115896e-05  1.570245050658175e-05  1.319999891197211e+00  3.599999984980800e+00 -3.003839932347319e-08 -2.176055775571228e-07 
 1.614000000000000e-06  5.258518551543674e-07  5.258518551313099e-07  1.440088732122137e-05  1.570245050643227e-05  1.319999891197211e+00  3.599999984980800e+00 -3.003840109983003e-08 -2.176055775571228e-07 
 1.664000000000000e-06  5.258518551372641e-07  5.258518551375625e-07  1.440088732127978e-05  1.570245050651260e-05  1.319999891197211e+00  3.599999984980801e+00 -3.003839843529477e-08 -2.176055775571228e-07 
 1.714000000000000e-06  5.258518551322226e-07  5.258518551366771e-07  1.440088732133650e-05  1.570245050658675e-05  1.319999891197211e+00  3.599999984980801e+00 -3.003839843529477e-08 -2.176055775571228e-07 
 1.764000000000000e-06  5.258518551296476e-07  5.258518551336882e-07  1.440088732126791e-05  1.570245050650624e-05  1.319999891197211e+00  3.599999984980801e+00 -3.003839843529477e-08 -2.176055775571228e-07 
 1.813999999999999e-06  5.258518551264221e-07  5.258518551301840e-07  1.440088732119535e-05  1.570245050641541e-05  1.319999891197212e+00  3.599999984980801e+00 -3.003839843529477e-08 -2.176055766689444e-07 
 1.863999999999999e-06  5.258518551214618e-07  5.258518551259943e-07  1.440088732125104e-05  1.570245050665896e-05  1.319999891197212e+00  3.599999984980802e+00 -3.003839665893793e-08 -2.176055766689444e-07 
 1.913999999999999e-06  5.258518551181550e-07  5.258518551220207e-07  1.440088732118091e-05  1.570245050657284e-05  1.319999891197211e+00  3.599999984980801e+00 -3.003839843529477e-08 -2.176055775571228e-07 
 1.963999999999999e-06  5.258518551140080e-07  5.258518551180209e-07  1.440088732124861e-05  1.570245050648723e-05  1.319999891197211e+00  3.599999984980800e+00 -3.003840109983003e-08 -2.176055775571228e-07 
 2.013999999999999e-06  5.258518551496782e-07  5.258518551298839e-07  1.440088732130505e-05  1.570245050640527e-05  1.319999891197211e+00  3.599999984980800e+00 -3.003839932347319e-08 -2.176055775571228e-07 
 2.063999999999999e-06  5.258518551335507e-07  5.258518551337233e-07  1.440088732123427e-05  1.570245050665596e-05  1.319999891197211e+00  3.599999984980800e+00 -3.003839932347319e-08 -2.176055775571228e-07 
 2.113999999999999e-06  5.258518551283194e-07  5.258518551323296e-07  1.440088732115850e-05  1.570245050656658e-05  1.319999891197211e+00  3.599999984980800e+00 -3.003840021165161e-08 -2.176055775571228e-07 
 2.163999999999999e-06  5.258518551662394e-07  5.258518551456149e-07  1.440088732121706e-05  1.570245050648151e-05  1.319999891197211e+00  3.599999984980801e+00 -3.003839843529477e-08 -2.176055775571228e-07 
 2.213999999999999e-06  5.258518551480790e-07  5.258518551492577e-07  1.440088732127918e-05  1.570245050657100e-05  1.319999891197211e+00  3.599999984980800e+00 -3.003840021165161e-08 -2.176055775571228e-07 
 2.263999999999999e-06  5.258518551433356e-07  5.258518551476174e-07  1.440088732121669e-05  1.570245050648030e-05  1.319999891197211e+00  3.599999984980802e+00 -3.003839665893793e-08 -2.176055775571228e-07 
 2.313999999999999e-06  5.258518551396222e-07  5.258518551440913e-07  1.440088732113685e-05  1.570245050640516e-05  1.319999891197211e+00  3.599999984980801e+00 -3.003839754711635e-08 -2.176055775571228e-07 
 2.363999999999999e-06  5.258518551350957e-07  5.258518551397878e-07  1.440088732120126e-05  1.570245050647811e-05  1.319999891197211e+00  3.599999984980801e+00 -3.003839754711635e-08 -2.176055775571228e-07 
 2.413999999999999e-06  5.258518551325207e-07  5.258518551360203e-07  1.440088732125924e-05  1.570245050640520e-05  1.319999891197212e+00  3.599999984980800e+00 -3.003840109983003e-08 -2.176055766689444e-07 
 2.463999999999999e-06  5.258518551263408e-07  5.258518551313950e-07  1.440088732132521e-05  1.570245050641149e-05  1.319999891197211e+00  3.599999984980800e+00 -3.003840109983003e-08 -2.176055775571228e-07 
 2.513999999999999e-06  5.258518551229797e-07  5.258518551271038e-07  1.440088732125133e-05  1.570245050649843e-05  1.319999891197211e+00  3.599999984980800e+00 -3.003839932347319e-08 -2.176055775571228e-07 
 2.563999999999999e-06  5.258518551188598e-07  5.258518551229480e-07  1.440088732118353e-05  1.570245050641024e-05  1.319999891197211e+00  3.599999984980800e+00 -3.003839932347319e-08 -2.176055775571228e-07 
 2.613999999999999e-06  5.258518551555058e-07  5.258518551351399e-07  1.440088732123498e-05  1.570245050649336e-05  1.319999891197212e+00  3.599999984980800e+00 -3.003840109983003e-08 -2.176055771130336e-07 
 2.663999999999999e-06  5.258518551386736e-07  5.258518551389918e-07  1.440088732117272e-05  1.570245050656499e-05  1.319999891197212e+00  3.599999984980801e+00 -3.003839754711635e-08 -2.176055766689444e-07 
 2.713999999999998e-06  5.258518551337133e-07  5.258518551376508e-07  1.440088732123733e-05  1.570245050649661e-05  1.319999891197211e+00  3.599999984980800e+00 -3.003839932347319e-08 -2.176055775571228e-07 
 2.763999999999998e-06  5.258518551294036e-07  5.258518551340837e-07  1.440088732116578e-05  1.570245050656950e-05  1.319999891197212e+00  3.599999984980801e+00 -3.003839754711635e-08 -2.176055766689444e-07 
 2.813999999999998e-06  5.258518551257715e-07  5.258518551300455e-07  1.440088732123317e-05  1.570245050648364e-05  1.319999891197211e+00  3.599999984980801e+00 -3.003839754711635e-08 -2.176055775571228e-07 
 2.863999999999998e-06  5.258518551221666e-07  5.258518551260863e-07  1.440088732115399e-05  1.570245050641199e-05  1.319999891197212e+00  3.599999984980801e+00 -3.003839754711635e-08 -2.176055771130336e-07 
 2.913999999999998e-06  5.258518551166100e-07  5.258518551215040e-07  1.440088732121765e-05  1.570245050648806e-05  1.319999891197212e+00  3.599999984980801e+00 -3.003839754711635e-08 -2.176055771130336e-07 
 2.963999999999998e-06  5.258518551135743e-07  5.258518551174157e-07  1.440088732126896e-05  1.570245050657183e-05  1.319999891197211e+00  3.599999984980801e+00 -3.003839754711635e-08 -2.176055775571228e-07 
 3.013999999999998e-06  5.258518551098880e-07  5.258518551135870e-07  1.440088732120579e-05  1.570245050648995e-05  1.319999891197211e+00  3.599999984980801e+00 -3.003839754711635e-08 -2.176055775571228e-07 
 3.063999999999998e-06  5.258518551458835e-07  5.258518551257399e-07  1.440088732126083e-05  1.570245050641569e-05  1.319999891197212e+00  3.599999984980801e+00 -3.003839754711635e-08 -2.176055771130336e-07 
 3.113999999999998e-06  5.258518551284007e-07  5.258518551292347e-07  1.440088732119530e-05  1.570245050648942e-05  1.319999891197212e+00  3.599999984980801e+00 -3.003839754711635e-08 -2.176055771130336e-07 
 3.163999999999998e-06  5.258518551243350e-07  5.258518551279738e-07  1.440088732125338e-05  1.570245050657017e-05  1.319999891197211e+00  3.599999984980801e+00 -3.003839754711635e-08 -2.176055775571228e-07 
 3.213999999999998e-06  5.258518551209740e-07  5.258518551249218e-07  1.440088732118496e-05  1.570245050647396e-05  1.319999891197211e+00  3.599999984980801e+00 -3.003839754711635e-08 -2.176055775571228e-07 
 3.263999999999998e-06  5.258518551172064e-07  5.258518551212252e-07  1.440088732124747e-05  1.570245050657042e-05  1.319999891197211e+00  3.599999984980801e+00 -3.003839754711635e-08 -2.176055775571228e-07 
 3.313999999999998e-06  5.258518551535542e-07  5.258518551334175e-07  1.440088732117826e-05  1.570245050648341e-05  1.319999891197211e+00  3.599999984980801e+00 -3.003839754711635e-08 -2.176055775571228e-07 
 3.363999999999998e-06  5.258518551365051e-07  5.258518551370911e-07  1.440088732123021e-05  1.570245050656189e-05  1.319999891197211e+00  3.599999984980801e+00 -3.003839754711635e-08 -2.176055775571228e-07 
 3.413999999999998e-06  5.258518551317889e-07  5.258518551357049e-07  1.440088732115363e-05  1.570245050647095e-05  1.319999891197211e+00  3.599999984980801e+00 -3.003839754711635e-08 -2.176055775571228e-07 
 3.463999999999998e-06  5.258518551282381e-07  5.258518551324410e-07  1.440088732121230e-05  1.570245050656130e-05  1.319999891197211e+00  3.599999984980800e+00 -3.003839932347319e-08 -2.176055775571228e-07 
 3.513999999999998e-06  5.258518551237929e-07  5.258518551283290e-07  1.440088732127286e-05  1.570245050647318e-05  1.319999891197211e+00  3.599999984980800e+00 -3.003839932347319e-08 -2.176055775571228e-07 
 3.563999999999998e-06  5.258518551194561e-07  5.258518551239574e-07  1.440088732133229e-05  1.570245050656079e-05  1.319999891197212e+00  3.599999984980800e+00 -3.003840109983003e-08 -2.176055771130336e-07 
 3.613999999999998e-06  5.258518551172877e-07  5.258518551204152e-07  1.440088732111882e-05  1.570245050647279e-05  1.319999891197212e+00  3.599999984980800e+00 -3.003839932347319e-08 -2.176055771130336e-07 
 3.663999999999997e-06  5.258518551518195e-07  5.258518551322685e-07  1.440088732117636e-05  1.570245050655871e-05  1.319999891197212e+00  3.599999984980800e+00 -3.003840109983003e-08 -2.176055771130336e-07 
 3.713999999999997e-06  5.258518551372912e-07  5.258518551366483e-07  1.440088732124689e-05  1.570245050662735e-05  1.319999891197211e+00  3.599999984980800e+00 -3.003839932347319e-08 -2.176055775571228e-07 
 3.763999999999997e-06  5.258518551318160e-07  5.258518551355914e-07  1.440088732117149e-05  1.570245050640291e-05  1.319999891197212e+00  3.599999984980800e+00 -3.003840109983003e-08 -2.176055766689444e-07 
 3.813999999999997e-06  5.258518551270997e-07  5.258518551319833e-07  1.440088732122582e-05  1.570245050647415e-05  1.319999891197211e+00  3.599999984980800e+00 -3.003839932347319e-08 -2.176055775571228e-07 
 3.863999999999997e-06  5.258518551248771e-07  5.258518551284192e-07  1.440088732115591e-05  1.570245050654988e-05  1.319999891197212e+00  3.599999984980800e+00 -3.003839932347319e-08 -2.176055771130336e-07 
 3.913999999999998e-06  5.258518551198084e-07  5.258518551242621e-07  1.440088732122134e-05  1.570245050648254e-05  1.319999891197211e+00  3.599999984980800e+00 -3.003839932347319e-08 -2.176055775571228e-07 
 3.963999999999998e-06  5.258518551566984e-07  5.258518551364052e-07  1.440088732130137e-05  1.570245050654459e-05  1.319999891197211e+00  3.599999984980800e+00 -3.003839932347319e-08 -2.176055775571228e-07 
 4.013999999999998e-06  5.258518551377791e-07  5.258518551393834e-07  1.440088732123900e-05  1.570245050645822e-05  1.319999891197211e+00  3.599999984980800e+00 -3.003840109983003e-08 -2.176055775571228e-07 
 4.063999999999999e-06  5.258518551357191e-07  5.258518551385134e-07  1.440088732115990e-05  1.570245050638074e-05  1.319999891197211e+00  3.599999984980800e+00 -3.003839932347319e-08 -2.176055775571228e-07 
 4.113999999999999e-06  5.258518551300813e-07  5.258518551349665e-07  1.440088732121880e-05  1.570245050661189e-05  1.319999891197212e+00  3.599999984980800e+00 -3.003840109983003e-08 -2.176055771130336e-07 
 4.163999999999999e-06  5.258518551273165e-07  5.258518551311972e-07  1.440088732128802e-05  1.570245050654083e-05  1.319999891197211e+00  3.599999984980800e+00 -3.003839932347319e-08 -2.176055775571228e-07 
 4.214000000000000e-06  5.258518551638813e-07  5.258518551435170e-07  1.440088732122195e-05  1.570245050645268e-05  1.319999891197212e+00  3.599999984980800e+00 -3.003840109983003e-08 -2.176055766689444e-07 
 4.264000000000000e-06  5.258518551469406e-07  5.258518551473505e-07  1.440088732127839e-05  1.570245050652916e-05  1.319999891197212e+00  3.599999984980800e+00 -3.003839932347319e-08 -2.176055771130336e-07 
 4.314000000000001e-06  5.258518551400559e-07  5.258518551451993e-07  1.440088732120247e-05  1.570245050645339e-05  1.319999891197212e+00  3.599999984980800e+00 -3.003840109983003e-08 -2.176055771130336e-07 
 4.364000000000001e-06  5.258518551385109e-07  5.258518551420938e-07  1.440088732126688e-05  1.570245050652728e-05  1.319999891197212e+00  3.599999984980800e+00 -3.003839932347319e-08 -2.176055771130336e-07 
 4.414000000000001e-06  5.258518551343096e-07  5.258518551383591e-07  1.440088732120047e-05  1.570245050644453e-05  1.319999891197212e+00  3.599999984980800e+00 -3.003840109983003e-08 -2.176055762248552e-07 
 4.464000000000002e-06  5.258518551317618e-07  5.258518551349733e-07  1.440088732126152e-05  1.570245050652197e-05  1.319999891197212e+00  3.599999984980800e+00 -3.003839932347319e-08 -2.176055771130336e-07 
 4.514000000000002e-06  5.258518551669712e-07  5.258518551470953e-07  1.440088732118792e-05  1.570245050643116e-05  1.319999891197212e+00  3.599999984980800e+00 -3.003840109983003e-08 -2.176055762248552e-07 
 4.564000000000002e-06  5.258518551510877e-07  5.258518551511167e-07  1.440088732124610e-05  1.570245050652052e-05  1.319999891197212e+00  3.599999984980800e+00 -3.003839932347319e-08 -2.176055771130336e-07 
 4.614000000000003e-06  5.258518551464256e-07  5.258518551500445e-07  1.440088732117092e-05  1.570245050644371e-05  1.319999891197211e+00  3.599999984980800e+00 -3.003840109983003e-08 -2.176055775571228e-07 
 4.664000000000003e-06  5.258518551422785e-07  5.258518551467238e-07  1.440088732123133e-05  1.570245050651898e-05  1.319999891197211e+00  3.599999984980800e+00 -3.003839932347319e-08 -2.176055775571228e-07 
 4.714000000000003e-06  5.258518551385109e-07  5.258518551427745e-07  1.440088732116194e-05  1.570245050659127e-05  1.319999891197211e+00  3.599999984980800e+00 -3.003839932347319e-08 -2.176055775571228e-07 
 4.764000000000004e-06  5.258518551331441e-07  5.258518551381325e-07  1.440088732121551e-05  1.570245050650856e-05  1.319999891197211e+00  3.599999984980800e+00 -3.003839932347319e-08 -2.176055775571228e-07 
 4.814000000000004e-06  5.258518551295392e-07  5.258518551337667e-07  1.440088732114430e-05  1.570245050659884e-05  1.319999891197211e+00  3.599999984980800e+00 -3.003839932347319e-08 -2.176055775571228e-07 
 4.864000000000005e-06  5.258518551266118e-07  5.258518551300316e-07  1.440088732120780e-05  1.570245050651270e-05  1.319999891197211e+00  3.599999984980800e+00 -3.003839932347319e-08 -2.176055775571228e-07 
 4.914000000000005e-06  5.258518551211908e-07  5.258518551257483e-07  1.440088732113439e-05  1.570245050642887e-05  1.319999891197211e+00  3.599999984980800e+00 -3.003840021165161e-08 -2.176055775571228e-07 
 4.964000000000005e-06  5.258518551179924e-07  5.258518551217893e-07  1.440088732119024e-05  1.570245050651998e-05  1.319999891197211e+00  3.599999984980800e+00 -3.003840109983003e-08 -2.176055775571228e-07 
 5.014000000000006e-06  5.258518551136285e-07  5.258518551177332e-07  1.440088732125384e-05  1.570245050659139e-05  1.319999891197212e+00  3.599999984980800e+00 -3.003839932347319e-08 -2.176055771130336e-07 
 5.064000000000006e-06  5.258518551084243e-07  5.258518551131984e-07  1.440088732116994e-05  1.570245050651085e-05  1.319999891197212e+00  3.599999984980800e+00 -3.003839932347319e-08 -2.176055771130336e-07 
 5.114000000000006e-06  5.258518551056596e-07  5.258518551092760e-07  1.440088732123669e-05  1.570245050642286e-05  1.319999891197211e+00  3.599999984980800e+00 -3.003840021165161e-08 -2.176055775571228e-07 
 5.164000000000007e-06  5.258518551412214e-07  5.258518551212698e-07  1.440088732116611e-05  1.570245050651765e-05  1.319999891197211e+00  3.599999984980800e+00 -3.003839932347319e-08 -2.176055775571228e-07 
 5.214000000000007e-06  5.258518551242808e-07  5.258518551248730e-07  1.440088732123469e-05  1.570245050657514e-05  1.319999891197212e+00  3.599999984980800e+00 -3.003839932347319e-08 -2.176055771130336e-07 
 5.264000000000008e-06  5.258518551201066e-07  5.258518551236870e-07  1.440088732128778e-05  1.570245050651294e-05  1.319999891197212e+00  3.599999984980800e+00 -3.003839932347319e-08 -2.176055762248552e-07 
 5.314000000000008e-06  5.258518551161221e-07  5.258518551204239e-07  1.440088732120870e-05  1.570245050658360e-05  1.319999891197211e+00  3.599999984980800e+00 -3.003839932347319e-08 -2.176055775571228e-07 
 5.364000000000008e-06  5.258518551130322e-07  5.258518551168146e-07  1.440088732128500e-05  1.570245050650418e-05  1.319999891197211e+00  3.599999984980800e+00 -3.003840109983003e-08 -2.176055775571228e-07 
 5.414000000000009e-06  5.258518551091019e-07  5.258518551130078e-07  1.440088732122284e-05  1.570245050657535e-05  1.319999891197211e+00  3.599999984980800e+00 -3.003839932347319e-08 -2.176055775571228e-07 
 5.464000000000009e-06  5.258518551452872e-07  5.258518551251583e-07  1.440088732127895e-05  1.570245050651301e-05  1.319999891197211e+00  3.599999984980800e+00 -3.003839932347319e-08 -2.176055775571228e-07 
 5.514000000000009e-06  5.258518551288886e-07  5.258518551290805e-07  1.440088732119705e-05  1.570245050657403e-05  1.319999891197211e+00  3.599999984980800e+00 -3.003839932347319e-08 -2.176055775571228e-07 
 5.564000000000010e-06  5.258518551251752e-07  5.258518551283028e-07  1.440088732126147e-05  1.570245050649609e-05  1.319999891197211e+00  3.599999984980800e+00 -3.003839932347319e-08 -2.176055775571228e-07 
 5.614000000000010e-06  5.258518551208926e-07  5.258518551251833e-07  1.440088732132494e-05  1.570245050640655e-05  1.319999891197211e+00  3.599999984980800e+00 -3.003839932347319e-08 -2.176055775571228e-07 
 5.664000000000010e-06  5.258518551164474e-07  5.258518551210650e-07  1.440088732111512e-05  1.570245050649565e-05  1.319999891197211e+00  3.599999984980800e+00 -3.003839932347319e-08 -2.176055775571228e-07 
 5.714000000000011e-06  5.258518551534729e-07  5.258518551332046e-07  1.440088732116658e-05  1.570245050640358e-05  1.319999891197212e+00  3.599999984980800e+00 -3.003840021165161e-08 -2.176055771130336e-07 
 5.764000000000011e-06  5.258518551353125e-07  5.258518551364756e-07  1.440088732122911e-05  1.570245050665429e-05  1.319999891197212e+00  3.599999984980800e+00 -3.003840109983003e-08 -2.176055771130336e-07 
 5.814000000000012e-06  5.258518551310299e-07  5.258518551349516e-07  1.440088732128645e-05  1.570245050656436e-05  1.319999891197212e+00  3.599999984980800e+00 -3.003839932347319e-08 -2.176055771130336e-07 
 5.864000000000012e-06  5.258518551266389e-07  5.258518551313217e-07  1.440088732134388e-05  1.570245050649916e-05  1.319999891197212e+00  3.599999984980800e+00 -3.003840109983003e-08 -2.176055771130336e-07 
 5.914000000000012e-06  5.258518551226003e-07  5.258518551271072e-07  1.440088732126984e-05  1.570245050656896e-05  1.319999891197212e+00  3.599999984980800e+00 -3.003839932347319e-08 -2.176055771130336e-07 
 5.964000000000013e-06  5.258518551182092e-07  5.258518551227052e-07  1.440088732132949e-05  1.570245050648693e-05  1.319999891197211e+00  3.599999984980800e+00 -3.003840109983003e-08 -2.176055775571228e-07 
 6.014000000000013e-06  5.258518551144687e-07  5.258518551185303e-07  1.440088732112475e-05  1.570245050641678e-05  1.319999891197211e+00  3.599999984980800e+00 -3.003839932347319e-08 -2.176055775571228e-07 
 6.064000000000013e-06  5.258518551501932e-07  5.258518551303605e-07  1.440088732118124e-05  1.570245050648952e-05  1.319999891197212e+00  3.599999984980800e+00 -3.003840109983003e-08 -2.176055771130336e-07 
 6.114000000000014e-06  5.258518551733138e-07  5.258518551499079e-07  1.440088732124012e-05  1.570245050656153e-05  1.319999891197211e+00  3.599999984980800e+00 -3.003839932347319e-08 -2.176055775571228e-07 
 6.164000000000014e-06  5.258518551148482e-07  5.258518551397935e-07  1.440088732116702e-05  1.570245050649372e-05  1.319999891197211e+00  3.599999984980800e+00 -3.003840109983003e-08 -2.176055775571228e-07 
 6.214000000000015e-06  5.258518551228984e-07  5.258518551310126e-07  1.440088732122395e-05  1.570245050640320e-05  1.319999891197211e+00  3.599999984980800e+00 -3.003839932347319e-08 -2.176055775571228e-07 
 6.264000000000015e-06  5.258518551206758e-07  5.258518551251217e-07  1.440088732115548e-05  1.570245050664856e-05  1.319999891197212e+00  3.599999984980800e+00 -3.003840109983003e-08 -2.176055771130336e-07 
 6.314000000000015e-06  5.258518551583518e-07  5.258518551372356e-07  1.440088732121524e-05  1.570245050656348e-05  1.319999891197212e+00  3.599999984980800e+00 -3.003839932347319e-08 -2.176055771130336e-07 
 6.364000000000016e-06  5.258518551402185e-07  5.258518551408516e-07  1.440088732127147e-05  1.570245050647906e-05  1.319999891197211e+00  3.599999984980800e+00 -3.003840109983003e-08 -2.176055775571228e-07 
 6.414000000000016e-06  5.258518551767019e-07  5.258518551559149e-07  1.440088732119319e-05  1.570245050655517e-05  1.319999891197211e+00  3.599999984980800e+00 -3.003839932347319e-08 -2.176055775571228e-07 
 6.464000000000016e-06  5.258518551202692e-07  5.258518551446693e-07  1.440088732112340e-05  1.570245050648176e-05  1.319999891197211e+00  3.599999984980800e+00 -3.003840109983003e-08 -2.176055775571228e-07 
 6.514000000000017e-06  5.258518551289970e-07  5.258518551361513e-07  1.440088732131091e-05  1.570245050640035e-05  1.319999891197211e+00  3.599999984980800e+00 -3.003839932347319e-08 -2.176055775571228e-07 
 6.564000000000017e-06  5.258518551254463e-07  5.258518551301657e-07  1.440088732124756e-05  1.570245050647258e-05  1.319999891197212e+00  3.599999984980800e+00 -3.003839932347319e-08 -2.176055766689444e-07 
 6.614000000000017e-06  5.258518551213263e-07  5.258518551254329e-07  1.440088732116848e-05  1.570245050639029e-05  1.319999891197212e+00  3.599999984980800e+00 -3.003839932347319e-08 -2.176055762248552e-07 
 6.664000000000018e-06  5.258518551182906e-07  5.258518551216295e-07  1.440088732123149e-05  1.570245050647608e-05  1.319999891197212e+00  3.599999984980800e+00 -3.003840021165161e-08 -2.176055771130336e-07 
 6.714000000000018e-06  5.258518551132761e-07  5.258518551175274e-07  1.440088732115918e-05  1.570245050639111e-05  1.319999891197211e+00  3.599999984980800e+00 -3.003839932347319e-08 -2.176055775571228e-07 
 6.764000000000019e-06  5.258518551098338e-07  5.258518551136295e-07  1.440088732121492e-05  1.570245050662762e-05  1.319999891197211e+00  3.599999984980800e+00 -3.003839932347319e-08 -2.176055775571228e-07 
 6.814000000000019e-06  5.258518551053885e-07  5.258518551095536e-07  1.440088732128610e-05  1.570245050653946e-05  1.319999891197211e+00  3.599999984980800e+00 -3.003839932347319e-08 -2.176055775571228e-07 
 6.864000000000019e-06  5.258518551411943e-07  5.258518551213947e-07  1.440088732122962e-05  1.570245050646377e-05  1.319999891197211e+00  3.599999984980800e+00 -3.003840109983003e-08 -2.176055775571228e-07 
 6.914000000000020e-06  5.258518551662394e-07  5.258518551417008e-07  1.440088732128430e-05  1.570245050653280e-05  1.319999891197211e+00  3.599999984980800e+00 -3.003839932347319e-08 -2.176055775571228e-07 
 6.964000000000020e-06  5.258518551059306e-07  5.258518551314540e-07  1.440088732134432e-05  1.570245050645719e-05  1.319999891197212e+00  3.599999984980800e+00 -3.003840109983003e-08 -2.176055766689444e-07 
 7.014000000000020e-06  5.258518551135201e-07  5.258518551222311e-07  1.440088732126745e-05  1.570245050653324e-05  1.319999891197211e+00  3.599999984980800e+00 -3.003839932347319e-08 -2.176055775571228e-07 
 7.064000000000021e-06  5.258518551111890e-07  5.258518551159697e-07  1.440088732119744e-05  1.570245050662135e-05  1.319999891197212e+00  3.599999984980800e+00 -3.003839932347319e-08 -2.176055771130336e-07 
 7.114000000000021e-06  5.258518551074214e-07  5.258518551112981e-07  1.440088732126266e-05  1.570245050654125e-05  1.319999891197212e+00  3.599999984980800e+00 -3.003839932347319e-08 -2.176055766689444e-07 
 7.164000000000022e-06  5.258518551025696e-07  5.258518551068724e-07  1.440088732119892e-05  1.570245050644241e-05  1.319999891197211e+00  3.599999984980800e+00 -3.003840021165161e-08 -2.176055775571228e-07 
 7.214000000000022e-06  5.258518550985852e-07  5.258518551026724e-07  1.440088732125605e-05  1.570245050651964e-05  1.319999891197212e+00  3.599999984980800e+00 -3.003839932347319e-08 -2.176055771130336e-07 
 7.264000000000022e-06  5.258518550938689e-07  5.258518550983110e-07  1.440088732131284e-05  1.570245050644083e-05  1.319999891197212e+00  3.599999984980800e+00 -3.003839932347319e-08 -2.176055766689444e-07 
 7.314000000000023e-06  5.258518550904537e-07  5.258518550942958e-07  1.440088732123880e-05  1.570245050651470e-05  1.319999891197211e+00  3.599999984980800e+00 -3.003840109983003e-08 -2.176055775571228e-07 
 7.364000000000023e-06  5.258518551274521e-07  5.258518551067553e-07  1.440088732130422e-05  1.570245050658711e-05  1.319999891197211e+00  3.599999984980800e+00 -3.003839932347319e-08 -2.176055775571228e-07 
 7.414000000000023e-06  5.258518551500848e-07  5.258518551265790e-07  1.440088732123627e-05  1.570245050651893e-05  1.319999891197211e+00  3.599999984980800e+00 -3.003840109983003e-08 -2.176055775571228e-07 
 7.464000000000024e-06  5.258518551726633e-07  5.258518551489775e-07  1.440088732129759e-05  1.570245050642790e-05  1.319999891197211e+00  3.599999984980800e+00 -3.003839932347319e-08 -2.176055775571228e-07 
 7.514000000000024e-06  5.258518551151735e-07  5.258518551399356e-07  1.440088732121688e-05  1.570245050650958e-05  1.319999891197212e+00  3.599999984980800e+00 -3.003840109983003e-08 -2.176055766689444e-07 
 7.564000000000024e-06  5.258518551252566e-07  5.258518551322557e-07  1.440088732127860e-05  1.570245050653339e-05  1.319999891197212e+00  3.599999984980800e+00 -3.003839932347319e-08 -2.176055766689444e-07 
 7.614000000000025e-06  5.258518551215974e-07  5.258518551264564e-07  1.440088732135498e-05  1.570245050644282e-05  1.319999891197211e+00  3.599999984980800e+00 -3.003840109983003e-08 -2.176055775571228e-07 
 7.664000000000025e-06  5.258518551180195e-07  5.258518551219218e-07  1.440088732129030e-05  1.570245050653233e-05  1.319999891197211e+00  3.599999984980800e+00 -3.003839932347319e-08 -2.176055775571228e-07 
 7.714000000000025e-06  5.258518551136014e-07  5.258518551176867e-07  1.440088732121222e-05  1.570245050660769e-05  1.319999891197211e+00  3.599999984980800e+00 -3.003839932347319e-08 -2.176055775571228e-07 
 7.764000000000024e-06  5.258518551503287e-07  5.258518551298965e-07  1.440088732114237e-05  1.570245050653672e-05  1.319999891197212e+00  3.599999984980800e+00 -3.003839932347319e-08 -2.176055762248552e-07 
 7.814000000000024e-06  5.258518551328189e-07  5.258518551335074e-07  1.440088732120438e-05  1.570245050645638e-05  1.319999891197211e+00  3.599999984980800e+00 -3.003839932347319e-08 -2.176055775571228e-07 
 7.864000000000023e-06  5.258518551280213e-07  5.258518551320351e-07  1.440088732126586e-05  1.570245050636886e-05  1.319999891197211e+00  3.599999984980800e+00 -3.003840021165161e-08 -2.176055775571228e-07 
 7.914000000000023e-06  5.258518551249313e-07  5.258518551288992e-07  1.440088732119069e-05  1.570245050653998e-05  1.319999891197211e+00  3.599999984980800e+00 -3.003839932347319e-08 -2.176055775571228e-07 
 7.964000000000022e-06  5.258518551203776e-07  5.258518551248633e-07  1.440088732124626e-05  1.570245050646565e-05  1.319999891197211e+00  3.599999984980800e+00 -3.003840109983003e-08 -2.176055775571228e-07 
 8.014000000000022e-06  5.258518551574574e-07  5.258518551370938e-07  1.440088732117332e-05  1.570245050652728e-05  1.319999891197211e+00  3.599999984980800e+00 -3.003839932347319e-08 -2.176055775571228e-07 
 8.064000000000021e-06  5.258518551393512e-07  5.258518551404430e-07  1.440088732124107e-05  1.570245050644632e-05  1.319999891197211e+00  3.599999984980800e+00 -3.003840109983003e-08 -2.176055775571228e-07 
 8.114000000000021e-06  5.258518551353938e-07  5.258518551390932e-07  1.440088732129233e-05  1.570245050653392e-05  1.319999891197212e+00  3.599999984980800e+00 -3.003839932347319e-08 -2.176055766689444e-07 
 8.164000000000020e-06  5.258518551709015e-07  5.258518551515465e-07  1.440088732135115e-05  1.570245050661259e-05  1.319999891197211e+00  3.599999984980800e+00 -3.003840109983003e-08 -2.176055775571228e-07 
 8.214000000000020e-06  5.258518551162306e-07  5.258518551399109e-07  1.440088732128015e-05  1.570245050652516e-05  1.319999891197212e+00  3.599999984980800e+00 -3.003839932347319e-08 -2.176055762248552e-07 
 8.264000000000019e-06  5.258518551236574e-07  5.258518551310822e-07  1.440088732133222e-05  1.570245050644405e-05  1.319999891197212e+00  3.599999984980800e+00 -3.003840109983003e-08 -2.176055771130336e-07 
 8.314000000000019e-06  5.258518551197271e-07  5.258518551247745e-07  1.440088732126663e-05  1.570245050651901e-05  1.319999891197212e+00  3.599999984980800e+00 -3.003839932347319e-08 -2.176055762248552e-07 
 8.364000000000019e-06  5.258518551165016e-07  5.258518551202038e-07  1.440088732132913e-05  1.570245050643580e-05  1.319999891197212e+00  3.599999984980800e+00 -3.003839932347319e-08 -2.176055762248552e-07 
 8.414000000000018e-06  5.258518551118938e-07  5.258518551159657e-07  1.440088732111529e-05  1.570245050635959e-05  1.319999891197212e+00  3.599999984980800e+00 -3.003839932347319e-08 -2.176055771130336e-07 
 8.464000000000018e-06  5.258518551079906e-07  5.258518551119281e-07  1.440088732117495e-05  1.570245050643577e-05  1.319999891197211e+00  3.599999984980800e+00 -3.003839932347319e-08 -2.176055775571228e-07 
 8.514000000000017e-06  5.258518551019462e-07  5.258518551071277e-07  1.440088732124558e-05  1.570245050651969e-05  1.319999891197211e+00  3.599999984980800e+00 -3.003840109983003e-08 -2.176055775571228e-07 
 8.564000000000017e-06  5.258518551005367e-07  5.258518551035312e-07  1.440088732117381e-05  1.570245050659407e-05  1.319999891197211e+00  3.599999984980800e+00 -3.003839932347319e-08 -2.176055775571228e-07 
 8.614000000000016e-06  5.258518550946549e-07  5.258518550992614e-07  1.440088732123339e-05  1.570245050651013e-05  1.319999891197212e+00  3.599999984980800e+00 -3.003840109983003e-08 -2.176055771130336e-07 
 8.664000000000016e-06  5.258518550911584e-07  5.258518550951662e-07  1.440088732115573e-05  1.570245050642399e-05  1.319999891197212e+00  3.599999984980800e+00 -3.003839932347319e-08 -2.176055771130336e-07 
 8.714000000000015e-06  5.258518550876347e-07  5.258518550913346e-07  1.440088732122086e-05  1.570245050650695e-05  1.319999891197212e+00  3.599999984980800e+00 -3.003840109983003e-08 -2.176055771130336e-07 
 8.764000000000015e-06  5.258518551238471e-07  5.258518551035732e-07  1.440088732115244e-05  1.570245050642174e-05  1.319999891197212e+00  3.599999984980800e+00 -3.003839932347319e-08 -2.176055771130336e-07 
 8.814000000000014e-06  5.258518551067167e-07  5.258518551072784e-07  1.440088732121257e-05  1.570245050651221e-05  1.319999891197211e+00  3.599999984980800e+00 -3.003840109983003e-08 -2.176055775571228e-07 
 8.864000000000014e-06  5.258518551042230e-07  5.258518551067973e-07  1.440088732127947e-05  1.570245050658678e-05  1.319999891197211e+00  3.599999984980800e+00 -3.003839932347319e-08 -2.176055775571228e-07 
 8.914000000000013e-06  5.258518551397035e-07  5.258518551198636e-07  1.440088732121042e-05  1.570245050650062e-05  1.319999891197211e+00  3.599999984980800e+00 -3.003840109983003e-08 -2.176055775571228e-07 
 8.964000000000013e-06  5.258518551253108e-07  5.258518551246557e-07  1.440088732125927e-05  1.570245050658864e-05  1.319999891197211e+00  3.599999984980800e+00 -3.003839932347319e-08 -2.176055775571228e-07 
 9.014000000000012e-06  5.258518551190766e-07  5.258518551233825e-07  1.440088732118211e-05  1.570245050650606e-05  1.319999891197212e+00  3.599999984980800e+00 -3.003840109983003e-08 -2.176055771130336e-07 
 9.064000000000012e-06  5.258518551143061e-07  5.258518551194974e-07  1.440088732124750e-05  1.570245050641926e-05  1.319999891197212e+00  3.599999984980800e+00 -3.003839932347319e-08 -2.176055771130336e-07 
 9.114000000000011e-06  5.258518551108909e-07  5.258518551152778e-07  1.440088732129910e-05  1.570245050651166e-05  1.319999891197211e+00  3.599999984980800e+00 -3.003839932347319e-08 -2.176055775571228e-07 
 9.164000000000011e-06  5.258518551062017e-07  5.258518551108034e-07  1.440088732122697e-05  1.570245050657253e-05  1.319999891197211e+00  3.599999984980800e+00 -3.003839932347319e-08 -2.176055775571228e-07 
 9.214000000000010e-06  5.258518551427393e-07  5.258518551226829e-07  1.440088732128895e-05  1.570245050648678e-05  1.319999891197211e+00  3.599999984980800e+00 -3.003840109983003e-08 -2.176055775571228e-07 
 9.264000000000010e-06  5.258518551264492e-07  5.258518551265654e-07  1.440088732122107e-05  1.570245050656971e-05  1.319999891197211e+00  3.599999984980800e+00 -3.003839932347319e-08 -2.176055775571228e-07 
 9.314000000000009e-06  5.258518551196729e-07  5.258518551245849e-07  1.440088732127497e-05  1.570245050648235e-05  1.319999891197211e+00  3.599999984980800e+00 -3.003839932347319e-08 -2.176055775571228e-07 
 9.364000000000009e-06  5.258518551170437e-07  5.258518551211724e-07  1.440088732120159e-05  1.570245050655390e-05  1.319999891197211e+00  3.599999984980800e+00 -3.003840021165161e-08 -2.176055775571228e-07 
 9.414000000000008e-06  5.258518551535542e-07  5.258518551334427e-07  1.440088732112836e-05  1.570245050664651e-05  1.319999891197211e+00  3.599999984980800e+00 -3.003839932347319e-08 -2.176055775571228e-07 
 9.464000000000008e-06  5.258518551379417e-07  5.258518551376964e-07  1.440088732119003e-05  1.570245050655720e-05  1.319999891197211e+00  3.599999984980800e+00 -3.003839932347319e-08 -2.176055775571228e-07 
 9.514000000000008e-06  5.258518551318160e-07  5.258518551361950e-07  1.440088732124819e-05  1.570245050648654e-05  1.319999891197212e+00  3.599999984980800e+00 -3.003839932347319e-08 -2.176055771130336e-07 
 9.564000000000007e-06  5.258518551295663e-07  5.258518551332432e-07  1.440088732130399e-05  1.570245050656303e-05  1.319999891197212e+00  3.599999984980800e+00 -3.003839932347319e-08 -2.176055771130336e-07 
 9.614000000000007e-06  5.258518551663478e-07  5.258518551458947e-07  1.440088732123060e-05  1.570245050647704e-05  1.319999891197212e+00  3.599999984980800e+00 -3.003840109983003e-08 -2.176055771130336e-07 
 9.664000000000006e-06  5.258518551488379e-07  5.258518551496024e-07  1.440088732115771e-05  1.570245050654999e-05  1.319999891197212e+00  3.599999984980800e+00 -3.003839932347319e-08 -2.176055771130336e-07 
 9.714000000000006e-06  5.258518551442301e-07  5.258518551481951e-07  1.440088732121714e-05  1.570245050647452e-05  1.319999891197212e+00  3.599999984980800e+00 -3.003839932347319e-08 -2.176055771130336e-07 
 9.764000000000005e-06  5.258518551409775e-07  5.258518551450265e-07  1.440088732127535e-05  1.570245050654516e-05  1.319999891197212e+00  3.599999984980800e+00 -3.003839932347319e-08 -2.176055771130336e-07 
 9.814000000000005e-06  5.258518551369930e-07  5.258518551411794e-07  1.440088732120241e-05  1.570245050647053e-05  1.319999891197211e+00  3.599999984980800e+00 -3.003839932347319e-08 -2.176055775571228e-07 
 9.864000000000004e-06  5.258518551329273e-07  5.258518551371091e-07  1.440088732125717e-05  1.570245050655989e-05  1.319999891197211e+00  3.599999984980800e+00 -3.003839932347319e-08 -2.176055775571228e-07 
 9.914000000000004e-06  5.258518551279128e-07  5.258518551326165e-07  1.440088732132639e-05  1.570245050647125e-05  1.319999891197211e+00  3.599999984980800e+00 -3.003839932347319e-08 -2.176055775571228e-07 
 9.964000000000003e-06  5.258518551229255e-07  5.258518551278417e-07  1.440088732114621e-05  1.570245050654871e-05  1.319999891197212e+00  3.599999984980800e+00 -3.003839932347319e-08 -2.176055771130336e-07 
 1.001400000000000e-05  5.258518551195916e-07  5.258518551235867e-07  1.440088732121749e-05  1.570245050661868e-05  1.319999891197211e+00  3.599999984980800e+00 -3.003839932347319e-08 -2.176055775571228e-07 
 1.006400000000000e-05  5.258518551152548e-07  5.258518551194030e-07  1.440088732126740e-05  1.570245050639054e-05  1.319999891197211e+00  3.599999984980800e+00 -3.003839932347319e-08 -2.176055775571228e-07 
 1.011400000000000e-05  5.258518551105385e-07  5.258518551150206e-07  1.440088732120226e-05  1.570245050645988e-05  1.319999891197212e+00  3.599999984980800e+00 -3.003840021165161e-08 -2.176055771130336e-07 
 1.016400000000000e-05  5.258518551060391e-07  5.258518551105515e-07  1.440088732126720e-05  1.570245050654239e-05  1.319999891197212e+00  3.599999984980800e+00 -3.003839932347319e-08 -2.176055771130336e-07 
 1.021400000000000e-05  5.258518551424412e-07  5.258518551224137e-07  1.440088732119614e-05  1.570245050663059e-05  1.319999891197211e+00  3.599999984980800e+00 -3.003839932347319e-08 -2.176055775571228e-07 
 1.026400000000000e-05  5.258518551243079e-07  5.258518551255439e-07  1.440088732125079e-05  1.570245050654645e-05  1.319999891197211e+00  3.599999984980800e+00 -3.003840109983003e-08 -2.176055775571228e-07 
 1.031400000000000e-05  5.258518551199982e-07  5.258518551239517e-07  1.440088732118202e-05  1.570245050646395e-05  1.319999891197211e+00  3.599999984980800e+00 -3.003839932347319e-08 -2.176055775571228e-07 
 1.036400000000000e-05  5.258518551150108e-07  5.258518551200569e-07  1.440088732123581e-05  1.570245050652611e-05  1.319999891197211e+00  3.599999984980800e+00 -3.003839932347319e-08 -2.176055775571228e-07 
 1.041400000000000e-05  5.258518551110806e-07  5.258518551156875e-07  1.440088732117168e-05  1.570245050662024e-05  1.319999891197211e+00  3.599999984980800e+00 -3.003839932347319e-08 -2.176055775571228e-07 
 1.046400000000000e-05  5.258518551072859e-07  5.258518551114530e-07  1.440088732124124e-05  1.570245050653064e-05  1.319999891197212e+00  3.599999984980800e+00 -3.003839932347319e-08 -2.176055766689444e-07 
 1.051400000000000e-05  5.258518551026238e-07  5.258518551070745e-07  1.440088732116504e-05  1.570245050645839e-05  1.319999891197212e+00  3.599999984980800e+00 -3.003839932347319e-08 -2.176055766689444e-07 
 1.056400000000000e-05  5.258518551396493e-07  5.258518551192287e-07  1.440088732123595e-05  1.570245050646435e-05  1.319999891197211e+00  3.599999984980800e+00 -3.003839932347319e-08 -2.176055775571228e-07 
 1.061400000000000e-05  5.258518551212721e-07  5.258518551224770e-07  1.440088732131467e-05  1.570245050648876e-05  1.319999891197212e+00  3.599999984980800e+00 -3.003840109983003e-08 -2.176055771130336e-07 
 1.066400000000000e-05  5.258518551171521e-07  5.258518551209967e-07  1.440088732124042e-05  1.570245050639104e-05  1.319999891197211e+00  3.599999984980800e+00 -3.003839932347319e-08 -2.176055775571228e-07 
 1.071400000000000e-05  5.258518551121648e-07  5.258518551171679e-07  1.440088732117939e-05  1.570245050647741e-05  1.319999891197211e+00  3.599999984980800e+00 -3.003840109983003e-08 -2.176055775571228e-07 
 1.076400000000000e-05  5.258518551087767e-07  5.258518551130457e-07  1.440088732123562e-05  1.570245050656487e-05  1.319999891197212e+00  3.599999984980800e+00 -3.003839932347319e-08 -2.176055771130336e-07 
 1.081400000000000e-05  5.258518551041146e-07  5.258518551086488e-07  1.440088732129493e-05  1.570245050641691e-05  1.319999891197211e+00  3.599999984980800e+00 -3.003840109983003e-08 -2.176055775571228e-07 
 1.086399999999999e-05  5.258518551408420e-07  5.258518551206467e-07  1.440088732122052e-05  1.570245050648608e-05  1.319999891197211e+00  3.599999984980800e+00 -3.003839932347319e-08 -2.176055775571228e-07 
 1.091399999999999e-05  5.258518551252294e-07  5.258518551248794e-07  1.440088732128489e-05  1.570245050656315e-05  1.319999891197211e+00  3.599999984980799e+00 -3.003840198800845e-08 -2.176055775571228e-07 
 1.096399999999999e-05  5.258518551604931e-07  5.258518551399714e-07  1.440088732121691e-05  1.570245050649301e-05  1.319999891197212e+00  3.599999984980800e+00 -3.003839932347319e-08 -2.176055771130336e-07 
 1.101399999999999e-05  5.258518551451246e-07  5.258518551450511e-07  1.440088732127228e-05  1.570245050656219e-05  1.319999891197212e+00  3.599999984980800e+00 -3.003839932347319e-08 -2.176055762248552e-07 
 1.106399999999999e-05  5.258518551001573e-07  5.258518551281096e-07  1.440088732119488e-05  1.570245050648226e-05  1.319999891197211e+00  3.599999984980800e+00 -3.003839932347319e-08 -2.176055775571228e-07 
 1.111399999999999e-05  5.258518551079635e-07  5.258518551166629e-07  1.440088732125680e-05  1.570245050656096e-05  1.319999891197211e+00  3.599999984980800e+00 -3.003839932347319e-08 -2.176055775571228e-07 
 1.116399999999999e-05  5.258518551462630e-07  5.258518551262136e-07  1.440088732131806e-05  1.570245050647060e-05  1.319999891197212e+00  3.599999984980800e+00 -3.003839932347319e-08 -2.176055771130336e-07 
 1.121399999999999e-05  5.258518550890171e-07  5.258518551132452e-07  1.440088732124142e-05  1.570245050637689e-05  1.319999891197212e+00  3.599999984980800e+00 -3.003839932347319e-08 -2.176055771130336e-07 
 1.126399999999999e-05  5.258518550963626e-07  5.258518551038984e-07  1.440088732130263e-05  1.570245050646346e-05  1.319999891197212e+00  3.599999984980800e+00 -3.003839932347319e-08 -2.176055771130336e-07 
 1.131399999999999e-05  5.258518550935165e-07  5.258518550978763e-07  1.440088732122881e-05  1.570245050652962e-05  1.319999891197211e+00  3.599999984980800e+00 -3.003840109983003e-08 -2.176055775571228e-07 
 1.136399999999999e-05  5.258518551302710e-07  5.258518551096297e-07  1.440088732115678e-05  1.570245050661768e-05  1.319999891197211e+00  3.599999984980800e+00 -3.003839932347319e-08 -2.176055775571228e-07 
 1.141399999999999e-05  5.258518551134387e-07  5.258518551135041e-07  1.440088732122270e-05  1.570245050652877e-05  1.319999891197211e+00  3.599999984980800e+00 -3.003839932347319e-08 -2.176055775571228e-07 
 1.146399999999999e-05  5.258518551082075e-07  5.258518551121603e-07  1.440088732128266e-05  1.570245050645463e-05  1.319999891197211e+00  3.599999984980800e+00 -3.003840021165161e-08 -2.176055775571228e-07 
 1.151399999999999e-05  5.258518551039520e-07  5.258518551086082e-07  1.440088732120760e-05  1.570245050653225e-05  1.319999891197211e+00  3.599999984980800e+00 -3.003839932347319e-08 -2.176055775571228e-07 
 1.156399999999999e-05  5.258518551010246e-07  5.258518551048643e-07  1.440088732126806e-05  1.570245050644422e-05  1.319999891197211e+00  3.599999984980800e+00 -3.003839932347319e-08 -2.176055775571228e-07 
 1.161399999999999e-05  5.258518550961186e-07  5.258518551006173e-07  1.440088732119479e-05  1.570245050646742e-05  1.319999891197212e+00  3.599999984980800e+00 -3.003839932347319e-08 -2.176055766689444e-07 
 1.166399999999999e-05  5.258518550920258e-07  5.258518550963313e-07  1.440088732125832e-05  1.570245050653485e-05  1.319999891197212e+00  3.599999984980800e+00 -3.003839932347319e-08 -2.176055771130336e-07 
 1.171399999999999e-05  5.258518551284278e-07  5.258518551083127e-07  1.440088732131895e-05  1.570245050646253e-05  1.319999891197212e+00  3.599999984980800e+00 -3.003840109983003e-08 -2.176055771130336e-07 
 1.176399999999999e-05  5.258518551521719e-07  5.258518551282527e-07  1.440088732124388e-05  1.570245050654054e-05  1.319999891197211e+00  3.599999984980800e+00 -3.003839932347319e-08 -2.176055775571228e-07 
 1.181399999999999e-05  5.258518550952784e-07  5.258518551190510e-07  1.440088732117169e-05  1.570245050645625e-05  1.319999891197212e+00  3.599999984980800e+00 -3.003839932347319e-08 -2.176055766689444e-07 
 1.186399999999999e-05  5.258518551436338e-07  5.258518551270438e-07  1.440088732123689e-05  1.570245050652897e-05  1.319999891197211e+00  3.599999984980800e+00 -3.003839932347319e-08 -2.176055775571228e-07 
 1.191399999999998e-05  5.258518551281026e-07  5.258518551290659e-07  1.440088732116622e-05  1.570245050643615e-05  1.319999891197211e+00  3.599999984980800e+00 -3.003839932347319e-08 -2.176055775571228e-07 
 1.196399999999998e-05  5.258518551242537e-07  5.258518551275454e-07  1.440088732123231e-05  1.570245050652513e-05  1.319999891197211e+00  3.599999984980800e+00 -3.003839932347319e-08 -2.176055775571228e-07 
 1.201399999999998e-05  5.258518551188327e-07  5.258518551237562e-07  1.440088732129152e-05  1.570245050659226e-05  1.319999891197211e+00  3.599999984980800e+00 -3.003839932347319e-08 -2.176055775571228e-07 
 1.206399999999998e-05  5.258518551568610e-07  5.258518551362403e-07  1.440088732121955e-05  1.570245050652279e-05  1.319999891197211e+00  3.599999984980800e+00 -3.003839932347319e-08 -2.176055775571228e-07 
 1.211399999999998e-05  5.258518551383754e-07  5.258518551395911e-07  1.440088732128942e-05  1.570245050643299e-05  1.319999891197211e+00  3.599999984980800e+00 -3.003840109983003e-08 -2.176055775571228e-07 
 1.216399999999998e-05  5.258518551342825e-07  5.258518551381378e-07  1.440088732122129e-05  1.570245050650476e-05  1.319999891197211e+00  3.599999984980800e+00 -3.003839932347319e-08 -2.176055775571228e-07 
 1.221399999999998e-05  5.258518551298915e-07  5.258518551345486e-07  1.440088732115180e-05  1.570245050659457e-05  1.319999891197211e+00  3.599999984980800e+00 -3.003840109983003e-08 -2.176055775571228e-07 
 1.226399999999998e-05  5.258518551275876e-07  5.258518551310463e-07  1.440088732121057e-05  1.570245050650427e-05  1.319999891197211e+00  3.599999984980800e+00 -3.003839932347319e-08 -2.176055775571228e-07 
 1.231399999999998e-05  5.258518551627428e-07  5.258518551430246e-07  1.440088732126514e-05  1.570245050643015e-05  1.319999891197212e+00  3.599999984980800e+00 -3.003840109983003e-08 -2.176055766689444e-07 
 1.236399999999998e-05  5.258518551467509e-07  5.258518551469107e-07  1.440088732118656e-05  1.570245050650611e-05  1.319999891197212e+00  3.599999984980800e+00 -3.003839932347319e-08 -2.176055771130336e-07 
 1.241399999999998e-05  5.258518551398662e-07  5.258518551448702e-07  1.440088732125403e-05  1.570245050643564e-05  1.319999891197211e+00  3.599999984980800e+00 -3.003840109983003e-08 -2.176055775571228e-07 
 1.246399999999998e-05  5.258518551364780e-07  5.258518551411053e-07  1.440088732117534e-05  1.570245050650947e-05  1.319999891197211e+00  3.599999984980800e+00 -3.003839932347319e-08 -2.176055775571228e-07 
 1.251399999999998e-05  5.258518551321412e-07  5.258518551367667e-07  1.440088732123823e-05  1.570245050659938e-05  1.319999891197212e+00  3.599999984980800e+00 -3.003839932347319e-08 -2.176055771130336e-07 
 1.256399999999998e-05  5.258518551283194e-07  5.258518551325201e-07  1.440088732129046e-05  1.570245050651191e-05  1.319999891197212e+00  3.599999984980800e+00 -3.003839932347319e-08 -2.176055762248552e-07 
 1.261399999999998e-05  5.258518551235489e-07  5.258518551280823e-07  1.440088732121610e-05  1.570245050658859e-05  1.319999891197212e+00  3.599999984980799e+00 -3.003840198800845e-08 -2.176055771130336e-07 
 1.266399999999998e-05  5.258518551203234e-07  5.258518551240911e-07  1.440088732128001e-05  1.570245050650563e-05  1.319999891197212e+00  3.599999984980800e+00 -3.003839932347319e-08 -2.176055771130336e-07 
 1.271399999999998e-05  5.258518551153903e-07  5.258518551198126e-07  1.440088732120543e-05  1.570245050651914e-05  1.319999891197211e+00  3.599999984980800e+00 -3.003840021165161e-08 -2.176055775571228e-07 
 1.276399999999998e-05  5.258518551120835e-07  5.258518551158653e-07  1.440088732125624e-05  1.570245050642156e-05  1.319999891197211e+00  3.599999984980800e+00 -3.003839932347319e-08 -2.176055775571228e-07 
 1.281399999999998e-05  5.258518551480790e-07  5.258518551279613e-07  1.440088732132072e-05  1.570245050650676e-05  1.319999891197212e+00  3.599999984980800e+00 -3.003839932347319e-08 -2.176055771130336e-07 
 1.286399999999998e-05  5.258518551305691e-07  5.258518551314237e-07  1.440088732124786e-05  1.570245050642130e-05  1.319999891197212e+00  3.599999984980800e+00 -3.003839932347319e-08 -2.176055771130336e-07 
 1.291399999999997e-05  5.258518551260968e-07  5.258518551299854e-07  1.440088732117573e-05  1.570245050649430e-05  1.319999891197212e+00  3.599999984980800e+00 -3.003839932347319e-08 -2.176055762248552e-07 
 1.296399999999997e-05  5.258518551215703e-07  5.258518551263316e-07  1.440088732124013e-05  1.570245050657563e-05  1.319999891197212e+00  3.599999984980800e+00 -3.003839932347319e-08 -2.176055766689444e-07 
 1.301399999999997e-05  5.258518551174232e-07  5.258518551220375e-07  1.440088732118122e-05  1.570245050650391e-05  1.319999891197211e+00  3.599999984980800e+00 -3.003840109983003e-08 -2.176055775571228e-07 
 1.306399999999997e-05  5.258518551141435e-07  5.258518551180211e-07  1.440088732124147e-05  1.570245050642492e-05  1.319999891197212e+00  3.599999984980800e+00 -3.003839932347319e-08 -2.176055771130336e-07 
 1.311399999999997e-05  5.258518551491632e-07  5.258518551296747e-07  1.440088732116700e-05  1.570245050649779e-05  1.319999891197211e+00  3.599999984980800e+00 -3.003840109983003e-08 -2.176055775571228e-07 
 1.316399999999997e-05  5.258518551320057e-07  5.258518551329379e-07  1.440088732121949e-05  1.570245050642576e-05  1.319999891197211e+00  3.599999984980800e+00 -3.003839932347319e-08 -2.176055775571228e-07 
 1.321399999999997e-05  5.258518551267202e-07  5.258518551311034e-07  1.440088732115197e-05  1.570245050649889e-05  1.319999891197211e+00  3.599999984980800e+00 -3.003839932347319e-08 -2.176055775571228e-07 
 1.326399999999997e-05  5.258518551225189e-07  5.258518551273028e-07  1.440088732121056e-05  1.570245050658810e-05  1.319999891197211e+00  3.599999984980800e+00 -3.003839932347319e-08 -2.176055775571228e-07 
 1.331399999999997e-05  5.258518551190495e-07  5.258518551232414e-07  1.440088732114065e-05  1.570245050650250e-05  1.319999891197211e+00  3.599999984980800e+00 -3.003840021165161e-08 -2.176055775571228e-07 
 1.336399999999997e-05  5.258518551156072e-07  5.258518551193754e-07  1.440088732119606e-05  1.570245050658056e-05  1.319999891197211e+00  3.599999984980800e+00 -3.003839932347319e-08 -2.176055775571228e-07 
 1.341399999999997e-05  5.258518551530121e-07  5.258518551320570e-07  1.440088732112328e-05  1.570245050648516e-05  1.319999891197212e+00  3.599999984980800e+00 -3.003839932347319e-08 -2.176055771130336e-07 
 1.346399999999997e-05  5.258518551343096e-07  5.258518551354944e-07  1.440088732119440e-05  1.570245050657622e-05  1.319999891197212e+00  3.599999984980800e+00 -3.003839932347319e-08 -2.176055771130336e-07 
 1.351399999999997e-05  5.258518551305962e-07  5.258518551342227e-07  1.440088732111543e-05  1.570245050648286e-05  1.319999891197212e+00  3.599999984980800e+00 -3.003839932347319e-08 -2.176055771130336e-07 
 1.356399999999997e-05  5.258518551259613e-07  5.258518551306638e-07  1.440088732117284e-05  1.570245050655885e-05  1.319999891197211e+00  3.599999984980800e+00 -3.003840021165161e-08 -2.176055775571228e-07 
 1.361399999999997e-05  5.258518551222750e-07  5.258518551265966e-07  1.440088732123309e-05  1.570245050664512e-05  1.319999891197211e+00  3.599999984980800e+00 -3.003839932347319e-08 -2.176055775571228e-07 
 1.366399999999997e-05  5.258518551578368e-07  5.258518551382793e-07  1.440088732129600e-05  1.570245050639928e-05  1.319999891197212e+00  3.599999984980800e+00 -3.003840109983003e-08 -2.176055771130336e-07 
 1.371399999999997e-05  5.258518551427122e-07  5.258518551423891e-07  1.440088732135747e-05  1.570245050664983e-05  1.319999891197212e+00  3.599999984980800e+00 -3.003839932347319e-08 -2.176055771130336e-07 
 1.376399999999997e-05  5.258518551373183e-07  5.258518551411827e-07  1.440088732116112e-05  1.570245050655959e-05  1.319999891197211e+00  3.599999984980800e+00 -3.003840109983003e-08 -2.176055775571228e-07 
 1.381399999999997e-05  5.258518551350957e-07  5.258518551385066e-07  1.440088732122028e-05  1.570245050648726e-05  1.319999891197211e+00  3.599999984980800e+00 -3.003839932347319e-08 -2.176055775571228e-07 
 1.386399999999997e-05  5.258518551296476e-07  5.258518551344278e-07  1.440088732127565e-05  1.570245050656139e-05  1.319999891197211e+00  3.599999984980800e+00 -3.003840109983003e-08 -2.176055775571228e-07 
 1.391399999999997e-05  5.258518551274250e-07  5.258518551308110e-07  1.440088732120600e-05  1.570245050663410e-05  1.319999891197212e+00  3.599999984980800e+00 -3.003839932347319e-08 -2.176055766689444e-07 
 1.396399999999996e-05  5.258518551222750e-07  5.258518551266732e-07  1.440088732113457e-05  1.570245050655305e-05  1.319999891197211e+00  3.599999984980800e+00 -3.003840109983003e-08 -2.176055775571228e-07 
 1.401399999999996e-05  5.258518551186429e-07  5.258518551226335e-07  1.440088732119133e-05  1.570245050648075e-05  1.319999891197211e+00  3.599999984980800e+00 -3.003839932347319e-08 -2.176055775571228e-07 
 1.406399999999996e-05  5.258518551144416e-07  5.258518551185488e-07  1.440088732125455e-05  1.570245050655299e-05  1.319999891197212e+00  3.599999984980800e+00 -3.003839932347319e-08 -2.176055771130336e-07 
 1.411399999999996e-05  5.258518551501661e-07  5.258518551303788e-07  1.440088732117857e-05  1.570245050646824e-05  1.319999891197212e+00  3.599999984980800e+00 -3.003839932347319e-08 -2.176055771130336e-07 
 1.416399999999996e-05  5.258518551329002e-07  5.258518551337534e-07  1.440088732122819e-05  1.570245050638613e-05  1.319999891197212e+00  3.599999984980800e+00 -3.003840109983003e-08 -2.176055771130336e-07 
 1.421399999999996e-05  5.258518551288886e-07  5.258518551324824e-07  1.440088732116282e-05  1.570245050645880e-05  1.319999891197212e+00  3.599999984980800e+00 -3.003839932347319e-08 -2.176055762248552e-07 
 1.426399999999996e-05  5.258518551231695e-07  5.258518551285030e-07  1.440088732122424e-05  1.570245050654685e-05  1.319999891197212e+00  3.599999984980800e+00 -3.003839932347319e-08 -2.176055771130336e-07 
 1.431399999999996e-05  5.258518551203505e-07  5.258518551244462e-07  1.440088732127284e-05  1.570245050663297e-05  1.319999891197212e+00  3.599999984980800e+00 -3.003840021165161e-08 -2.176055771130336e-07 
 1.436399999999996e-05  5.258518551566984e-07  5.258518551365356e-07  1.440088732120151e-05  1.570245050655086e-05  1.319999891197211e+00  3.599999984980800e+00 -3.003839932347319e-08 -2.176055775571228e-07 
 1.441399999999996e-05  5.258518551410317e-07  5.258518551407521e-07  1.440088732127074e-05  1.570245050645805e-05  1.319999891197211e+00  3.599999984980800e+00 -3.003839932347319e-08 -2.176055775571228e-07 
 1.446399999999996e-05  5.258518551348788e-07  5.258518551392461e-07  1.440088732119339e-05  1.570245050653067e-05  1.319999891197211e+00  3.599999984980800e+00 -3.003839932347319e-08 -2.176055775571228e-07 
 1.451399999999996e-05  5.258518551326291e-07  5.258518551362982e-07  1.440088732125727e-05  1.570245050645404e-05  1.319999891197211e+00  3.599999984980800e+00 -3.003839932347319e-08 -2.176055775571228e-07 
 1.456399999999996e-05  5.258518551289699e-07  5.258518551327773e-07  1.440088732131730e-05  1.570245050636494e-05  1.319999891197212e+00  3.599999984980800e+00 -3.003840109983003e-08 -2.176055771130336e-07 
 1.461399999999996e-05  5.258518551242537e-07  5.258518551286636e-07  1.440088732125605e-05  1.570245050659761e-05  1.319999891197212e+00  3.599999984980800e+00 -3.003839932347319e-08 -2.176055771130336e-07 
 1.466399999999996e-05  5.258518551203776e-07  5.258518551245266e-07  1.440088732118730e-05  1.570245050653013e-05  1.319999891197211e+00  3.599999984980800e+00 -3.003839932347319e-08 -2.176055775571228e-07 
 1.471399999999996e-05  5.258518551166371e-07  5.258518551205434e-07  1.440088732125004e-05  1.570245050644144e-05  1.319999891197212e+00  3.599999984980800e+00 -3.003839932347319e-08 -2.176055766689444e-07 
 1.476399999999996e-05  5.258518551111890e-07  5.258518551160050e-07  1.440088732130465e-05  1.570245050635611e-05  1.319999891197211e+00  3.599999984980800e+00 -3.003839932347319e-08 -2.176055775571228e-07 
 1.481399999999996e-05  5.258518551074756e-07  5.258518551116856e-07  1.440088732124379e-05  1.570245050660592e-05  1.319999891197211e+00  3.599999984980800e+00 -3.003839932347319e-08 -2.176055775571228e-07 
 1.486399999999996e-05  5.258518551031117e-07  5.258518551073922e-07  1.440088732117347e-05  1.570245050651602e-05  1.319999891197211e+00  3.599999984980800e+00 -3.003840021165161e-08 -2.176055775571228e-07 
 1.491399999999996e-05  5.258518550979889e-07  5.258518551027723e-07  1.440088732123290e-05  1.570245050660901e-05  1.319999891197211e+00  3.599999984980800e+00 -3.003840109983003e-08 -2.176055775571228e-07 
 1.496399999999996e-05  5.258518550956036e-07  5.258518550989808e-07  1.440088732117245e-05  1.570245050652035e-05  1.319999891197211e+00  3.599999984980800e+00 -3.003839932347319e-08 -2.176055775571228e-07 
 1.501399999999995e-05  5.258518550898845e-07  5.258518550945840e-07  1.440088732122961e-05  1.570245050643506e-05  1.319999891197211e+00  3.599999984980800e+00 -3.003840109983003e-08 -2.176055775571228e-07 
 1.506399999999995e-05  5.258518551267744e-07  5.258518551065807e-07  1.440088732115189e-05  1.570245050652707e-05  1.319999891197211e+00  3.599999984980800e+00 -3.003839932347319e-08 -2.176055775571228e-07 
 1.511399999999995e-05  5.258518551092104e-07  5.258518551100320e-07  1.440088732121533e-05  1.570245050643837e-05  1.319999891197212e+00  3.599999984980799e+00 -3.003840198800845e-08 -2.176055771130336e-07 
 1.516399999999995e-05  5.258518551061204e-07  5.258518551091576e-07  1.440088732114106e-05  1.570245050651499e-05  1.319999891197212e+00  3.599999984980800e+00 -3.003839932347319e-08 -2.176055771130336e-07 
 1.521399999999995e-05  5.258518551018920e-07  5.258518551060765e-07  1.440088732120456e-05  1.570245050660696e-05  1.319999891197211e+00  3.599999984980800e+00 -3.003840109983003e-08 -2.176055775571228e-07 
 1.526399999999995e-05  5.258518551387820e-07  5.258518551185425e-07  1.440088732126078e-05  1.570245050650915e-05  1.319999891197212e+00  3.599999984980800e+00 -3.003839932347319e-08 -2.176055766689444e-07 
 1.531399999999996e-05  5.258518551231966e-07  5.258518551228974e-07  1.440088732118247e-05  1.570245050644027e-05  1.319999891197212e+00  3.599999984980800e+00 -3.003839932347319e-08 -2.176055771130336e-07 
 1.536399999999996e-05  5.258518551178840e-07  5.258518551217630e-07  1.440088732123763e-05  1.570245050650736e-05  1.319999891197212e+00  3.599999984980800e+00 -3.003839932347319e-08 -2.176055771130336e-07 
 1.541399999999996e-05  5.258518551142248e-07  5.258518551185208e-07  1.440088732129644e-05  1.570245050642381e-05  1.319999891197211e+00  3.599999984980800e+00 -3.003840021165161e-08 -2.176055775571228e-07 
 1.546399999999996e-05  5.258518551110535e-07  5.258518551148855e-07  1.440088732122701e-05  1.570245050651163e-05  1.319999891197211e+00  3.599999984980800e+00 -3.003839932347319e-08 -2.176055775571228e-07 
 1.551399999999996e-05  5.258518551068251e-07  5.258518551109343e-07  1.440088732128931e-05  1.570245050642919e-05  1.319999891197212e+00  3.599999984980800e+00 -3.003839932347319e-08 -2.176055766689444e-07 
 1.556399999999996e-05  5.258518551442843e-07  5.258518551234841e-07  1.440088732120829e-05  1.570245050650301e-05  1.319999891197211e+00  3.599999984980800e+00 -3.003839932347319e-08 -2.176055775571228e-07 
 1.561399999999996e-05  5.258518551269913e-07  5.258518551273970e-07  1.440088732127296e-05  1.570245050641838e-05  1.319999891197211e+00  3.599999984980800e+00 -3.003840109983003e-08 -2.176055775571228e-07 
 1.566399999999996e-05  5.258518551229526e-07  5.258518551264018e-07  1.440088732132957e-05  1.570245050650941e-05  1.319999891197211e+00  3.599999984980800e+00 -3.003839932347319e-08 -2.176055775571228e-07 
 1.571399999999997e-05  5.258518551196458e-07  5.258518551235004e-07  1.440088732125959e-05  1.570245050650348e-05  1.319999891197211e+00  3.599999984980800e+00 -3.003839932347319e-08 -2.176055775571228e-07 
 1.576399999999997e-05  5.258518551153090e-07  5.258518551196436e-07  1.440088732119099e-05  1.570245050658886e-05  1.319999891197212e+00  3.599999984980800e+00 -3.003839932347319e-08 -2.176055766689444e-07 
 1.581399999999997e-05  5.258518551101861e-07  5.258518551150892e-07  1.440088732125534e-05  1.570245050643521e-05  1.319999891197211e+00  3.599999984980800e+00 -3.003839932347319e-08 -2.176055775571228e-07 
 1.586399999999997e-05  5.258518551064727e-07  5.258518551107318e-07  1.440088732118904e-05  1.570245050652356e-05  1.319999891197212e+00  3.599999984980800e+00 -3.003839932347319e-08 -2.176055771130336e-07 
 1.591399999999997e-05  5.258518551022444e-07  5.258518551064654e-07  1.440088732124494e-05  1.570245050653075e-05  1.319999891197211e+00  3.599999984980800e+00 -3.003839932347319e-08 -2.176055775571228e-07 
 1.596399999999997e-05  5.258518550981786e-07  5.258518551022975e-07  1.440088732117860e-05  1.570245050644670e-05  1.319999891197211e+00  3.599999984980800e+00 -3.003839932347319e-08 -2.176055775571228e-07 
 1.601399999999997e-05  5.258518550935165e-07  5.258518550979516e-07  1.440088732123657e-05  1.570245050646957e-05  1.319999891197211e+00  3.599999984980800e+00 -3.003840109983003e-08 -2.176055775571228e-07 
 1.606399999999997e-05  5.258518550898574e-07  5.258518550938448e-07  1.440088732116795e-05  1.570245050634328e-05  1.319999891197211e+00  3.599999984980800e+00 -3.003839932347319e-08 -2.176055775571228e-07 
 1.611399999999997e-05  5.258518551260155e-07  5.258518551058917e-07  1.440088732122986e-05  1.570245050655366e-05  1.319999891197211e+00  3.599999984980800e+00 -3.003840109983003e-08 -2.176055775571228e-07 
 1.616399999999998e-05  5.258518551099964e-07  5.258518551099429e-07  1.440088732116082e-05  1.570245050649712e-05  1.319999891197211e+00  3.599999984980800e+00 -3.003839932347319e-08 -2.176055775571228e-07 
 1.621399999999998e-05  5.258518551042501e-07  5.258518551084762e-07  1.440088732121005e-05  1.570245050640377e-05  1.319999891197211e+00  3.599999984980800e+00 -3.003840109983003e-08 -2.176055775571228e-07 
 1.626399999999998e-05  5.258518551021359e-07  5.258518551056468e-07  1.440088732114349e-05  1.570245050648576e-05  1.319999891197211e+00  3.599999984980800e+00 -3.003839932347319e-08 -2.176055775571228e-07 
 1.631399999999998e-05  5.258518550973112e-07  5.258518551017467e-07  1.440088732121088e-05  1.570245050655479e-05  1.319999891197211e+00  3.599999984980800e+00 -3.003840109983003e-08 -2.176055775571228e-07 
 1.636399999999998e-05  5.258518550938147e-07  5.258518550977939e-07  1.440088732127459e-05  1.570245050664163e-05  1.319999891197211e+00  3.599999984980800e+00 -3.003839932347319e-08 -2.176055775571228e-07 
 1.641399999999998e-05  5.258518551299728e-07  5.258518551098750e-07  1.440088732133445e-05  1.570245050655162e-05  1.319999891197211e+00  3.599999984980800e+00 -3.003839932347319e-08 -2.176055775571228e-07 
 1.646399999999998e-05  5.258518551130322e-07  5.258518551135541e-07  1.440088732125699e-05  1.570245050648009e-05  1.319999891197212e+00  3.599999984980800e+00 -3.003839932347319e-08 -2.176055766689444e-07 
 1.651399999999998e-05  5.258518551075570e-07  5.258518551118910e-07  1.440088732118123e-05  1.570245050655823e-05  1.319999891197211e+00  3.599999984980800e+00 -3.003840109983003e-08 -2.176055775571228e-07 
 1.656399999999999e-05  5.258518551043043e-07  5.258518551085237e-07  1.440088732125670e-05  1.570245050646082e-05  1.319999891197212e+00  3.599999984980800e+00 -3.003839932347319e-08 -2.176055771130336e-07 
 1.661399999999999e-05  5.258518551396222e-07  5.258518551202898e-07  1.440088732118894e-05  1.570245050655174e-05  1.319999891197212e+00  3.599999984980800e+00 -3.003839932347319e-08 -2.176055771130336e-07 
 1.666399999999999e-05  5.258518551231424e-07  5.258518551237841e-07  1.440088732124516e-05  1.570245050661889e-05  1.319999891197211e+00  3.599999984980800e+00 -3.003839932347319e-08 -2.176055775571228e-07 
 1.671399999999999e-05  5.258518551587584e-07  5.258518551384727e-07  1.440088732117590e-05  1.570245050654896e-05  1.319999891197212e+00  3.599999984980800e+00 -3.003839932347319e-08 -2.176055766689444e-07 
 1.676399999999999e-05  5.258518551416822e-07  5.258518551426943e-07  1.440088732123506e-05  1.570245050662051e-05  1.319999891197211e+00  3.599999984980800e+00 -3.003839932347319e-08 -2.176055775571228e-07 
 1.681399999999999e-05  5.258518551378333e-07  5.258518551415942e-07  1.440088732130450e-05  1.570245050637409e-05  1.319999891197212e+00  3.599999984980800e+00 -3.003839932347319e-08 -2.176055766689444e-07 
 1.686399999999999e-05  5.258518551333068e-07  5.258518551380592e-07  1.440088732123289e-05  1.570245050646441e-05  1.319999891197211e+00  3.599999984980800e+00 -3.003840021165161e-08 -2.176055775571228e-07 
 1.691399999999999e-05  5.258518551297289e-07  5.258518551340202e-07  1.440088732116038e-05  1.570245050639308e-05  1.319999891197212e+00  3.599999984980800e+00 -3.003839932347319e-08 -2.176055766689444e-07 
 1.696400000000000e-05  5.258518551263408e-07  5.258518551301405e-07  1.440088732121915e-05  1.570245050645592e-05  1.319999891197211e+00  3.599999984980800e+00 -3.003839932347319e-08 -2.176055775571228e-07 
 1.701400000000000e-05  5.258518551225732e-07  5.258518551263377e-07  1.440088732126882e-05  1.570245050653499e-05  1.319999891197211e+00  3.599999984980800e+00 -3.003839932347319e-08 -2.176055775571228e-07 
 1.706400000000000e-05  5.258518551181821e-07  5.258518551223149e-07  1.440088732120272e-05  1.570245050661076e-05  1.319999891197211e+00  3.599999984980800e+00 -3.003839932347319e-08 -2.176055775571228e-07 
 1.711400000000000e-05  5.258518551139537e-07  5.258518551181658e-07  1.440088732125888e-05  1.570245050654225e-05  1.319999891197212e+00  3.599999984980800e+00 -3.003839932347319e-08 -2.176055766689444e-07 
 1.716400000000000e-05  5.258518551094001e-07  5.258518551138298e-07  1.440088732131678e-05  1.570245050645160e-05  1.319999891197211e+00  3.599999984980800e+00 -3.003839932347319e-08 -2.176055775571228e-07 
 1.721400000000000e-05  5.258518551053885e-07  5.258518551095860e-07  1.440088732123689e-05  1.570245050652895e-05  1.319999891197211e+00  3.599999984980800e+00 -3.003840021165161e-08 -2.176055775571228e-07 
 1.726400000000000e-05  5.258518551410588e-07  5.258518551213264e-07  1.440088732116399e-05  1.570245050643833e-05  1.319999891197211e+00  3.599999984980800e+00 -3.003839932347319e-08 -2.176055775571228e-07 
 1.731400000000000e-05  5.258518551237387e-07  5.258518551246395e-07  1.440088732123008e-05  1.570245050646390e-05  1.319999891197212e+00  3.599999984980800e+00 -3.003840109983003e-08 -2.176055771130336e-07 
 1.736400000000001e-05  5.258518551590566e-07  5.258518551390690e-07  1.440088732128928e-05  1.570245050652941e-05  1.319999891197211e+00  3.599999984980800e+00 -3.003839932347319e-08 -2.176055775571228e-07 
 1.741400000000001e-05  5.258518551018378e-07  5.258518551270624e-07  1.440088732121395e-05  1.570245050661509e-05  1.319999891197212e+00  3.599999984980800e+00 -3.003840109983003e-08 -2.176055762248552e-07 
 1.746400000000001e-05  5.258518551115956e-07  5.258518551184744e-07  1.440088732126741e-05  1.570245050637665e-05  1.319999891197212e+00  3.599999984980800e+00 -3.003839932347319e-08 -2.176055771130336e-07 
 1.751400000000001e-05  5.258518551079635e-07  5.258518551125524e-07  1.440088732119480e-05  1.570245050645137e-05  1.319999891197211e+00  3.599999984980800e+00 -3.003840109983003e-08 -2.176055775571228e-07 
 1.756400000000001e-05  5.258518551032744e-07  5.258518551076569e-07  1.440088732125616e-05  1.570245050653069e-05  1.319999891197212e+00  3.599999984980800e+00 -3.003839932347319e-08 -2.176055766689444e-07 
 1.761400000000001e-05  5.258518550998320e-07  5.258518551035478e-07  1.440088732118457e-05  1.570245050660259e-05  1.319999891197212e+00  3.599999984980800e+00 -3.003839932347319e-08 -2.176055766689444e-07 
 1.766400000000001e-05  5.258518550953326e-07  5.258518550994399e-07  1.440088732124064e-05  1.570245050653357e-05  1.319999891197212e+00  3.599999984980800e+00 -3.003839932347319e-08 -2.176055766689444e-07 
 1.771400000000001e-05  5.258518550905079e-07  5.258518550950455e-07  1.440088732117045e-05  1.570245050644860e-05  1.319999891197211e+00  3.599999984980800e+00 -3.003839932347319e-08 -2.176055775571228e-07 
 1.776400000000001e-05  5.258518551263679e-07  5.258518551066955e-07  1.440088732123464e-05  1.570245050652763e-05  1.319999891197211e+00  3.599999984980800e+00 -3.003840109983003e-08 -2.176055775571228e-07 
 1.781400000000002e-05  5.258518551093459e-07  5.258518551100857e-07  1.440088732129021e-05  1.570245050644047e-05  1.319999891197212e+00  3.599999984980800e+00 -3.003839932347319e-08 -2.176055771130336e-07 
 1.786400000000002e-05  5.258518551449348e-07  5.258518551247033e-07  1.440088732135420e-05  1.570245050650732e-05  1.319999891197212e+00  3.599999984980800e+00 -3.003840109983003e-08 -2.176055771130336e-07 
 1.791400000000002e-05  5.258518551696817e-07  5.258518551456182e-07  1.440088732127697e-05  1.570245050659673e-05  1.319999891197211e+00  3.599999984980800e+00 -3.003839932347319e-08 -2.176055775571228e-07 
 1.796400000000002e-05  5.258518551110264e-07  5.258518551359644e-07  1.440088732134721e-05  1.570245050650692e-05  1.319999891197211e+00  3.599999984980800e+00 -3.003840109983003e-08 -2.176055775571228e-07 
 1.801400000000002e-05  5.258518551608184e-07  5.258518551439753e-07  1.440088732127627e-05  1.570245050658905e-05  1.319999891197212e+00  3.599999984980800e+00 -3.003839932347319e-08 -2.176055762248552e-07 
 1.806400000000002e-05  5.258518551434169e-07  5.258518551453542e-07  1.440088732121095e-05  1.570245050650030e-05  1.319999891197212e+00  3.599999984980800e+00 -3.003840109983003e-08 -2.176055771130336e-07 
 1.811400000000002e-05  5.258518551387278e-07  5.258518551429794e-07  1.440088732126594e-05  1.570245050659651e-05  1.319999891197211e+00  3.599999984980800e+00 -3.003839932347319e-08 -2.176055775571228e-07 
 1.816400000000002e-05  5.258518551348517e-07  5.258518551392533e-07  1.440088732132488e-05  1.570245050649517e-05  1.319999891197211e+00  3.599999984980800e+00 -3.003839932347319e-08 -2.176055775571228e-07 
 1.821400000000003e-05  5.258518551303794e-07  5.258518551349586e-07  1.440088732126845e-05  1.570245050659138e-05  1.319999891197212e+00  3.599999984980800e+00 -3.003839932347319e-08 -2.176055766689444e-07 
 1.826400000000003e-05  5.258518551265305e-07  5.258518551307284e-07  1.440088732119543e-05  1.570245050634091e-05  1.319999891197211e+00  3.599999984980799e+00 -3.003840198800845e-08 -2.176055775571228e-07 
 1.831400000000003e-05  5.258518551630681e-07  5.258518551428183e-07  1.440088732125724e-05  1.570245050657765e-05  1.319999891197211e+00  3.599999984980800e+00 -3.003839932347319e-08 -2.176055775571228e-07 
 1.836400000000003e-05  5.258518551467238e-07  5.258518551467985e-07  1.440088732131478e-05  1.570245050649269e-05  1.319999891197211e+00  3.599999984980800e+00 -3.003839932347319e-08 -2.176055775571228e-07 
 1.841400000000003e-05  5.258518551403812e-07  5.258518551450276e-07  1.440088732124513e-05  1.570245050642137e-05  1.319999891197212e+00  3.599999984980800e+00 -3.003839932347319e-08 -2.176055771130336e-07 
 1.846400000000003e-05  5.258518551375622e-07  5.258518551416873e-07  1.440088732130429e-05  1.570245050649253e-05  1.319999891197211e+00  3.599999984980800e+00 -3.003839932347319e-08 -2.176055775571228e-07 
 1.851400000000003e-05  5.258518551329002e-07  5.258518551375044e-07  1.440088732123556e-05  1.570245050656900e-05  1.319999891197211e+00  3.599999984980800e+00 -3.003839932347319e-08 -2.176055775571228e-07 
 1.856400000000003e-05  5.258518551284007e-07  5.258518551330264e-07  1.440088732115924e-05  1.570245050648357e-05  1.319999891197212e+00  3.599999984980800e+00 -3.003839932347319e-08 -2.176055766689444e-07 
 1.861400000000004e-05  5.258518551251752e-07  5.258518551289903e-07  1.440088732121964e-05  1.570245050656239e-05  1.319999891197211e+00  3.599999984980800e+00 -3.003840021165161e-08 -2.176055775571228e-07 
 1.866400000000004e-05  5.258518551214076e-07  5.258518551251500e-07  1.440088732114139e-05  1.570245050647425e-05  1.319999891197212e+00  3.599999984980800e+00 -3.003839932347319e-08 -2.176055771130336e-07 
 1.871400000000004e-05  5.258518551165829e-07  5.258518551209552e-07  1.440088732120731e-05  1.570245050656727e-05  1.319999891197211e+00  3.599999984980800e+00 -3.003840109983003e-08 -2.176055775571228e-07 
 1.876400000000004e-05  5.258518551518737e-07  5.258518551324836e-07  1.440088732127751e-05  1.570245050648351e-05  1.319999891197212e+00  3.599999984980800e+00 -3.003839932347319e-08 -2.176055766689444e-07 
 1.881400000000004e-05  5.258518551346349e-07  5.258518551356499e-07  1.440088732120125e-05  1.570245050654715e-05  1.319999891197211e+00  3.599999984980800e+00 -3.003839932347319e-08 -2.176055775571228e-07 
 1.886400000000004e-05  5.258518551298915e-07  5.258518551339798e-07  1.440088732112510e-05  1.570245050647461e-05  1.319999891197211e+00  3.599999984980800e+00 -3.003840021165161e-08 -2.176055775571228e-07 
 1.891400000000004e-05  5.258518551253379e-07  5.258518551301890e-07  1.440088732118073e-05  1.570245050653805e-05  1.319999891197211e+00  3.599999984980800e+00 -3.003839932347319e-08 -2.176055775571228e-07 
 1.896400000000004e-05  5.258518551223563e-07  5.258518551262978e-07  1.440088732124798e-05  1.570245050662553e-05  1.319999891197212e+00  3.599999984980800e+00 -3.003839932347319e-08 -2.176055771130336e-07 
 1.901400000000005e-05  5.258518551184532e-07  5.258518551223817e-07  1.440088732117409e-05  1.570245050653710e-05  1.319999891197212e+00  3.599999984980800e+00 -3.003839932347319e-08 -2.176055771130336e-07 
 1.906400000000005e-05  5.258518551137369e-07  5.258518551181406e-07  1.440088732123189e-05  1.570245050645095e-05  1.319999891197212e+00  3.599999984980800e+00 -3.003840109983003e-08 -2.176055771130336e-07 
 1.911400000000005e-05  5.258518551503558e-07  5.258518551301784e-07  1.440088732115992e-05  1.570245050653290e-05  1.319999891197212e+00  3.599999984980800e+00 -3.003839932347319e-08 -2.176055762248552e-07 
 1.916400000000005e-05  5.258518551334965e-07  5.258518551339132e-07  1.440088732121182e-05  1.570245050646183e-05  1.319999891197212e+00  3.599999984980800e+00 -3.003839932347319e-08 -2.176055762248552e-07 
 1.921400000000005e-05  5.258518551297289e-07  5.258518551329866e-07  1.440088732127807e-05  1.570245050653206e-05  1.319999891197212e+00  3.599999984980800e+00 -3.003839932347319e-08 -2.176055762248552e-07 
 1.926400000000005e-05  5.258518551257987e-07  5.258518551299260e-07  1.440088732119936e-05  1.570245050645601e-05  1.319999891197211e+00  3.599999984980800e+00 -3.003839932347319e-08 -2.176055775571228e-07 
 1.931400000000005e-05  5.258518551212450e-07  5.258518551258415e-07  1.440088732125381e-05  1.570245050651558e-05  1.319999891197211e+00  3.599999984980800e+00 -3.003839932347319e-08 -2.176055775571228e-07 
 1.936400000000005e-05  5.258518551168811e-07  5.258518551214405e-07  1.440088732118541e-05  1.570245050644352e-05  1.319999891197212e+00  3.599999984980800e+00 -3.003839932347319e-08 -2.176055771130336e-07 
 1.941400000000006e-05  5.258518551127611e-07  5.258518551170885e-07  1.440088732124776e-05  1.570245050650774e-05  1.319999891197212e+00  3.599999984980800e+00 -3.003839932347319e-08 -2.176055771130336e-07 
 1.946400000000006e-05  5.258518551489735e-07  5.258518551289722e-07  1.440088732130535e-05  1.570245050642307e-05  1.319999891197212e+00  3.599999984980800e+00 -3.003840109983003e-08 -2.176055771130336e-07 
 1.951400000000006e-05  5.258518551321683e-07  5.258518551326274e-07  1.440088732123413e-05  1.570245050650851e-05  1.319999891197211e+00  3.599999984980800e+00 -3.003839932347319e-08 -2.176055775571228e-07 
 1.956400000000006e-05  5.258518551275605e-07  5.258518551313317e-07  1.440088732128901e-05  1.570245050642520e-05  1.319999891197211e+00  3.599999984980800e+00 -3.003839932347319e-08 -2.176055775571228e-07 
 1.961400000000006e-05  5.258518551629326e-07  5.258518551437130e-07  1.440088732122086e-05  1.570245050650211e-05  1.319999891197212e+00  3.599999984980800e+00 -3.003839932347319e-08 -2.176055766689444e-07 
 1.966400000000006e-05  5.258518551056325e-07  5.258518551309571e-07  1.440088732114992e-05  1.570245050657561e-05  1.319999891197211e+00  3.599999984980800e+00 -3.003839932347319e-08 -2.176055775571228e-07 
 1.971400000000006e-05  5.258518551137640e-07  5.258518551215287e-07  1.440088732120582e-05  1.570245050648430e-05  1.319999891197211e+00  3.599999984980800e+00 -3.003839932347319e-08 -2.176055775571228e-07 
 1.976400000000006e-05  5.258518551102132e-07  5.258518551151168e-07  1.440088732126965e-05  1.570245050655821e-05  1.319999891197211e+00  3.599999984980800e+00 -3.003839932347319e-08 -2.176055775571228e-07 
 1.981400000000006e-05  5.258518551464256e-07  5.258518551263580e-07  1.440088732133156e-05  1.570245050648472e-05  1.319999891197211e+00  3.599999984980800e+00 -3.003840109983003e-08 -2.176055775571228e-07 
 1.986400000000007e-05  5.258518551295120e-07  5.258518551298679e-07  1.440088732126379e-05  1.570245050655999e-05  1.319999891197211e+00  3.599999984980800e+00 -3.003839932347319e-08 -2.176055775571228e-07 
 1.991400000000007e-05  5.258518551233050e-07  5.258518551279447e-07  1.440088732132182e-05  1.570245050663677e-05  1.319999891197212e+00  3.599999984980800e+00 -3.003840109983003e-08 -2.176055771130336e-07 
 1.996400000000007e-05  5.258518551208384e-07  5.258518551247176e-07  1.440088732124475e-05  1.570245050649535e-05  1.319999891197212e+00  3.599999984980800e+00 -3.003839932347319e-08 -2.176055771130336e-07 
 2.001400000000007e-05  5.258518551167185e-07  5.258518551208725e-07  1.440088732130721e-05  1.570245050640079e-05  1.319999891197211e+00  3.599999984980800e+00 -3.003840109983003e-08 -2.176055775571228e-07 
 2.006400000000007e-05  5.258518551129780e-07  5.258518551169457e-07  1.440088732123652e-05  1.570245050646997e-05  1.319999891197212e+00  3.599999984980800e+00 -3.003839932347319e-08 -2.176055771130336e-07 
 2.011400000000007e-05  5.258518551471845e-07  5.258518551282559e-07  1.440088732129855e-05  1.570245050656268e-05  1.319999891197212e+00  3.599999984980800e+00 -3.003840109983003e-08 -2.176055771130336e-07 
 2.016400000000007e-05  5.258518551324665e-07  5.258518551322022e-07  1.440088732122875e-05  1.570245050647613e-05  1.319999891197212e+00  3.599999984980800e+00 -3.003839932347319e-08 -2.176055771130336e-07 
 2.021400000000007e-05  5.258518551276418e-07  5.258518551311674e-07  1.440088732128480e-05  1.570245050656268e-05  1.319999891197212e+00  3.599999984980800e+00 -3.003840109983003e-08 -2.176055762248552e-07 
 2.026400000000008e-05  5.258518551246602e-07  5.258518551283575e-07  1.440088732121348e-05  1.570245050648181e-05  1.319999891197211e+00  3.599999984980800e+00 -3.003839932347319e-08 -2.176055775571228e-07 
 2.031400000000008e-05  5.258518551205674e-07  5.258518551246795e-07  1.440088732127973e-05  1.570245050638547e-05  1.319999891197212e+00  3.599999984980800e+00 -3.003840109983003e-08 -2.176055766689444e-07 
 2.036400000000008e-05  5.258518551167998e-07  5.258518551207921e-07  1.440088732134131e-05  1.570245050647896e-05  1.319999891197211e+00  3.599999984980800e+00 -3.003839932347319e-08 -2.176055775571228e-07 
 2.041400000000008e-05  5.258518551536626e-07  5.258518551331628e-07  1.440088732113987e-05  1.570245050638885e-05  1.319999891197211e+00  3.599999984980800e+00 -3.003840109983003e-08 -2.176055775571228e-07 
 2.046400000000008e-05  5.258518551765664e-07  5.258518551529984e-07  1.440088732119818e-05  1.570245050648127e-05  1.319999891197211e+00  3.599999984980800e+00 -3.003839932347319e-08 -2.176055775571228e-07 
 2.051400000000008e-05  5.258518551186158e-07  5.258518551432125e-07  1.440088732125896e-05  1.570245050639730e-05  1.319999891197211e+00  3.599999984980800e+00 -3.003839932347319e-08 -2.176055775571228e-07 
 2.056400000000008e-05  5.258518551262323e-07  5.258518551344633e-07  1.440088732118254e-05  1.570245050646381e-05  1.319999891197211e+00  3.599999984980800e+00 -3.003839932347319e-08 -2.176055775571228e-07 
 2.061400000000008e-05  5.258518551233592e-07  5.258518551282718e-07  1.440088732125069e-05  1.570245050653474e-05  1.319999891197212e+00  3.599999984980800e+00 -3.003839932347319e-08 -2.176055766689444e-07 
 2.066400000000009e-05  5.258518551206216e-07  5.258518551239735e-07  1.440088732130631e-05  1.570245050645796e-05  1.319999891197211e+00  3.599999984980800e+00 -3.003839932347319e-08 -2.176055775571228e-07 
 2.071400000000009e-05  5.258518551152548e-07  5.258518551196264e-07  1.440088732123157e-05  1.570245050652788e-05  1.319999891197212e+00  3.599999984980800e+00 -3.003839932347319e-08 -2.176055771130336e-07 
 2.076400000000009e-05  5.258518551112703e-07  5.258518551154147e-07  1.440088732129053e-05  1.570245050661538e-05  1.319999891197211e+00  3.599999984980800e+00 -3.003840109983003e-08 -2.176055775571228e-07 
 2.081400000000009e-05  5.258518551068251e-07  5.258518551111365e-07  1.440088732122244e-05  1.570245050652828e-05  1.319999891197211e+00  3.599999984980800e+00 -3.003839932347319e-08 -2.176055775571228e-07 
 2.086400000000009e-05  5.258518551426309e-07  5.258518551228786e-07  1.440088732128196e-05  1.570245050645560e-05  1.319999891197211e+00  3.599999984980800e+00 -3.003840109983003e-08 -2.176055775571228e-07 
 2.091400000000009e-05  5.258518551253379e-07  5.258518551262107e-07  1.440088732120803e-05  1.570245050652846e-05  1.319999891197212e+00  3.599999984980800e+00 -3.003839932347319e-08 -2.176055771130336e-07 
 2.096400000000009e-05  5.258518551605202e-07  5.258518551406010e-07  1.440088732126876e-05  1.570245050645930e-05  1.319999891197211e+00  3.599999984980800e+00 -3.003839932347319e-08 -2.176055775571228e-07 
 2.101400000000009e-05  5.258518551436880e-07  5.258518551447139e-07  1.440088732132208e-05  1.570245050651819e-05  1.319999891197211e+00  3.599999984980800e+00 -3.003839932347319e-08 -2.176055775571228e-07 
 2.106400000000010e-05  5.258518550994525e-07  5.258518551274319e-07  1.440088732125557e-05  1.570245050645254e-05  1.319999891197211e+00  3.599999984980800e+00 -3.003839932347319e-08 -2.176055775571228e-07 
 2.111400000000010e-05  5.258518551072317e-07  5.258518551158955e-07  1.440088732131455e-05  1.570245050652433e-05  1.319999891197211e+00  3.599999984980800e+00 -3.003840109983003e-08 -2.176055775571228e-07 
 2.116400000000010e-05  5.258518551046838e-07  5.258518551091035e-07  1.440088732123829e-05  1.570245050644277e-05  1.319999891197212e+00  3.599999984980800e+00 -3.003839932347319e-08 -2.176055771130336e-07 
 2.121400000000010e-05  5.258518551001844e-07  5.258518551041775e-07  1.440088732116729e-05  1.570245050651741e-05  1.319999891197211e+00  3.599999984980800e+00 -3.003840109983003e-08 -2.176055775571228e-07 
 2.126400000000010e-05  5.258518550963897e-07  5.258518551000771e-07  1.440088732122359e-05  1.570245050643404e-05  1.319999891197211e+00  3.599999984980800e+00 -3.003839932347319e-08 -2.176055775571228e-07 
 2.131400000000010e-05  5.258518550915379e-07  5.258518550958414e-07  1.440088732128402e-05  1.570245050650509e-05  1.319999891197211e+00  3.599999984980800e+00 -3.003839932347319e-08 -2.176055775571228e-07 
 2.136400000000010e-05  5.258518551279942e-07  5.258518551078553e-07  1.440088732120565e-05  1.570245050643401e-05  1.319999891197212e+00  3.599999984980800e+00 -3.003839932347319e-08 -2.176055771130336e-07 
 2.141400000000010e-05  5.258518551104030e-07  5.258518551112772e-07  1.440088732113775e-05  1.570245050651944e-05  1.319999891197212e+00  3.599999984980800e+00 -3.003839932347319e-08 -2.176055771130336e-07 
 2.146400000000010e-05  5.258518551466966e-07  5.258518551261294e-07  1.440088732119317e-05  1.570245050658949e-05  1.319999891197212e+00  3.599999984980800e+00 -3.003839932347319e-08 -2.176055771130336e-07 
 2.151400000000011e-05  5.258518551297560e-07  5.258518551305505e-07  1.440088732125263e-05  1.570245050651137e-05  1.319999891197212e+00  3.599999984980800e+00 -3.003839932347319e-08 -2.176055762248552e-07 
 2.156400000000011e-05  5.258518551251210e-07  5.258518551292629e-07  1.440088732117795e-05  1.570245050658749e-05  1.319999891197212e+00  3.599999984980800e+00 -3.003839932347319e-08 -2.176055766689444e-07 
 2.161400000000011e-05  5.258518551624989e-07  5.258518551422998e-07  1.440088732123847e-05  1.570245050651811e-05  1.319999891197212e+00  3.599999984980800e+00 -3.003840109983003e-08 -2.176055766689444e-07 
 2.166400000000011e-05  5.258518551470219e-07  5.258518551467961e-07  1.440088732129340e-05  1.570245050643587e-05  1.319999891197211e+00  3.599999984980800e+00 -3.003839932347319e-08 -2.176055775571228e-07 
 2.171400000000011e-05  5.258518551425767e-07  5.258518551460076e-07  1.440088732122629e-05  1.570245050650052e-05  1.319999891197211e+00  3.599999984980800e+00 -3.003840109983003e-08 -2.176055775571228e-07 
 2.176400000000011e-05  5.258518551388904e-07  5.258518551430030e-07  1.440088732128551e-05  1.570245050657285e-05  1.319999891197212e+00  3.599999984980800e+00 -3.003839932347319e-08 -2.176055766689444e-07 
 2.181400000000011e-05  5.258518551336862e-07  5.258518551386754e-07  1.440088732121271e-05  1.570245050649396e-05  1.319999891197211e+00  3.599999984980800e+00 -3.003840109983003e-08 -2.176055775571228e-07 
 2.186400000000011e-05  5.258518551323039e-07  5.258518551352613e-07  1.440088732126883e-05  1.570245050656289e-05  1.319999891197212e+00  3.599999984980800e+00 -3.003839932347319e-08 -2.176055771130336e-07 
 2.191400000000012e-05  5.258518551673236e-07  5.258518551474034e-07  1.440088732120204e-05  1.570245050664806e-05  1.319999891197211e+00  3.599999984980800e+00 -3.003840109983003e-08 -2.176055775571228e-07 
 2.196400000000012e-05  5.258518551513316e-07  5.258518551514032e-07  1.440088732126548e-05  1.570245050656371e-05  1.319999891197211e+00  3.599999984980800e+00 -3.003839932347319e-08 -2.176055775571228e-07 
 2.201400000000012e-05  5.258518551454498e-07  5.258518551498218e-07  1.440088732119513e-05  1.570245050649241e-05  1.319999891197212e+00  3.599999984980800e+00 -3.003840109983003e-08 -2.176055766689444e-07 
 2.206400000000012e-05  5.258518551406251e-07  5.258518551458269e-07  1.440088732125222e-05  1.570245050641978e-05  1.319999891197211e+00  3.599999984980800e+00 -3.003839932347319e-08 -2.176055775571228e-07 
 2.211400000000012e-05  5.258518551382941e-07  5.258518551420148e-07  1.440088732118074e-05  1.570245050649570e-05  1.319999891197212e+00  3.599999984980800e+00 -3.003839932347319e-08 -2.176055771130336e-07 
 2.216400000000012e-05  5.258518551338489e-07  5.258518551379861e-07  1.440088732124671e-05  1.570245050655930e-05  1.319999891197212e+00  3.599999984980800e+00 -3.003840021165161e-08 -2.176055771130336e-07 
 2.221400000000012e-05  5.258518551297289e-07  5.258518551338774e-07  1.440088732117885e-05  1.570245050647907e-05  1.319999891197212e+00  3.599999984980800e+00 -3.003839932347319e-08 -2.176055762248552e-07 
 2.226400000000012e-05  5.258518551265576e-07  5.258518551301278e-07  1.440088732124212e-05  1.570245050656464e-05  1.319999891197212e+00  3.599999984980800e+00 -3.003839932347319e-08 -2.176055762248552e-07 
 2.231400000000013e-05  5.258518551214618e-07  5.258518551259115e-07  1.440088732129451e-05  1.570245050648009e-05  1.319999891197211e+00  3.599999984980800e+00 -3.003839932347319e-08 -2.176055775571228e-07 
 2.236400000000013e-05  5.258518551582976e-07  5.258518551380227e-07  1.440088732121971e-05  1.570245050639393e-05  1.319999891197211e+00  3.599999984980800e+00 -3.003840021165161e-08 -2.176055775571228e-07 
 2.241400000000013e-05  5.258518551401372e-07  5.258518551412908e-07  1.440088732127584e-05  1.570245050657812e-05  1.319999891197211e+00  3.599999984980800e+00 -3.003840109983003e-08 -2.176055775571228e-07 
 2.246400000000013e-05  5.258518551351499e-07  5.258518551394881e-07  1.440088732134159e-05  1.570245050648870e-05  1.319999891197211e+00  3.599999984980800e+00 -3.003839932347319e-08 -2.176055775571228e-07 
 2.251400000000013e-05  5.258518551323039e-07  5.258518551362539e-07  1.440088732113724e-05  1.570245050640088e-05  1.319999891197211e+00  3.599999984980800e+00 -3.003840109983003e-08 -2.176055775571228e-07 
 2.256400000000013e-05  5.258518551278857e-07  5.258518551322598e-07  1.440088732118913e-05  1.570245050649524e-05  1.319999891197211e+00  3.599999984980800e+00 -3.003839932347319e-08 -2.176055775571228e-07 
 2.261400000000013e-05  5.258518551245247e-07  5.258518551283670e-07  1.440088732111792e-05  1.570245050640325e-05  1.319999891197211e+00  3.599999984980800e+00 -3.003839932347319e-08 -2.176055775571228e-07 
 2.266400000000013e-05  5.258518551206216e-07  5.258518551244902e-07  1.440088732118529e-05  1.570245050649466e-05  1.319999891197211e+00  3.599999984980800e+00 -3.003840021165161e-08 -2.176055775571228e-07 
 2.271400000000014e-05  5.258518551165287e-07  5.258518551205302e-07  1.440088732124294e-05  1.570245050656605e-05  1.319999891197211e+00  3.599999984980800e+00 -3.003839932347319e-08 -2.176055775571228e-07 
 2.276400000000014e-05  5.258518551128153e-07  5.258518551166523e-07  1.440088732130084e-05  1.570245050649363e-05  1.319999891197211e+00  3.599999984980800e+00 -3.003839932347319e-08 -2.176055775571228e-07 
 2.281400000000014e-05  5.258518551084243e-07  5.258518551125856e-07  1.440088732122621e-05  1.570245050640449e-05  1.319999891197212e+00  3.599999984980800e+00 -3.003839932347319e-08 -2.176055766689444e-07 
 2.286400000000014e-05  5.258518551440946e-07  5.258518551243758e-07  1.440088732128007e-05  1.570245050649792e-05  1.319999891197212e+00  3.599999984980800e+00 -3.003840109983003e-08 -2.176055766689444e-07 
 2.291400000000014e-05  5.258518551673236e-07  5.258518551439131e-07  1.440088732121816e-05  1.570245050655697e-05  1.319999891197211e+00  3.599999984980800e+00 -3.003839932347319e-08 -2.176055775571228e-07 
 2.296400000000014e-05  5.258518551089393e-07  5.258518551338311e-07  1.440088732128079e-05  1.570245050664147e-05  1.319999891197211e+00  3.599999984980800e+00 -3.003840109983003e-08 -2.176055775571228e-07 
 2.301400000000014e-05  5.258518551164474e-07  5.258518551248612e-07  1.440088732120047e-05  1.570245050654950e-05  1.319999891197212e+00  3.599999984980800e+00 -3.003839932347319e-08 -2.176055766689444e-07 
 2.306400000000014e-05  5.258518551147940e-07  5.258518551190404e-07  1.440088732112367e-05  1.570245050647610e-05  1.319999891197211e+00  3.599999984980800e+00 -3.003839932347319e-08 -2.176055775571228e-07 
 2.311400000000014e-05  5.258518551103759e-07  5.258518551144105e-07  1.440088732119234e-05  1.570245050638851e-05  1.319999891197211e+00  3.599999984980800e+00 -3.003839932347319e-08 -2.176055775571228e-07 
 2.316400000000015e-05  5.258518551059849e-07  5.258518551101142e-07  1.440088732124919e-05  1.570245050647394e-05  1.319999891197212e+00  3.599999984980800e+00 -3.003839932347319e-08 -2.176055771130336e-07 
 2.321400000000015e-05  5.258518551012415e-07  5.258518551057060e-07  1.440088732117471e-05  1.570245050654788e-05  1.319999891197212e+00  3.599999984980800e+00 -3.003840109983003e-08 -2.176055771130336e-07 
 2.326400000000015e-05  5.258518550970944e-07  5.258518551013796e-07  1.440088732122986e-05  1.570245050647441e-05  1.319999891197212e+00  3.599999984980800e+00 -3.003839932347319e-08 -2.176055771130336e-07 
 2.331400000000015e-05  5.258518550925950e-07  5.258518550970005e-07  1.440088732130136e-05  1.570245050654690e-05  1.319999891197212e+00  3.599999984980800e+00 -3.003840109983003e-08 -2.176055766689444e-07 
 2.336400000000015e-05  5.258518551285905e-07  5.258518551087607e-07  1.440088732122368e-05  1.570245050647659e-05  1.319999891197211e+00  3.599999984980800e+00 -3.003839932347319e-08 -2.176055775571228e-07 
 2.341400000000015e-05  5.258518551124901e-07  5.258518551126044e-07  1.440088732128729e-05  1.570245050654821e-05  1.319999891197211e+00  3.599999984980800e+00 -3.003840109983003e-08 -2.176055775571228e-07 
 2.346400000000015e-05  5.258518551064185e-07  5.258518551108988e-07  1.440088732121303e-05  1.570245050648003e-05  1.319999891197211e+00  3.599999984980800e+00 -3.003839932347319e-08 -2.176055775571228e-07 
 2.351400000000015e-05  5.258518551435525e-07  5.258518551236192e-07  1.440088732126883e-05  1.570245050655389e-05  1.319999891197211e+00  3.599999984980800e+00 -3.003839932347319e-08 -2.176055775571228e-07 
 2.356400000000016e-05  5.258518551260968e-07  5.258518551271543e-07  1.440088732119013e-05  1.570245050662903e-05  1.319999891197211e+00  3.599999984980800e+00 -3.003839932347319e-08 -2.176055775571228e-07 
 2.361400000000016e-05  5.258518551217058e-07  5.258518551256820e-07  1.440088732125914e-05  1.570245050640452e-05  1.319999891197211e+00  3.599999984980800e+00 -3.003840109983003e-08 -2.176055775571228e-07 
 2.366400000000016e-05  5.258518551181550e-07  5.258518551223767e-07  1.440088732118570e-05  1.570245050646397e-05  1.319999891197211e+00  3.599999984980800e+00 -3.003839932347319e-08 -2.176055775571228e-07 
 2.371400000000016e-05  5.258518551143874e-07  5.258518551185200e-07  1.440088732110841e-05  1.570245050639271e-05  1.319999891197211e+00  3.599999984980800e+00 -3.003839932347319e-08 -2.176055775571228e-07 
 2.376400000000016e-05  5.258518551114059e-07  5.258518551149031e-07  1.440088732116167e-05  1.570245050645788e-05  1.319999891197211e+00  3.599999984980800e+00 -3.003840021165161e-08 -2.176055775571228e-07 
 2.381400000000016e-05  5.258518551070149e-07  5.258518551110244e-07  1.440088732122683e-05  1.570245050653054e-05  1.319999891197211e+00  3.599999984980800e+00 -3.003839932347319e-08 -2.176055775571228e-07 
 2.386400000000016e-05  5.258518551426309e-07  5.258518551228912e-07  1.440088732115014e-05  1.570245050645710e-05  1.319999891197212e+00  3.599999984980800e+00 -3.003839932347319e-08 -2.176055766689444e-07 
 2.391400000000016e-05  5.258518551669170e-07  5.258518551428749e-07  1.440088732120935e-05  1.570245050653315e-05  1.319999891197212e+00  3.599999984980800e+00 -3.003839932347319e-08 -2.176055766689444e-07 
 2.396400000000017e-05  5.258518551085869e-07  5.258518551331565e-07  1.440088732113137e-05  1.570245050660852e-05  1.319999891197212e+00  3.599999984980800e+00 -3.003839932347319e-08 -2.176055771130336e-07 
 2.401400000000017e-05  5.258518551185616e-07  5.258518551253749e-07  1.440088732119664e-05  1.570245050637818e-05  1.319999891197212e+00  3.599999984980800e+00 -3.003839932347319e-08 -2.176055771130336e-07 
 2.406400000000017e-05  5.258518551143061e-07  5.258518551193912e-07  1.440088732125536e-05  1.570245050660593e-05  1.319999891197212e+00  3.599999984980800e+00 -3.003840109983003e-08 -2.176055771130336e-07 
 2.411400000000017e-05  5.258518551517111e-07  5.258518551311225e-07  1.440088732117362e-05  1.570245050652213e-05  1.319999891197212e+00  3.599999984980800e+00 -3.003839932347319e-08 -2.176055762248552e-07 
 2.416400000000017e-05  5.258518551331983e-07  5.258518551342991e-07  1.440088732123913e-05  1.570245050645157e-05  1.319999891197211e+00  3.599999984980800e+00 -3.003840109983003e-08 -2.176055775571228e-07 
 2.421400000000017e-05  5.258518551288344e-07  5.258518551327486e-07  1.440088732116985e-05  1.570245050651976e-05  1.319999891197211e+00  3.599999984980800e+00 -3.003839932347319e-08 -2.176055775571228e-07 
 2.426400000000017e-05  5.258518551242808e-07  5.258518551290515e-07  1.440088732123647e-05  1.570245050645404e-05  1.319999891197212e+00  3.599999984980800e+00 -3.003840109983003e-08 -2.176055766689444e-07 
 2.431400000000017e-05  5.258518551208113e-07  5.258518551250160e-07  1.440088732117350e-05  1.570245050651393e-05  1.319999891197212e+00  3.599999984980800e+00 -3.003839932347319e-08 -2.176055766689444e-07 
 2.436400000000018e-05  5.258518551572676e-07  5.258518551371096e-07  1.440088732124561e-05  1.570245050660111e-05  1.319999891197211e+00  3.599999984980800e+00 -3.003840109983003e-08 -2.176055775571228e-07 
 2.441400000000018e-05  5.258518551405980e-07  5.258518551409237e-07  1.440088732117298e-05  1.570245050650673e-05  1.319999891197211e+00  3.599999984980800e+00 -3.003839932347319e-08 -2.176055775571228e-07 
 2.446400000000018e-05  5.258518551369659e-07  5.258518551401035e-07  1.440088732123810e-05  1.570245050641993e-05  1.319999891197212e+00  3.599999984980800e+00 -3.003839932347319e-08 -2.176055771130336e-07 
 2.451400000000018e-05  5.258518551327375e-07  5.258518551369930e-07  1.440088732130008e-05  1.570245050650493e-05  1.319999891197212e+00  3.599999984980800e+00 -3.003839932347319e-08 -2.176055762248552e-07 
 2.456400000000018e-05  5.258518551282923e-07  5.258518551328906e-07  1.440088732122473e-05  1.570245050659508e-05  1.319999891197211e+00  3.599999984980800e+00 -3.003839932347319e-08 -2.176055775571228e-07 
 2.461400000000018e-05  5.258518551255276e-07  5.258518551291250e-07  1.440088732127787e-05  1.570245050650630e-05  1.319999891197211e+00  3.599999984980800e+00 -3.003840021165161e-08 -2.176055775571228e-07 
 2.466400000000018e-05  5.258518551211637e-07  5.258518551251873e-07  1.440088732120802e-05  1.570245050643136e-05  1.319999891197212e+00  3.599999984980800e+00 -3.003839932347319e-08 -2.176055771130336e-07 
 2.471400000000018e-05  5.258518551175587e-07  5.258518551213483e-07  1.440088732127508e-05  1.570245050649421e-05  1.319999891197212e+00  3.599999984980800e+00 -3.003839932347319e-08 -2.176055771130336e-07 
 2.476400000000019e-05  5.258518551122190e-07  5.258518551169289e-07  1.440088732132908e-05  1.570245050642342e-05  1.319999891197212e+00  3.599999984980800e+00 -3.003839932347319e-08 -2.176055771130336e-07 
 2.481400000000019e-05  5.258518551084514e-07  5.258518551126541e-07  1.440088732125109e-05  1.570245050649019e-05  1.319999891197212e+00  3.599999984980800e+00 -3.003839932347319e-08 -2.176055771130336e-07 
 2.486400000000019e-05  5.258518551043857e-07  5.258518551084918e-07  1.440088732118378e-05  1.570245050656560e-05  1.319999891197212e+00  3.599999984980800e+00 -3.003839932347319e-08 -2.176055771130336e-07 
 2.491400000000019e-05  5.258518551001031e-07  5.258518551043038e-07  1.440088732125052e-05  1.570245050665249e-05  1.319999891197212e+00  3.599999984980800e+00 -3.003839932347319e-08 -2.176055771130336e-07 
 2.496400000000019e-05  5.258518550953326e-07  5.258518550998778e-07  1.440088732117896e-05  1.570245050640555e-05  1.319999891197212e+00  3.599999984980800e+00 -3.003839932347319e-08 -2.176055771130336e-07 
 2.501400000000019e-05  5.258518551323852e-07  5.258518551119955e-07  1.440088732123249e-05  1.570245050648408e-05  1.319999891197211e+00  3.599999984980800e+00 -3.003839932347319e-08 -2.176055775571228e-07 
 2.506400000000019e-05  5.258518551140893e-07  5.258518551152566e-07  1.440088732129153e-05  1.570245050655555e-05  1.319999891197212e+00  3.599999984980800e+00 -3.003840109983003e-08 -2.176055771130336e-07 
 2.511400000000019e-05  5.258518551098880e-07  5.258518551137614e-07  1.440088732121561e-05  1.570245050664843e-05  1.319999891197211e+00  3.599999984980800e+00 -3.003839932347319e-08 -2.176055775571228e-07 
 2.516400000000019e-05  5.258518551052530e-07  5.258518551100590e-07  1.440088732127892e-05  1.570245050654661e-05  1.319999891197211e+00  3.599999984980800e+00 -3.003840109983003e-08 -2.176055775571228e-07 
 2.521400000000020e-05  5.258518551418177e-07  5.258518551220221e-07  1.440088732133586e-05  1.570245050648067e-05  1.319999891197211e+00  3.599999984980800e+00 -3.003839932347319e-08 -2.176055775571228e-07 
 2.526400000000020e-05  5.258518551243892e-07  5.258518551253616e-07  1.440088732125998e-05  1.570245050638885e-05  1.319999891197212e+00  3.599999984980800e+00 -3.003840109983003e-08 -2.176055766689444e-07 
 2.531400000000020e-05  5.258518551604389e-07  5.258518551400605e-07  1.440088732119658e-05  1.570245050646786e-05  1.319999891197212e+00  3.599999984980800e+00 -3.003839932347319e-08 -2.176055766689444e-07 
 2.536400000000020e-05  5.258518551426851e-07  5.258518551440501e-07  1.440088732125295e-05  1.570245050639763e-05  1.319999891197212e+00  3.599999984980800e+00 -3.003840109983003e-08 -2.176055766689444e-07 
 2.541400000000020e-05  5.258518551381857e-07  5.258518551425024e-07  1.440088732131622e-05  1.570245050646153e-05  1.319999891197211e+00  3.599999984980800e+00 -3.003839932347319e-08 -2.176055775571228e-07 
 2.546400000000020e-05  5.258518551342283e-07  5.258518551388832e-07  1.440088732124521e-05  1.570245050654700e-05  1.319999891197211e+00  3.599999984980800e+00 -3.003839932347319e-08 -2.176055775571228e-07 
 2.551400000000020e-05  5.258518551312468e-07  5.258518551351048e-07  1.440088732117156e-05  1.570245050645624e-05  1.319999891197212e+00  3.599999984980800e+00 -3.003840021165161e-08 -2.176055771130336e-07 
 2.556400000000020e-05  5.258518551276418e-07  5.258518551313639e-07  1.440088732123045e-05  1.570245050654451e-05  1.319999891197212e+00  3.599999984980800e+00 -3.003839932347319e-08 -2.176055771130336e-07 
 2.561400000000021e-05  5.258518551643691e-07  5.258518551438178e-07  1.440088732114889e-05  1.570245050645782e-05  1.319999891197211e+00  3.599999984980800e+00 -3.003839932347319e-08 -2.176055775571228e-07 
 2.566400000000021e-05  5.258518551060933e-07  5.258518551312188e-07  1.440088732121496e-05  1.570245050653560e-05  1.319999891197211e+00  3.599999984980800e+00 -3.003839932347319e-08 -2.176055775571228e-07 
 2.571400000000021e-05  5.258518551145230e-07  5.258518551220207e-07  1.440088732114000e-05  1.570245050644979e-05  1.319999891197212e+00  3.599999984980800e+00 -3.003839932347319e-08 -2.176055766689444e-07 
 2.576400000000021e-05  5.258518551108909e-07  5.258518551157291e-07  1.440088732119218e-05  1.570245050653990e-05  1.319999891197211e+00  3.599999984980800e+00 -3.003840109983003e-08 -2.176055775571228e-07 
 2.581400000000021e-05  5.258518551481332e-07  5.258518551274325e-07  1.440088732124402e-05  1.570245050645193e-05  1.319999891197211e+00  3.599999984980800e+00 -3.003839932347319e-08 -2.176055775571228e-07 
 2.586400000000021e-05  5.258518551313010e-07  5.258518551313206e-07  1.440088732117913e-05  1.570245050652743e-05  1.319999891197211e+00  3.599999984980800e+00 -3.003839932347319e-08 -2.176055775571228e-07 
 2.591400000000021e-05  5.258518551266389e-07  5.258518551302256e-07  1.440088732124930e-05  1.570245050660128e-05  1.319999891197212e+00  3.599999984980800e+00 -3.003839932347319e-08 -2.176055766689444e-07 
 2.596400000000021e-05  5.258518551226003e-07  5.258518551269564e-07  1.440088732131905e-05  1.570245050652665e-05  1.319999891197211e+00  3.599999984980800e+00 -3.003839932347319e-08 -2.176055775571228e-07 
 2.601400000000022e-05  5.258518551194561e-07  5.258518551233026e-07  1.440088732124947e-05  1.570245050643572e-05  1.319999891197211e+00  3.599999984980800e+00 -3.003839932347319e-08 -2.176055775571228e-07 
 2.606400000000022e-05  5.258518551144958e-07  5.258518551190491e-07  1.440088732118536e-05  1.570245050652882e-05  1.319999891197211e+00  3.599999984980800e+00 -3.003839932347319e-08 -2.176055775571228e-07 
 2.611400000000022e-05  5.258518551117040e-07  5.258518551152604e-07  1.440088732124147e-05  1.570245050644239e-05  1.319999891197212e+00  3.599999984980800e+00 -3.003840021165161e-08 -2.176055771130336e-07 
 2.616400000000022e-05  5.258518551073943e-07  5.258518551113562e-07  1.440088732116516e-05  1.570245050652989e-05  1.319999891197212e+00  3.599999984980800e+00 -3.003840109983003e-08 -2.176055771130336e-07 
 2.621400000000022e-05  5.258518551038165e-07  5.258518551075595e-07  1.440088732121831e-05  1.570245050660798e-05  1.319999891197212e+00  3.599999984980800e+00 -3.003839932347319e-08 -2.176055762248552e-07 
 2.626400000000022e-05  5.258518550990731e-07  5.258518551034056e-07  1.440088732114650e-05  1.570245050651462e-05  1.319999891197212e+00  3.599999984980800e+00 -3.003839932347319e-08 -2.176055771130336e-07 
 2.631400000000022e-05  5.258518550949531e-07  5.258518550991939e-07  1.440088732120673e-05  1.570245050659470e-05  1.319999891197212e+00  3.599999984980800e+00 -3.003839932347319e-08 -2.176055771130336e-07 
 2.636400000000022e-05  5.258518550908060e-07  5.258518550949963e-07  1.440088732126316e-05  1.570245050652292e-05  1.319999891197212e+00  3.599999984980800e+00 -3.003839932347319e-08 -2.176055771130336e-07 
 2.641400000000023e-05  5.258518551266931e-07  5.258518551068355e-07  1.440088732118062e-05  1.570245050658452e-05  1.319999891197211e+00  3.599999984980800e+00 -3.003840109983003e-08 -2.176055775571228e-07 
 2.646400000000023e-05  5.258518551505456e-07  5.258518551266874e-07  1.440088732124201e-05  1.570245050650551e-05  1.319999891197211e+00  3.599999984980800e+00 -3.003839932347319e-08 -2.176055775571228e-07 
 2.651400000000023e-05  5.258518550935978e-07  5.258518551174219e-07  1.440088732130284e-05  1.570245050643583e-05  1.319999891197212e+00  3.599999984980800e+00 -3.003839932347319e-08 -2.176055766689444e-07 
 2.656400000000023e-05  5.258518551419804e-07  5.258518551253922e-07  1.440088732123135e-05  1.570245050650948e-05  1.319999891197211e+00  3.599999984980800e+00 -3.003839932347319e-08 -2.176055775571228e-07 
 2.661400000000023e-05  5.258518551265034e-07  5.258518551274307e-07  1.440088732128356e-05  1.570245050659291e-05  1.319999891197211e+00  3.599999984980800e+00 -3.003839932347319e-08 -2.176055775571228e-07 
 2.666400000000023e-05  5.258518551202692e-07  5.258518551249737e-07  1.440088732121512e-05  1.570245050649273e-05  1.319999891197211e+00  3.599999984980800e+00 -3.003840109983003e-08 -2.176055775571228e-07 
 2.671400000000023e-05  5.258518551153361e-07  5.258518551206273e-07  1.440088732127313e-05  1.570245050658545e-05  1.319999891197211e+00  3.599999984980800e+00 -3.003839932347319e-08 -2.176055775571228e-07 
 2.676400000000023e-05  5.258518551125714e-07  5.258518551165357e-07  1.440088732120374e-05  1.570245050649399e-05  1.319999891197211e+00  3.599999984980800e+00 -3.003839932347319e-08 -2.176055775571228e-07 
 2.681400000000023e-05  5.258518551095898e-07  5.258518551129390e-07  1.440088732125779e-05  1.570245050657397e-05  1.319999891197211e+00  3.599999984980800e+00 -3.003839932347319e-08 -2.176055775571228e-07 
 2.686400000000024e-05  5.258518551459377e-07  5.258518551254192e-07  1.440088732118182e-05  1.570245050649891e-05  1.319999891197211e+00  3.599999984980800e+00 -3.003839932347319e-08 -2.176055775571228e-07 
 2.691400000000024e-05  5.258518551281026e-07  5.258518551289886e-07  1.440088732124050e-05  1.570245050657519e-05  1.319999891197212e+00  3.599999984980800e+00 -3.003840021165161e-08 -2.176055762248552e-07 
 2.696400000000024e-05  5.258518551235218e-07  5.258518551275158e-07  1.440088732116969e-05  1.570245050648976e-05  1.319999891197212e+00  3.599999984980800e+00 -3.003839932347319e-08 -2.176055771130336e-07 
 2.701400000000024e-05  5.258518551191308e-07  5.258518551238672e-07  1.440088732122815e-05  1.570245050656654e-05  1.319999891197212e+00  3.599999984980800e+00 -3.003839932347319e-08 -2.176055771130336e-07 
 2.706400000000024e-05  5.258518551166914e-07  5.258518551202671e-07  1.440088732127950e-05  1.570245050648966e-05  1.319999891197211e+00  3.599999984980800e+00 -3.003839932347319e-08 -2.176055775571228e-07 
 2.711400000000024e-05  5.258518551127340e-07  5.258518551165338e-07  1.440088732120190e-05  1.570245050656242e-05  1.319999891197211e+00  3.599999984980800e+00 -3.003839932347319e-08 -2.176055775571228e-07 
 2.716400000000024e-05  5.258518551077196e-07  5.258518551122615e-07  1.440088732126727e-05  1.570245050649310e-05  1.319999891197212e+00  3.599999984980800e+00 -3.003839932347319e-08 -2.176055771130336e-07 
 2.721400000000024e-05  5.258518551435254e-07  5.258518551239125e-07  1.440088732120001e-05  1.570245050655259e-05  1.319999891197212e+00  3.599999984980800e+00 -3.003840109983003e-08 -2.176055766689444e-07 
 2.726400000000025e-05  5.258518551276147e-07  5.258518551277236e-07  1.440088732124963e-05  1.570245050664550e-05  1.319999891197211e+00  3.599999984980800e+00 -3.003839932347319e-08 -2.176055775571228e-07 
 2.731400000000025e-05  5.258518551213263e-07  5.258518551259270e-07  1.440088732131004e-05  1.570245050655580e-05  1.319999891197211e+00  3.599999984980800e+00 -3.003840109983003e-08 -2.176055775571228e-07 
 2.736400000000025e-05  5.258518551183448e-07  5.258518551225348e-07  1.440088732124180e-05  1.570245050664532e-05  1.319999891197211e+00  3.599999984980800e+00 -3.003839932347319e-08 -2.176055775571228e-07 
 2.741400000000025e-05  5.258518551149566e-07  5.258518551188251e-07  1.440088732117139e-05  1.570245050640138e-05  1.319999891197211e+00  3.599999984980800e+00 -3.003839932347319e-08 -2.176055775571228e-07 
 2.746400000000025e-05  5.258518551516840e-07  5.258518551312268e-07  1.440088732122945e-05  1.570245050647757e-05  1.319999891197212e+00  3.599999984980800e+00 -3.003839932347319e-08 -2.176055771130336e-07 
 2.751400000000025e-05  5.258518551341470e-07  5.258518551348751e-07  1.440088732129388e-05  1.570245050640718e-05  1.319999891197211e+00  3.599999984980800e+00 -3.003839932347319e-08 -2.176055775571228e-07 
 2.756400000000025e-05  5.258518551294849e-07  5.258518551334487e-07  1.440088732122280e-05  1.570245050648052e-05  1.319999891197211e+00  3.599999984980800e+00 -3.003839932347319e-08 -2.176055775571228e-07 
 2.761400000000025e-05  5.258518551263136e-07  5.258518551303094e-07  1.440088732128710e-05  1.570245050656866e-05  1.319999891197211e+00  3.599999984980800e+00 -3.003839932347319e-08 -2.176055775571228e-07 
 2.766400000000026e-05  5.258518551215432e-07  5.258518551261751e-07  1.440088732121426e-05  1.570245050648193e-05  1.319999891197211e+00  3.599999984980800e+00 -3.003840109983003e-08 -2.176055775571228e-07 
 2.771400000000026e-05  5.258518551179924e-07  5.258518551220751e-07  1.440088732113989e-05  1.570245050656071e-05  1.319999891197211e+00  3.599999984980800e+00 -3.003839932347319e-08 -2.176055775571228e-07 
 2.776400000000026e-05  5.258518551124901e-07  5.258518551174211e-07  1.440088732118870e-05  1.570245050647735e-05  1.319999891197211e+00  3.599999984980800e+00 -3.003840109983003e-08 -2.176055775571228e-07 
 2.781400000000026e-05  5.258518551089935e-07  5.258518551131193e-07  1.440088732125270e-05  1.570245050655145e-05  1.319999891197212e+00  3.599999984980800e+00 -3.003839932347319e-08 -2.176055762248552e-07 
 2.786400000000026e-05  5.258518551046567e-07  5.258518551088739e-07  1.440088732131043e-05  1.570245050646217e-05  1.319999891197212e+00  3.599999984980800e+00 -3.003839932347319e-08 -2.176055771130336e-07 
 2.791400000000026e-05  5.258518550999675e-07  5.258518551044623e-07  1.440088732123747e-05  1.570245050653714e-05  1.319999891197212e+00  3.599999984980800e+00 -3.003840021165161e-08 -2.176055771130336e-07 
 2.796400000000026e-05  5.258518550967691e-07  5.258518551005028e-07  1.440088732116014e-05  1.570245050646291e-05  1.319999891197212e+00  3.599999984980800e+00 -3.003839932347319e-08 -2.176055762248552e-07 
 2.801400000000026e-05  5.258518551326562e-07  5.258518551125722e-07  1.440088732121415e-05  1.570245050637696e-05  1.319999891197211e+00  3.599999984980800e+00 -3.003839932347319e-08 -2.176055775571228e-07 
 2.806400000000027e-05  5.258518551149024e-07  5.258518551159182e-07  1.440088732127849e-05  1.570245050640205e-05  1.319999891197211e+00  3.599999984980800e+00 -3.003839932347319e-08 -2.176055775571228e-07 
 2.811400000000027e-05  5.258518551513587e-07  5.258518551307636e-07  1.440088732133169e-05  1.570245050662623e-05  1.319999891197211e+00  3.599999984980800e+00 -3.003840109983003e-08 -2.176055775571228e-07 
 2.816400000000027e-05  5.258518551348246e-07  5.258518551353571e-07  1.440088732112918e-05  1.570245050655927e-05  1.319999891197212e+00  3.599999984980800e+00 -3.003839932347319e-08 -2.176055771130336e-07 
 2.821400000000027e-05  5.258518551289428e-07  5.258518551337102e-07  1.440088732118677e-05  1.570245050646797e-05  1.319999891197212e+00  3.599999984980800e+00 -3.003840109983003e-08 -2.176055766689444e-07 
 2.826400000000027e-05  5.258518551266389e-07  5.258518551305522e-07  1.440088732125106e-05  1.570245050638009e-05  1.319999891197211e+00  3.599999984980800e+00 -3.003839932347319e-08 -2.176055775571228e-07 
 2.831400000000027e-05  5.258518551212992e-07  5.258518551262194e-07  1.440088732117490e-05  1.570245050644928e-05  1.319999891197211e+00  3.599999984980800e+00 -3.003840109983003e-08 -2.176055775571228e-07 
 2.836400000000027e-05  5.258518551185345e-07  5.258518551222789e-07  1.440088732123092e-05  1.570245050653544e-05  1.319999891197211e+00  3.599999984980800e+00 -3.003839932347319e-08 -2.176055775571228e-07 
 2.841400000000027e-05  5.258518551539608e-07  5.258518551341635e-07  1.440088732116281e-05  1.570245050644672e-05  1.319999891197212e+00  3.599999984980800e+00 -3.003840109983003e-08 -2.176055766689444e-07 
 2.846400000000027e-05  5.258518551387278e-07  5.258518551383662e-07  1.440088732123207e-05  1.570245050653355e-05  1.319999891197211e+00  3.599999984980800e+00 -3.003839932347319e-08 -2.176055775571228e-07 
 2.851400000000028e-05  5.258518551326562e-07  5.258518551369227e-07  1.440088732129214e-05  1.570245050644592e-05  1.319999891197211e+00  3.599999984980800e+00 -3.003840109983003e-08 -2.176055775571228e-07 
 2.856400000000028e-05  5.258518551301084e-07  5.258518551339084e-07  1.440088732121795e-05  1.570245050637472e-05  1.319999891197211e+00  3.599999984980800e+00 -3.003839932347319e-08 -2.176055775571228e-07 
 2.861400000000028e-05  5.258518551260155e-07  5.258518551301484e-07  1.440088732128155e-05  1.570245050660682e-05  1.319999891197211e+00  3.599999984980799e+00 -3.003840198800845e-08 -2.176055775571228e-07 
 2.866400000000028e-05  5.258518551622007e-07  5.258518551422173e-07  1.440088732133345e-05  1.570245050653278e-05  1.319999891197212e+00  3.599999984980800e+00 -3.003839932347319e-08 -2.176055771130336e-07 
 2.871400000000028e-05  5.258518551458293e-07  5.258518551460760e-07  1.440088732127327e-05  1.570245050644666e-05  1.319999891197211e+00  3.599999984980800e+00 -3.003839932347319e-08 -2.176055775571228e-07 
 2.876400000000028e-05  5.258518551406251e-07  5.258518551446674e-07  1.440088732121311e-05  1.570245050653237e-05  1.319999891197211e+00  3.599999984980800e+00 -3.003839932347319e-08 -2.176055775571228e-07 
 2.881400000000028e-05  5.258518551377249e-07  5.258518551416086e-07  1.440088732128179e-05  1.570245050646609e-05  1.319999891197212e+00  3.599999984980800e+00 -3.003839932347319e-08 -2.176055771130336e-07 
 2.886400000000028e-05  5.258518551336049e-07  5.258518551377954e-07  1.440088732120251e-05  1.570245050652777e-05  1.319999891197212e+00  3.599999984980800e+00 -3.003839932347319e-08 -2.176055766689444e-07 
 2.891400000000029e-05  5.258518551294036e-07  5.258518551336761e-07  1.440088732127676e-05  1.570245050644355e-05  1.319999891197211e+00  3.599999984980800e+00 -3.003839932347319e-08 -2.176055775571228e-07 
 2.896400000000029e-05  5.258518551652094e-07  5.258518551454655e-07  1.440088732121342e-05  1.570245050651204e-05  1.319999891197211e+00  3.599999984980800e+00 -3.003840109983003e-08 -2.176055775571228e-07 
 2.901400000000029e-05  5.258518551486482e-07  5.258518551490965e-07  1.440088732114379e-05  1.570245050644175e-05  1.319999891197211e+00  3.599999984980800e+00 -3.003839932347319e-08 -2.176055775571228e-07 
 2.906400000000029e-05  5.258518551033286e-07  5.258518551315155e-07  1.440088732119234e-05  1.570245050651383e-05  1.319999891197212e+00  3.599999984980800e+00 -3.003840109983003e-08 -2.176055771130336e-07 
 2.911400000000029e-05  5.258518551134659e-07  5.258518551207795e-07  1.440088732125936e-05  1.570245050642613e-05  1.319999891197212e+00  3.599999984980800e+00 -3.003839932347319e-08 -2.176055771130336e-07 
 2.916400000000029e-05  5.258518551093730e-07  5.258518551140696e-07  1.440088732118829e-05  1.570245050651993e-05  1.319999891197212e+00  3.599999984980800e+00 -3.003840109983003e-08 -2.176055771130336e-07 
 2.921400000000029e-05  5.258518551064727e-07  5.258518551096888e-07  1.440088732124776e-05  1.570245050642939e-05  1.319999891197211e+00  3.599999984980800e+00 -3.003839932347319e-08 -2.176055775571228e-07 
 2.926400000000029e-05  5.258518551011873e-07  5.258518551054122e-07  1.440088732130356e-05  1.570245050650123e-05  1.319999891197211e+00  3.599999984980800e+00 -3.003840109983003e-08 -2.176055775571228e-07 
 2.931400000000030e-05  5.258518551373996e-07  5.258518551173518e-07  1.440088732123555e-05  1.570245050643451e-05  1.319999891197212e+00  3.599999984980800e+00 -3.003839932347319e-08 -2.176055766689444e-07 
 2.936400000000030e-05  5.258518551210011e-07  5.258518551211995e-07  1.440088732129854e-05  1.570245050650454e-05  1.319999891197211e+00  3.599999984980800e+00 -3.003839932347319e-08 -2.176055775571228e-07 
 2.941400000000030e-05  5.258518551557497e-07  5.258518551357892e-07  1.440088732123073e-05  1.570245050657741e-05  1.319999891197211e+00  3.599999984980800e+00 -3.003840021165161e-08 -2.176055775571228e-07 
 2.946400000000030e-05  5.258518551390259e-07  5.258518551400018e-07  1.440088732116022e-05  1.570245050650677e-05  1.319999891197211e+00  3.599999984980800e+00 -3.003840109983003e-08 -2.176055775571228e-07 
 2.951400000000030e-05  5.258518551346891e-07  5.258518551387193e-07  1.440088732121038e-05  1.570245050641422e-05  1.319999891197211e+00  3.599999984980800e+00 -3.003839932347319e-08 -2.176055775571228e-07 
 2.956400000000030e-05  5.258518551305691e-07  5.258518551352027e-07  1.440088732114122e-05  1.570245050650723e-05  1.319999891197211e+00  3.599999984980800e+00 -3.003839932347319e-08 -2.176055775571228e-07 
 2.961400000000030e-05  5.258518551267473e-07  5.258518551311173e-07  1.440088732121576e-05  1.570245050641742e-05  1.319999891197211e+00  3.599999984980800e+00 -3.003840021165161e-08 -2.176055775571228e-07 
 2.966400000000030e-05  5.258518551222208e-07  5.258518551267416e-07  1.440088732127453e-05  1.570245050650669e-05  1.319999891197211e+00  3.599999984980800e+00 -3.003839932347319e-08 -2.176055775571228e-07 
 2.971400000000031e-05  5.258518551183719e-07  5.258518551225185e-07  1.440088732120461e-05  1.570245050658359e-05  1.319999891197212e+00  3.599999984980800e+00 -3.003839932347319e-08 -2.176055766689444e-07 
 2.976400000000031e-05  5.258518551140893e-07  5.258518551183022e-07  1.440088732112732e-05  1.570245050665578e-05  1.319999891197211e+00  3.599999984980800e+00 -3.003839932347319e-08 -2.176055775571228e-07 
 2.981400000000031e-05  5.258518551095356e-07  5.258518551139523e-07  1.440088732118535e-05  1.570245050641242e-05  1.319999891197211e+00  3.599999984980800e+00 -3.003839932347319e-08 -2.176055775571228e-07 
 2.986400000000031e-05  5.258518551067167e-07  5.258518551101880e-07  1.440088732125218e-05  1.570245050650244e-05  1.319999891197212e+00  3.599999984980800e+00 -3.003839932347319e-08 -2.176055771130336e-07 
 2.991400000000031e-05  5.258518551016209e-07  5.258518551060084e-07  1.440088732131785e-05  1.570245050640434e-05  1.319999891197211e+00  3.599999984980800e+00 -3.003839932347319e-08 -2.176055775571228e-07 
 2.996400000000031e-05  5.258518551386193e-07  5.258518551182169e-07  1.440088732124559e-05  1.570245050647319e-05  1.319999891197211e+00  3.599999984980800e+00 -3.003839932347319e-08 -2.176055775571228e-07 
 3.001400000000031e-05  5.258518551214889e-07  5.258518551219674e-07  1.440088732129912e-05  1.570245050639814e-05  1.319999891197212e+00  3.599999984980800e+00 -3.003839932347319e-08 -2.176055771130336e-07 
 3.006400000000031e-05  5.258518551568882e-07  5.258518551366859e-07  1.440088732123012e-05  1.570245050646845e-05  1.319999891197212e+00  3.599999984980800e+00 -3.003840021165161e-08 -2.176055771130336e-07 
 3.011400000000032e-05  5.258518551405167e-07  5.258518551411619e-07  1.440088732116654e-05  1.570245050639671e-05  1.319999891197212e+00  3.599999984980800e+00 -3.003839932347319e-08 -2.176055762248552e-07 
 3.016400000000032e-05  5.258518551360444e-07  5.258518551400102e-07  1.440088732122363e-05  1.570245050646973e-05  1.319999891197212e+00  3.599999984980800e+00 -3.003840109983003e-08 -2.176055766689444e-07 
 3.021400000000032e-05  5.258518551331983e-07  5.258518551370551e-07  1.440088732128496e-05  1.570245050655759e-05  1.319999891197212e+00  3.599999984980800e+00 -3.003839932347319e-08 -2.176055766689444e-07 
 3.026400000000032e-05  5.258518551285363e-07  5.258518551330566e-07  1.440088732121195e-05  1.570245050662789e-05  1.319999891197212e+00  3.599999984980800e+00 -3.003840109983003e-08 -2.176055766689444e-07 
 3.031400000000032e-05  5.258518551254734e-07  5.258518551292236e-07  1.440088732127252e-05  1.570245050656151e-05  1.319999891197211e+00  3.599999984980800e+00 -3.003839932347319e-08 -2.176055775571228e-07 
 3.036400000000032e-05  5.258518551205945e-07  5.258518551250054e-07  1.440088732120160e-05  1.570245050663313e-05  1.319999891197211e+00  3.599999984980800e+00 -3.003840109983003e-08 -2.176055775571228e-07 
 3.041400000000032e-05  5.258518551162035e-07  5.258518551206410e-07  1.440088732128402e-05  1.570245050654736e-05  1.319999891197212e+00  3.599999984980800e+00 -3.003839932347319e-08 -2.176055771130336e-07 
 3.046400000000032e-05  5.258518551117582e-07  5.258518551162150e-07  1.440088732122210e-05  1.570245050662326e-05  1.319999891197211e+00  3.599999984980800e+00 -3.003839932347319e-08 -2.176055775571228e-07 
 3.051400000000032e-05  5.258518551076925e-07  5.258518551119209e-07  1.440088732127884e-05  1.570245050654191e-05  1.319999891197211e+00  3.599999984980800e+00 -3.003839932347319e-08 -2.176055775571228e-07 
 3.056400000000033e-05  5.258518551023799e-07  5.258518551072457e-07  1.440088732133871e-05  1.570245050645898e-05  1.319999891197211e+00  3.599999984980800e+00 -3.003840109983003e-08 -2.176055775571228e-07 
 3.061400000000033e-05  5.258518550996423e-07  5.258518551032693e-07  1.440088732114052e-05  1.570245050653175e-05  1.319999891197212e+00  3.599999984980800e+00 -3.003839932347319e-08 -2.176055771130336e-07 
 3.066400000000033e-05  5.258518550943568e-07  5.258518550989090e-07  1.440088732120086e-05  1.570245050646164e-05  1.319999891197212e+00  3.599999984980800e+00 -3.003839932347319e-08 -2.176055771130336e-07 
 3.071400000000033e-05  5.258518550899387e-07  5.258518550944488e-07  1.440088732126381e-05  1.570245050637473e-05  1.319999891197212e+00  3.599999984980800e+00 -3.003839932347319e-08 -2.176055771130336e-07 
 3.076400000000033e-05  5.258518551265305e-07  5.258518551063894e-07  1.440088732119259e-05  1.570245050662034e-05  1.319999891197211e+00  3.599999984980800e+00 -3.003839932347319e-08 -2.176055775571228e-07 
 3.081400000000033e-05  5.258518551090206e-07  5.258518551098301e-07  1.440088732124774e-05  1.570245050653175e-05  1.319999891197211e+00  3.599999984980800e+00 -3.003839932347319e-08 -2.176055775571228e-07 
 3.086400000000033e-05  5.258518551047109e-07  5.258518551084706e-07  1.440088732131046e-05  1.570245050646250e-05  1.319999891197212e+00  3.599999984980800e+00 -3.003840021165161e-08 -2.176055771130336e-07 
 3.091400000000033e-05  5.258518551407064e-07  5.258518551210931e-07  1.440088732125848e-05  1.570245050652066e-05  1.319999891197212e+00  3.599999984980800e+00 -3.003840109983003e-08 -2.176055771130336e-07 
 3.096400000000034e-05  5.258518551654533e-07  5.258518551413617e-07  1.440088732133117e-05  1.570245050645551e-05  1.319999891197212e+00  3.599999984980800e+00 -3.003839932347319e-08 -2.176055766689444e-07 
 3.101400000000034e-05  5.258518551065541e-07  5.258518551314924e-07  1.440088732111942e-05  1.570245050652413e-05  1.319999891197211e+00  3.599999984980800e+00 -3.003839932347319e-08 -2.176055775571228e-07 
 3.106400000000034e-05  5.258518551145230e-07  5.258518551227308e-07  1.440088732117988e-05  1.570245050645312e-05  1.319999891197212e+00  3.599999984980800e+00 -3.003839932347319e-08 -2.176055771130336e-07 
 3.111400000000034e-05  5.258518551108638e-07  5.258518551162316e-07  1.440088732124092e-05  1.570245050652582e-05  1.319999891197211e+00  3.599999984980800e+00 -3.003839932347319e-08 -2.176055775571228e-07 
 3.116400000000034e-05  5.258518551475640e-07  5.258518551274648e-07  1.440088732129872e-05  1.570245050642947e-05  1.319999891197212e+00  3.599999984980800e+00 -3.003840021165161e-08 -2.176055766689444e-07 
 3.121400000000034e-05  5.258518551297831e-07  5.258518551306387e-07  1.440088732123287e-05  1.570245050651999e-05  1.319999891197212e+00  3.599999984980800e+00 -3.003839932347319e-08 -2.176055766689444e-07 
 3.126400000000034e-05  5.258518551246602e-07  5.258518551288821e-07  1.440088732115416e-05  1.570245050643145e-05  1.319999891197211e+00  3.599999984980800e+00 -3.003840109983003e-08 -2.176055775571228e-07 
 3.131400000000034e-05  5.258518551211095e-07  5.258518551254217e-07  1.440088732122585e-05  1.570245050652197e-05  1.319999891197211e+00  3.599999984980800e+00 -3.003839932347319e-08 -2.176055775571228e-07 
 3.136400000000035e-05  5.258518551161493e-07  5.258518551210206e-07  1.440088732117114e-05  1.570245050659033e-05  1.319999891197211e+00  3.599999984980800e+00 -3.003840109983003e-08 -2.176055775571228e-07 
 3.141400000000035e-05  5.258518551138182e-07  5.258518551172595e-07  1.440088732123031e-05  1.570245050652248e-05  1.319999891197211e+00  3.599999984980800e+00 -3.003839932347319e-08 -2.176055775571228e-07 
 3.146400000000035e-05  5.258518551086954e-07  5.258518551130816e-07  1.440088732115331e-05  1.570245050641959e-05  1.319999891197211e+00  3.599999984980800e+00 -3.003839932347319e-08 -2.176055775571228e-07 
 3.151400000000035e-05  5.258518551052530e-07  5.258518551091145e-07  1.440088732121405e-05  1.570245050651461e-05  1.319999891197211e+00  3.599999984980800e+00 -3.003839932347319e-08 -2.176055775571228e-07 
 3.156400000000035e-05  5.258518551009704e-07  5.258518551050635e-07  1.440088732114047e-05  1.570245050642387e-05  1.319999891197212e+00  3.599999984980800e+00 -3.003839932347319e-08 -2.176055771130336e-07 
 3.161400000000035e-05  5.258518550974739e-07  5.258518551012175e-07  1.440088732120646e-05  1.570245050650011e-05  1.319999891197212e+00  3.599999984980800e+00 -3.003839932347319e-08 -2.176055771130336e-07 
 3.166400000000035e-05  5.258518550936521e-07  5.258518550974222e-07  1.440088732112534e-05  1.570245050657474e-05  1.319999891197212e+00  3.599999984980800e+00 -3.003839932347319e-08 -2.176055771130336e-07 
 3.171400000000035e-05  5.258518551303523e-07  5.258518551098353e-07  1.440088732117919e-05  1.570245050650402e-05  1.319999891197212e+00  3.599999984980800e+00 -3.003840021165161e-08 -2.176055771130336e-07 
 3.176400000000036e-05  5.258518551144687e-07  5.258518551141712e-07  1.440088732124385e-05  1.570245050641501e-05  1.319999891197212e+00  3.599999984980800e+00 -3.003839932347319e-08 -2.176055762248552e-07 
 3.181400000000036e-05  5.258518551092375e-07  5.258518551130650e-07  1.440088732116830e-05  1.570245050650702e-05  1.319999891197211e+00  3.599999984980800e+00 -3.003840109983003e-08 -2.176055775571228e-07 
 3.186400000000036e-05  5.258518551051175e-07  5.258518551096648e-07  1.440088732123169e-05  1.570245050656707e-05  1.319999891197212e+00  3.599999984980800e+00 -3.003839932347319e-08 -2.176055766689444e-07 
 3.191400000000036e-05  5.258518551013770e-07  5.258518551056696e-07  1.440088732115701e-05  1.570245050664602e-05  1.319999891197212e+00  3.599999984980800e+00 -3.003839932347319e-08 -2.176055766689444e-07 
 3.196400000000036e-05  5.258518550979889e-07  5.258518551017982e-07  1.440088732121956e-05  1.570245050641197e-05  1.319999891197211e+00  3.599999984980800e+00 -3.003839932347319e-08 -2.176055775571228e-07 
 3.201400000000036e-05  5.258518550925136e-07  5.258518550973102e-07  1.440088732128322e-05  1.570245050664604e-05  1.319999891197211e+00  3.599999984980800e+00 -3.003840021165161e-08 -2.176055775571228e-07 
 3.206400000000036e-05  5.258518550894508e-07  5.258518550932688e-07  1.440088732119997e-05  1.570245050656067e-05  1.319999891197211e+00  3.599999984980800e+00 -3.003839932347319e-08 -2.176055775571228e-07 
 3.211400000000036e-05  5.258518550855205e-07  5.258518550893612e-07  1.440088732126613e-05  1.570245050657346e-05  1.319999891197212e+00  3.599999984980800e+00 -3.003839932347319e-08 -2.176055766689444e-07 
 3.216400000000036e-05  5.258518551205945e-07  5.258518551010730e-07  1.440088732132586e-05  1.570245050648826e-05  1.319999891197211e+00  3.599999984980800e+00 -3.003839932347319e-08 -2.176055775571228e-07 
 3.221400000000037e-05  5.258518551039791e-07  5.258518551045778e-07  1.440088732126006e-05  1.570245050640415e-05  1.319999891197211e+00  3.599999984980800e+00 -3.003839932347319e-08 -2.176055775571228e-07 
 3.226400000000037e-05  5.258518550996423e-07  5.258518551033046e-07  1.440088732118992e-05  1.570245050648066e-05  1.319999891197211e+00  3.599999984980800e+00 -3.003839932347319e-08 -2.176055775571228e-07 
 3.231400000000037e-05  5.258518551363696e-07  5.258518551162760e-07  1.440088732124101e-05  1.570245050639172e-05  1.319999891197211e+00  3.599999984980800e+00 -3.003840021165161e-08 -2.176055775571228e-07 
 3.236400000000037e-05  5.258518551190766e-07  5.258518551199905e-07  1.440088732116779e-05  1.570245050647297e-05  1.319999891197212e+00  3.599999984980800e+00 -3.003839932347319e-08 -2.176055771130336e-07 
 3.241400000000037e-05  5.258518551145230e-07  5.258518551185465e-07  1.440088732123907e-05  1.570245050638348e-05  1.319999891197212e+00  3.599999984980800e+00 -3.003839932347319e-08 -2.176055762248552e-07 
 3.246400000000037e-05  5.258518551101319e-07  5.258518551148919e-07  1.440088732116296e-05  1.570245050647164e-05  1.319999891197212e+00  3.599999984980800e+00 -3.003839932347319e-08 -2.176055771130336e-07 
 3.251400000000037e-05  5.258518551060391e-07  5.258518551106199e-07  1.440088732122494e-05  1.570245050654764e-05  1.319999891197212e+00  3.599999984980800e+00 -3.003839932347319e-08 -2.176055771130336e-07 
 3.256400000000037e-05  5.258518551020275e-07  5.258518551063285e-07  1.440088732127917e-05  1.570245050646401e-05  1.319999891197212e+00  3.599999984980800e+00 -3.003839932347319e-08 -2.176055771130336e-07 
 3.261400000000038e-05  5.258518550973655e-07  5.258518551018850e-07  1.440088732120731e-05  1.570245050654055e-05  1.319999891197211e+00  3.599999984980800e+00 -3.003840109983003e-08 -2.176055775571228e-07 
 3.266400000000038e-05  5.258518551346891e-07  5.258518551141180e-07  1.440088732127338e-05  1.570245050646781e-05  1.319999891197211e+00  3.599999984980800e+00 -3.003839932347319e-08 -2.176055775571228e-07 
 3.271400000000038e-05  5.258518551170979e-07  5.258518551177565e-07  1.440088732120687e-05  1.570245050653865e-05  1.319999891197211e+00  3.599999984980800e+00 -3.003839932347319e-08 -2.176055775571228e-07 
 3.276400000000038e-05  5.258518551521177e-07  5.258518551322287e-07  1.440088732126213e-05  1.570245050645668e-05  1.319999891197211e+00  3.599999984980800e+00 -3.003839932347319e-08 -2.176055775571228e-07 
 3.281400000000038e-05  5.258518551346891e-07  5.258518551361073e-07  1.440088732118820e-05  1.570245050654526e-05  1.319999891197211e+00  3.599999984980800e+00 -3.003839932347319e-08 -2.176055775571228e-07 
 3.286400000000038e-05  5.258518551305691e-07  5.258518551346677e-07  1.440088732125256e-05  1.570245050645939e-05  1.319999891197211e+00  3.599999984980800e+00 -3.003839932347319e-08 -2.176055775571228e-07 
 3.291400000000038e-05  5.258518551262594e-07  5.258518551310166e-07  1.440088732131317e-05  1.570245050654097e-05  1.319999891197211e+00  3.599999984980800e+00 -3.003839932347319e-08 -2.176055775571228e-07 
 3.296400000000038e-05  5.258518551226003e-07  5.258518551269198e-07  1.440088732125040e-05  1.570245050644529e-05  1.319999891197211e+00  3.599999984980800e+00 -3.003840109983003e-08 -2.176055775571228e-07 
 3.301400000000039e-05  5.258518551188055e-07  5.258518551228548e-07  1.440088732130652e-05  1.570245050653298e-05  1.319999891197212e+00  3.599999984980800e+00 -3.003839932347319e-08 -2.176055771130336e-07 
 3.306400000000039e-05  5.258518551537982e-07  5.258518551344191e-07  1.440088732122853e-05  1.570245050643879e-05  1.319999891197212e+00  3.599999984980800e+00 -3.003840109983003e-08 -2.176055771130336e-07 
 3.311400000000039e-05  5.258518551379959e-07  5.258518551381628e-07  1.440088732115872e-05  1.570245050651490e-05  1.319999891197212e+00  3.599999984980800e+00 -3.003839932347319e-08 -2.176055771130336e-07 
 3.316400000000039e-05  5.258518551328460e-07  5.258518551367849e-07  1.440088732121273e-05  1.570245050660067e-05  1.319999891197212e+00  3.599999984980800e+00 -3.003840109983003e-08 -2.176055771130336e-07 
 3.321400000000039e-05  5.258518551293494e-07  5.258518551335351e-07  1.440088732128310e-05  1.570245050651319e-05  1.319999891197212e+00  3.599999984980800e+00 -3.003839932347319e-08 -2.176055771130336e-07 
 3.326400000000039e-05  5.258518551641794e-07  5.258518551451429e-07  1.440088732133699e-05  1.570245050660530e-05  1.319999891197212e+00  3.599999984980800e+00 -3.003840109983003e-08 -2.176055771130336e-07 
 3.331400000000039e-05  5.258518551492445e-07  5.258518551491051e-07  1.440088732126475e-05  1.570245050651785e-05  1.319999891197212e+00  3.599999984980800e+00 -3.003839932347319e-08 -2.176055771130336e-07 
 3.336400000000039e-05  5.258518551439861e-07  5.258518551478500e-07  1.440088732133063e-05  1.570245050660736e-05  1.319999891197211e+00  3.599999984980800e+00 -3.003840109983003e-08 -2.176055775571228e-07 
 3.341400000000040e-05  5.258518551417635e-07  5.258518551451644e-07  1.440088732126119e-05  1.570245050652569e-05  1.319999891197211e+00  3.599999984980800e+00 -3.003839932347319e-08 -2.176055775571228e-07 
 3.346400000000040e-05  5.258518551368304e-07  5.258518551412937e-07  1.440088732132689e-05  1.570245050659910e-05  1.319999891197211e+00  3.599999984980800e+00 -3.003840109983003e-08 -2.176055775571228e-07 
 3.351400000000040e-05  5.258518551338760e-07  5.258518551375525e-07  1.440088732125713e-05  1.570245050653050e-05  1.319999891197211e+00  3.599999984980800e+00 -3.003839932347319e-08 -2.176055775571228e-07 
 3.356400000000040e-05  5.258518551698444e-07  5.258518551497210e-07  1.440088732118001e-05  1.570245050660387e-05  1.319999891197211e+00  3.599999984980800e+00 -3.003840109983003e-08 -2.176055775571228e-07 
 3.361400000000040e-05  5.258518551127340e-07  5.258518551373599e-07  1.440088732123413e-05  1.570245050653146e-05  1.319999891197212e+00  3.599999984980800e+00 -3.003839932347319e-08 -2.176055771130336e-07 
 3.366400000000040e-05  5.258518551205403e-07  5.258518551281599e-07  1.440088732129118e-05  1.570245050644207e-05  1.319999891197211e+00  3.599999984980800e+00 -3.003839932347319e-08 -2.176055775571228e-07 
 3.371400000000040e-05  5.258518551163119e-07  5.258518551215806e-07  1.440088732135807e-05  1.570245050653588e-05  1.319999891197211e+00  3.599999984980800e+00 -3.003839932347319e-08 -2.176055775571228e-07 
 3.376400000000040e-05  5.258518551125443e-07  5.258518551166503e-07  1.440088732115426e-05  1.570245050643968e-05  1.319999891197211e+00  3.599999984980800e+00 -3.003839932347319e-08 -2.176055775571228e-07 
 3.381400000000041e-05  5.258518551089122e-07  5.258518551125691e-07  1.440088732121271e-05  1.570245050652101e-05  1.319999891197211e+00  3.599999984980800e+00 -3.003839932347319e-08 -2.176055775571228e-07 
 3.386400000000041e-05  5.258518551447722e-07  5.258518551246341e-07  1.440088732126467e-05  1.570245050659412e-05  1.319999891197211e+00  3.599999984980800e+00 -3.003839932347319e-08 -2.176055775571228e-07 
 3.391400000000041e-05  5.258518551278044e-07  5.258518551283152e-07  1.440088732120568e-05  1.570245050652640e-05  1.319999891197211e+00  3.599999984980799e+00 -3.003840198800845e-08 -2.176055775571228e-07 
 3.396400000000041e-05  5.258518551244163e-07  5.258518551274919e-07  1.440088732126429e-05  1.570245050660138e-05  1.319999891197212e+00  3.599999984980800e+00 -3.003839932347319e-08 -2.176055771130336e-07 
 3.401400000000041e-05  5.258518551195645e-07  5.258518551241563e-07  1.440088732118766e-05  1.570245050650695e-05  1.319999891197212e+00  3.599999984980800e+00 -3.003839932347319e-08 -2.176055762248552e-07 
 3.406400000000041e-05  5.258518551158782e-07  5.258518551201780e-07  1.440088732124037e-05  1.570245050643702e-05  1.319999891197212e+00  3.599999984980800e+00 -3.003839932347319e-08 -2.176055762248552e-07 
 3.411400000000041e-05  5.258518551527682e-07  5.258518551324184e-07  1.440088732116981e-05  1.570245050650237e-05  1.319999891197212e+00  3.599999984980800e+00 -3.003839932347319e-08 -2.176055762248552e-07 
 3.416400000000041e-05  5.258518551352312e-07  5.258518551359916e-07  1.440088732122819e-05  1.570245050657691e-05  1.319999891197212e+00  3.599999984980800e+00 -3.003839932347319e-08 -2.176055766689444e-07 
 3.421400000000041e-05  5.258518551311112e-07  5.258518551347541e-07  1.440088732115551e-05  1.570245050648956e-05  1.319999891197211e+00  3.599999984980800e+00 -3.003839932347319e-08 -2.176055775571228e-07 
 3.426400000000042e-05  5.258518551265576e-07  5.258518551312279e-07  1.440088732121744e-05  1.570245050658192e-05  1.319999891197212e+00  3.599999984980800e+00 -3.003840021165161e-08 -2.176055771130336e-07 
 3.431400000000042e-05  5.258518551230881e-07  5.258518551272668e-07  1.440088732114816e-05  1.570245050649226e-05  1.319999891197211e+00  3.599999984980800e+00 -3.003839932347319e-08 -2.176055775571228e-07 
 3.436400000000042e-05  5.258518551597613e-07  5.258518551394723e-07  1.440088732121165e-05  1.570245050658100e-05  1.319999891197211e+00  3.599999984980800e+00 -3.003839932347319e-08 -2.176055775571228e-07 
 3.441400000000042e-05  5.258518551441217e-07  5.258518551437732e-07  1.440088732127530e-05  1.570245050649763e-05  1.319999891197212e+00  3.599999984980800e+00 -3.003839932347319e-08 -2.176055771130336e-07 
 3.446400000000042e-05  5.258518551388633e-07  5.258518551426695e-07  1.440088732119920e-05  1.570245050655800e-05  1.319999891197211e+00  3.599999984980800e+00 -3.003840109983003e-08 -2.176055775571228e-07 
 3.451400000000042e-05  5.258518551358004e-07  5.258518551397012e-07  1.440088732125732e-05  1.570245050648598e-05  1.319999891197211e+00  3.599999984980800e+00 -3.003839932347319e-08 -2.176055775571228e-07 
 3.456400000000042e-05  5.258518551299999e-07  5.258518551352271e-07  1.440088732118022e-05  1.570245050639095e-05  1.319999891197211e+00  3.599999984980800e+00 -3.003839932347319e-08 -2.176055775571228e-07 
 3.461400000000042e-05  5.258518551265305e-07  5.258518551308536e-07  1.440088732124558e-05  1.570245050647880e-05  1.319999891197212e+00  3.599999984980800e+00 -3.003839932347319e-08 -2.176055766689444e-07 
 3.466400000000043e-05  5.258518551215974e-07  5.258518551262765e-07  1.440088732117448e-05  1.570245050638776e-05  1.319999891197211e+00  3.599999984980800e+00 -3.003839932347319e-08 -2.176055775571228e-07 
 3.471400000000043e-05  5.258518551182906e-07  5.258518551221667e-07  1.440088732123157e-05  1.570245050646453e-05  1.319999891197212e+00  3.599999984980800e+00 -3.003839932347319e-08 -2.176055766689444e-07 
 3.476400000000043e-05  5.258518551145772e-07  5.258518551183089e-07  1.440088732116084e-05  1.570245050639257e-05  1.319999891197211e+00  3.599999984980800e+00 -3.003839932347319e-08 -2.176055775571228e-07 
 3.481400000000043e-05  5.258518551094543e-07  5.258518551139956e-07  1.440088732122828e-05  1.570245050646534e-05  1.319999891197211e+00  3.599999984980800e+00 -3.003840021165161e-08 -2.176055775571228e-07 
 3.486400000000043e-05  5.258518551050362e-07  5.258518551095492e-07  1.440088732115002e-05  1.570245050654579e-05  1.319999891197211e+00  3.599999984980800e+00 -3.003840109983003e-08 -2.176055775571228e-07 
 3.491400000000043e-05  5.258518551029220e-07  5.258518551060090e-07  1.440088732121465e-05  1.570245050645758e-05  1.319999891197212e+00  3.599999984980800e+00 -3.003839932347319e-08 -2.176055771130336e-07 
 3.496400000000043e-05  5.258518550971215e-07  5.258518551017460e-07  1.440088732113702e-05  1.570245050654143e-05  1.319999891197212e+00  3.599999984980800e+00 -3.003840109983003e-08 -2.176055771130336e-07 
 3.501400000000043e-05  5.258518551339031e-07  5.258518551137562e-07  1.440088732119657e-05  1.570245050645781e-05  1.319999891197212e+00  3.599999984980800e+00 -3.003839932347319e-08 -2.176055771130336e-07 
 3.506400000000044e-05  5.258518551158240e-07  5.258518551169854e-07  1.440088732125945e-05  1.570245050654367e-05  1.319999891197212e+00  3.599999984980800e+00 -3.003840109983003e-08 -2.176055771130336e-07 
 3.511400000000044e-05  5.258518551121919e-07  5.258518551157139e-07  1.440088732118948e-05  1.570245050661563e-05  1.319999891197211e+00  3.599999984980800e+00 -3.003839932347319e-08 -2.176055775571228e-07 
 3.516400000000044e-05  5.258518551468593e-07  5.258518551279177e-07  1.440088732124971e-05  1.570245050636978e-05  1.319999891197211e+00  3.599999984980800e+00 -3.003840109983003e-08 -2.176055775571228e-07 
 3.521400000000044e-05  5.258518551316262e-07  5.258518551318419e-07  1.440088732130708e-05  1.570245050645438e-05  1.319999891197211e+00  3.599999984980800e+00 -3.003839932347319e-08 -2.176055775571228e-07 
 3.526400000000044e-05  5.258518551259071e-07  5.258518551302529e-07  1.440088732123728e-05  1.570245050652884e-05  1.319999891197211e+00  3.599999984980800e+00 -3.003840109983003e-08 -2.176055775571228e-07 
 3.531400000000044e-05  5.258518551239555e-07  5.258518551274162e-07  1.440088732130352e-05  1.570245050661456e-05  1.319999891197212e+00  3.599999984980800e+00 -3.003839932347319e-08 -2.176055771130336e-07 
 3.536400000000044e-05  5.258518551192121e-07  5.258518551235673e-07  1.440088732123690e-05  1.570245050654116e-05  1.319999891197211e+00  3.599999984980800e+00 -3.003840109983003e-08 -2.176055775571228e-07 
 3.541400000000044e-05  5.258518551136827e-07  5.258518551188437e-07  1.440088732129817e-05  1.570245050645826e-05  1.319999891197211e+00  3.599999984980800e+00 -3.003839932347319e-08 -2.176055775571228e-07 
 3.546400000000045e-05  5.258518551517653e-07  5.258518551310676e-07  1.440088732122402e-05  1.570245050652453e-05  1.319999891197212e+00  3.599999984980800e+00 -3.003839932347319e-08 -2.176055771130336e-07 
 3.551400000000045e-05  5.258518551337133e-07  5.258518551345707e-07  1.440088732114507e-05  1.570245050644427e-05  1.319999891197212e+00  3.599999984980800e+00 -3.003839932347319e-08 -2.176055762248552e-07 
 3.556400000000045e-05  5.258518551291868e-07  5.258518551331178e-07  1.440088732134051e-05  1.570245050653195e-05  1.319999891197211e+00  3.599999984980800e+00 -3.003840021165161e-08 -2.176055775571228e-07 
 3.561400000000045e-05  5.258518551260697e-07  5.258518551300080e-07  1.440088732113960e-05  1.570245050644284e-05  1.319999891197211e+00  3.599999984980800e+00 -3.003839932347319e-08 -2.176055775571228e-07 
 3.566400000000045e-05  5.258518551213534e-07  5.258518551259242e-07  1.440088732119452e-05  1.570245050636036e-05  1.319999891197211e+00  3.599999984980800e+00 -3.003839932347319e-08 -2.176055775571228e-07 
 3.571400000000045e-05  5.258518551178840e-07  5.258518551218914e-07  1.440088732111990e-05  1.570245050643436e-05  1.319999891197211e+00  3.599999984980800e+00 -3.003839932347319e-08 -2.176055775571228e-07 
 3.576400000000045e-05  5.258518551113517e-07  5.258518551168690e-07  1.440088732118231e-05  1.570245050651011e-05  1.319999891197211e+00  3.599999984980800e+00 -3.003840109983003e-08 -2.176055775571228e-07 
 3.581400000000045e-05  5.258518551089664e-07  5.258518551127035e-07  1.440088732124638e-05  1.570245050643817e-05  1.319999891197212e+00  3.599999984980800e+00 -3.003839932347319e-08 -2.176055771130336e-07 
 3.586400000000045e-05  5.258518551049007e-07  5.258518551087494e-07  1.440088732118156e-05  1.570245050651189e-05  1.319999891197211e+00  3.599999984980800e+00 -3.003839932347319e-08 -2.176055775571228e-07 
 3.591400000000046e-05  5.258518550999133e-07  5.258518551044242e-07  1.440088732123525e-05  1.570245050643995e-05  1.319999891197211e+00  3.599999984980800e+00 -3.003839932347319e-08 -2.176055775571228e-07 
 3.596400000000046e-05  5.258518551358817e-07  5.258518551161423e-07  1.440088732128908e-05  1.570245050644817e-05  1.319999891197212e+00  3.599999984980800e+00 -3.003839932347319e-08 -2.176055766689444e-07 
 3.601400000000046e-05  5.258518551185616e-07  5.258518551194536e-07  1.440088732122107e-05  1.570245050637735e-05  1.319999891197211e+00  3.599999984980800e+00 -3.003839932347319e-08 -2.176055775571228e-07 
 3.606400000000046e-05  5.258518551137369e-07  5.258518551178292e-07  1.440088732129127e-05  1.570245050644809e-05  1.319999891197211e+00  3.599999984980800e+00 -3.003839932347319e-08 -2.176055775571228e-07 
 3.611400000000046e-05  5.258518551502745e-07  5.258518551304825e-07  1.440088732121457e-05  1.570245050652832e-05  1.319999891197211e+00  3.599999984980800e+00 -3.003839932347319e-08 -2.176055775571228e-07 
 3.616400000000046e-05  5.258518551313823e-07  5.258518551333731e-07  1.440088732114314e-05  1.570245050642910e-05  1.319999891197211e+00  3.599999984980800e+00 -3.003840109983003e-08 -2.176055775571228e-07 
 3.621400000000046e-05  5.258518551281839e-07  5.258518551318756e-07  1.440088732120093e-05  1.570245050652567e-05  1.319999891197211e+00  3.599999984980800e+00 -3.003839932347319e-08 -2.176055775571228e-07 
 3.626400000000046e-05  5.258518551235760e-07  5.258518551282562e-07  1.440088732112381e-05  1.570245050659555e-05  1.319999891197211e+00  3.599999984980800e+00 -3.003840109983003e-08 -2.176055775571228e-07 
 3.631400000000047e-05  5.258518551189411e-07  5.258518551238063e-07  1.440088732118358e-05  1.570245050651547e-05  1.319999891197211e+00  3.599999984980800e+00 -3.003839932347319e-08 -2.176055775571228e-07 
 3.636400000000047e-05  5.258518551164203e-07  5.258518551199620e-07  1.440088732124726e-05  1.570245050660302e-05  1.319999891197211e+00  3.599999984980800e+00 -3.003839932347319e-08 -2.176055775571228e-07 
 3.641400000000047e-05  5.258518551111890e-07  5.258518551156839e-07  1.440088732117046e-05  1.570245050652215e-05  1.319999891197211e+00  3.599999984980800e+00 -3.003839932347319e-08 -2.176055775571228e-07 
 3.646400000000047e-05  5.258518551484314e-07  5.258518551279274e-07  1.440088732122633e-05  1.570245050659616e-05  1.319999891197212e+00  3.599999984980800e+00 -3.003839932347319e-08 -2.176055762248552e-07 
 3.651400000000047e-05  5.258518551317618e-07  5.258518551319099e-07  1.440088732114746e-05  1.570245050651104e-05  1.319999891197212e+00  3.599999984980800e+00 -3.003839932347319e-08 -2.176055771130336e-07 
 3.656400000000047e-05  5.258518551267202e-07  5.258518551306306e-07  1.440088732120965e-05  1.570245050644478e-05  1.319999891197212e+00  3.599999984980800e+00 -3.003839932347319e-08 -2.176055771130336e-07 
 3.661400000000047e-05  5.258518551215703e-07  5.258518551267505e-07  1.440088732127379e-05  1.570245050651531e-05  1.319999891197212e+00  3.599999984980800e+00 -3.003839932347319e-08 -2.176055762248552e-07 
 3.666400000000047e-05  5.258518551176942e-07  5.258518551223520e-07  1.440088732119303e-05  1.570245050658729e-05  1.319999891197212e+00  3.599999984980800e+00 -3.003840021165161e-08 -2.176055771130336e-07 
 3.671400000000048e-05  5.258518551142248e-07  5.258518551182213e-07  1.440088732125386e-05  1.570245050652026e-05  1.319999891197211e+00  3.599999984980800e+00 -3.003839932347319e-08 -2.176055775571228e-07 
 3.676400000000048e-05  5.258518551503558e-07  5.258518551302490e-07  1.440088732118946e-05  1.570245050642050e-05  1.319999891197211e+00  3.599999984980800e+00 -3.003839932347319e-08 -2.176055775571228e-07 
 3.681400000000048e-05  5.258518550936792e-07  5.258518551180266e-07  1.440088732125691e-05  1.570245050650749e-05  1.319999891197212e+00  3.599999984980800e+00 -3.003839932347319e-08 -2.176055771130336e-07 
 3.686400000000048e-05  5.258518551018378e-07  5.258518551091066e-07  1.440088732117685e-05  1.570245050641181e-05  1.319999891197212e+00  3.599999984980800e+00 -3.003839932347319e-08 -2.176055771130336e-07 
 3.691400000000048e-05  5.258518551397578e-07  5.258518551195831e-07  1.440088732123731e-05  1.570245050649817e-05  1.319999891197211e+00  3.599999984980800e+00 -3.003839932347319e-08 -2.176055775571228e-07 
 3.696400000000048e-05  5.258518551231424e-07  5.258518551231021e-07  1.440088732116441e-05  1.570245050640550e-05  1.319999891197211e+00  3.599999984980800e+00 -3.003839932347319e-08 -2.176055775571228e-07 
 3.701400000000048e-05  5.258518551178569e-07  5.258518551217078e-07  1.440088732122000e-05  1.570245050647860e-05  1.319999891197211e+00  3.599999984980800e+00 -3.003839932347319e-08 -2.176055775571228e-07 
 3.706400000000048e-05  5.258518551152006e-07  5.258518551188261e-07  1.440088732114763e-05  1.570245050656821e-05  1.319999891197211e+00  3.599999984980800e+00 -3.003839932347319e-08 -2.176055775571228e-07 
 3.711400000000049e-05  5.258518551110264e-07  5.258518551151298e-07  1.440088732121345e-05  1.570245050647958e-05  1.319999891197211e+00  3.599999984980800e+00 -3.003839932347319e-08 -2.176055775571228e-07 
 3.716400000000049e-05  5.258518551064727e-07  5.258518551109278e-07  1.440088732113144e-05  1.570245050640969e-05  1.319999891197211e+00  3.599999984980800e+00 -3.003839932347319e-08 -2.176055775571228e-07 
 3.721400000000049e-05  5.258518551423869e-07  5.258518551226711e-07  1.440088732118611e-05  1.570245050648725e-05  1.319999891197211e+00  3.599999984980800e+00 -3.003840021165161e-08 -2.176055775571228e-07 
 3.726400000000049e-05  5.258518550859813e-07  5.258518551103438e-07  1.440088732125718e-05  1.570245050640389e-05  1.319999891197211e+00  3.599999984980800e+00 -3.003839932347319e-08 -2.176055775571228e-07 
 3.731400000000049e-05  5.258518550943026e-07  5.258518551014619e-07  1.440088732117929e-05  1.570245050649580e-05  1.319999891197211e+00  3.599999984980800e+00 -3.003839932347319e-08 -2.176055775571228e-07 
 3.736400000000049e-05  5.258518550905079e-07  5.258518550953040e-07  1.440088732123693e-05  1.570245050640656e-05  1.319999891197211e+00  3.599999984980800e+00 -3.003839932347319e-08 -2.176055775571228e-07 
 3.741400000000049e-05  5.258518551262594e-07  5.258518551064546e-07  1.440088732115818e-05  1.570245050648577e-05  1.319999891197212e+00  3.599999984980800e+00 -3.003840109983003e-08 -2.176055771130336e-07 
 3.746400000000049e-05  5.258518551095085e-07  5.258518551099064e-07  1.440088732121599e-05  1.570245050639899e-05  1.319999891197212e+00  3.599999984980800e+00 -3.003839932347319e-08 -2.176055771130336e-07 
 3.751400000000049e-05  5.258518551455040e-07  5.258518551248359e-07  1.440088732114297e-05  1.570245050649222e-05  1.319999891197212e+00  3.599999984980800e+00 -3.003840021165161e-08 -2.176055771130336e-07 
 3.756400000000050e-05  5.258518551288886e-07  5.258518551294429e-07  1.440088732120641e-05  1.570245050656065e-05  1.319999891197212e+00  3.599999984980800e+00 -3.003839932347319e-08 -2.176055771130336e-07 
 3.761400000000050e-05  5.258518551248500e-07  5.258518551285272e-07  1.440088732126052e-05  1.570245050648719e-05  1.319999891197211e+00  3.599999984980800e+00 -3.003839932347319e-08 -2.176055775571228e-07 
 3.766400000000050e-05  5.258518551210282e-07  5.258518551253444e-07  1.440088732131731e-05  1.570245050640053e-05  1.319999891197211e+00  3.599999984980800e+00 -3.003839932347319e-08 -2.176055775571228e-07 
 3.771400000000050e-05  5.258518551172335e-07  5.258518551214635e-07  1.440088732125143e-05  1.570245050663600e-05  1.319999891197211e+00  3.599999984980800e+00 -3.003839932347319e-08 -2.176055775571228e-07 
 3.776400000000050e-05  5.258518551129509e-07  5.258518551172823e-07  1.440088732118087e-05  1.570245050656144e-05  1.319999891197211e+00  3.599999984980800e+00 -3.003839932347319e-08 -2.176055775571228e-07 
 3.781400000000050e-05  5.258518551089122e-07  5.258518551130980e-07  1.440088732123764e-05  1.570245050647700e-05  1.319999891197211e+00  3.599999984980799e+00 -3.003840198800845e-08 -2.176055775571228e-07 
 3.786400000000050e-05  5.258518551044399e-07  5.258518551087980e-07  1.440088732116209e-05  1.570245050649990e-05  1.319999891197211e+00  3.599999984980800e+00 -3.003839932347319e-08 -2.176055775571228e-07 
 3.791400000000050e-05  5.258518551402456e-07  5.258518551205171e-07  1.440088732121854e-05  1.570245050656657e-05  1.319999891197211e+00  3.599999984980800e+00 -3.003839932347319e-08 -2.176055775571228e-07 
 3.796400000000051e-05  5.258518551235489e-07  5.258518551240737e-07  1.440088732127973e-05  1.570245050649798e-05  1.319999891197211e+00  3.599999984980800e+00 -3.003839932347319e-08 -2.176055775571228e-07 
 3.801400000000051e-05  5.258518551584602e-07  5.258518551385396e-07  1.440088732120836e-05  1.570245050641378e-05  1.319999891197212e+00  3.599999984980800e+00 -3.003839932347319e-08 -2.176055766689444e-07 
 3.806400000000051e-05  5.258518551421430e-07  5.258518551428742e-07  1.440088732126059e-05  1.570245050648263e-05  1.319999891197212e+00  3.599999984980800e+00 -3.003839932347319e-08 -2.176055766689444e-07 
 3.811400000000051e-05  5.258518551373454e-07  5.258518551415295e-07  1.440088732132327e-05  1.570245050657561e-05  1.319999891197212e+00  3.599999984980800e+00 -3.003840021165161e-08 -2.176055771130336e-07 
 3.816400000000051e-05  5.258518551343910e-07  5.258518551384053e-07  1.440088732125984e-05  1.570245050642087e-05  1.319999891197212e+00  3.599999984980800e+00 -3.003839932347319e-08 -2.176055771130336e-07 
 3.821400000000051e-05  5.258518551297831e-07  5.258518551343316e-07  1.440088732118190e-05  1.570245050650936e-05  1.319999891197211e+00  3.599999984980800e+00 -3.003840109983003e-08 -2.176055775571228e-07 
 3.826400000000051e-05  5.258518551267473e-07  5.258518551304832e-07  1.440088732123281e-05  1.570245050656906e-05  1.319999891197211e+00  3.599999984980800e+00 -3.003839932347319e-08 -2.176055775571228e-07 
 3.831400000000051e-05  5.258518551222208e-07  5.258518551264085e-07  1.440088732129990e-05  1.570245050649013e-05  1.319999891197212e+00  3.599999984980800e+00 -3.003840109983003e-08 -2.176055766689444e-07 
 3.836400000000052e-05  5.258518551183990e-07  5.258518551223898e-07  1.440088732122757e-05  1.570245050657530e-05  1.319999891197211e+00  3.599999984980800e+00 -3.003839932347319e-08 -2.176055775571228e-07 
 3.841400000000052e-05  5.258518551142519e-07  5.258518551183308e-07  1.440088732128624e-05  1.570245050648901e-05  1.319999891197211e+00  3.599999984980800e+00 -3.003840109983003e-08 -2.176055775571228e-07 
 3.846400000000052e-05  5.258518551091019e-07  5.258518551138275e-07  1.440088732121892e-05  1.570245050641506e-05  1.319999891197212e+00  3.599999984980800e+00 -3.003839932347319e-08 -2.176055771130336e-07 
 3.851400000000052e-05  5.258518551458564e-07  5.258518551257385e-07  1.440088732127775e-05  1.570245050649305e-05  1.319999891197212e+00  3.599999984980800e+00 -3.003839932347319e-08 -2.176055762248552e-07 
 3.856400000000052e-05  5.258518551281026e-07  5.258518551290664e-07  1.440088732120676e-05  1.570245050640968e-05  1.319999891197212e+00  3.599999984980800e+00 -3.003839932347319e-08 -2.176055771130336e-07 
 3.861400000000052e-05  5.258518551236845e-07  5.258518551275792e-07  1.440088732126845e-05  1.570245050648234e-05  1.319999891197211e+00  3.599999984980800e+00 -3.003840109983003e-08 -2.176055775571228e-07 
 3.866400000000052e-05  5.258518551201337e-07  5.258518551243035e-07  1.440088732119858e-05  1.570245050632596e-05  1.319999891197211e+00  3.599999984980800e+00 -3.003839932347319e-08 -2.176055775571228e-07 
 3.871400000000052e-05  5.258518551163119e-07  5.258518551204518e-07  1.440088732125968e-05  1.570245050655386e-05  1.319999891197211e+00  3.599999984980800e+00 -3.003839932347319e-08 -2.176055775571228e-07 
 3.876400000000053e-05  5.258518551127611e-07  5.258518551166052e-07  1.440088732132573e-05  1.570245050647837e-05  1.319999891197211e+00  3.599999984980800e+00 -3.003839932347319e-08 -2.176055775571228e-07 
 3.881400000000053e-05  5.258518551080177e-07  5.258518551124009e-07  1.440088732110912e-05  1.570245050639376e-05  1.319999891197211e+00  3.599999984980800e+00 -3.003840021165161e-08 -2.176055775571228e-07 
 3.886400000000053e-05  5.258518551047109e-07  5.258518551084841e-07  1.440088732130186e-05  1.570245050664229e-05  1.319999891197211e+00  3.599999984980800e+00 -3.003839932347319e-08 -2.176055775571228e-07 
 3.891400000000053e-05  5.258518551002657e-07  5.258518551044134e-07  1.440088732123772e-05  1.570245050654325e-05  1.319999891197211e+00  3.599999984980800e+00 -3.003839932347319e-08 -2.176055775571228e-07 
 3.896400000000053e-05  5.258518550967962e-07  5.258518551005524e-07  1.440088732128984e-05  1.570245050647511e-05  1.319999891197212e+00  3.599999984980800e+00 -3.003839932347319e-08 -2.176055766689444e-07 
 3.901400000000053e-05  5.258518550923781e-07  5.258518550965105e-07  1.440088732121997e-05  1.570245050654594e-05  1.319999891197211e+00  3.599999984980800e+00 -3.003839932347319e-08 -2.176055775571228e-07 
 3.906400000000053e-05  5.258518550872282e-07  5.258518550919892e-07  1.440088732127891e-05  1.570245050647377e-05  1.319999891197211e+00  3.599999984980800e+00 -3.003840021165161e-08 -2.176055775571228e-07 
 3.911400000000053e-05  5.258518551227900e-07  5.258518551034053e-07  1.440088732134657e-05  1.570245050654783e-05  1.319999891197211e+00  3.599999984980800e+00 -3.003839932347319e-08 -2.176055775571228e-07 
 3.916400000000054e-05  5.258518551062017e-07  5.258518551068071e-07  1.440088732127351e-05  1.570245050645255e-05  1.319999891197211e+00  3.599999984980800e+00 -3.003839932347319e-08 -2.176055775571228e-07 
 3.921400000000054e-05  5.258518551012144e-07  5.258518551052505e-07  1.440088732120082e-05  1.570245050638230e-05  1.319999891197211e+00  3.599999984980800e+00 -3.003839932347319e-08 -2.176055775571228e-07 
 3.926400000000054e-05  5.258518550970944e-07  5.258518551016767e-07  1.440088732125689e-05  1.570245050644607e-05  1.319999891197212e+00  3.599999984980800e+00 -3.003840109983003e-08 -2.176055771130336e-07 
 3.931400000000054e-05  5.258518550943297e-07  5.258518550980232e-07  1.440088732118329e-05  1.570245050653530e-05  1.319999891197212e+00  3.599999984980800e+00 -3.003839932347319e-08 -2.176055771130336e-07 
 3.936400000000054e-05  5.258518550889087e-07  5.258518550936467e-07  1.440088732125040e-05  1.570245050660443e-05  1.319999891197212e+00  3.599999984980800e+00 -3.003839932347319e-08 -2.176055771130336e-07 
 3.941400000000054e-05  5.258518550860626e-07  5.258518550897377e-07  1.440088732130928e-05  1.570245050652314e-05  1.319999891197212e+00  3.599999984980800e+00 -3.003839932347319e-08 -2.176055762248552e-07 
 3.946400000000054e-05  5.258518550828914e-07  5.258518550862173e-07  1.440088732123920e-05  1.570245050645116e-05  1.319999891197212e+00  3.599999984980800e+00 -3.003839932347319e-08 -2.176055762248552e-07 
 3.951400000000054e-05  5.258518551185616e-07  5.258518550984509e-07  1.440088732129673e-05  1.570245050652226e-05  1.319999891197211e+00  3.599999984980800e+00 -3.003839932347319e-08 -2.176055775571228e-07 
 3.956400000000054e-05  5.258518551016752e-07  5.258518551021874e-07  1.440088732122427e-05  1.570245050644026e-05  1.319999891197211e+00  3.599999984980800e+00 -3.003840021165161e-08 -2.176055775571228e-07 
 3.961400000000055e-05  5.258518550968233e-07  5.258518551007891e-07  1.440088732129073e-05  1.570245050652551e-05  1.319999891197211e+00  3.599999984980800e+00 -3.003839932347319e-08 -2.176055775571228e-07 
 3.966400000000055e-05  5.258518551329544e-07  5.258518551133755e-07  1.440088732122151e-05  1.570245050643978e-05  1.319999891197211e+00  3.599999984980800e+00 -3.003840109983003e-08 -2.176055775571228e-07 
 3.971400000000055e-05  5.258518551160950e-07  5.258518551169806e-07  1.440088732127752e-05  1.570245050651558e-05  1.319999891197211e+00  3.599999984980800e+00 -3.003839932347319e-08 -2.176055775571228e-07 
 3.976400000000055e-05  5.258518551513316e-07  5.258518551314421e-07  1.440088732120804e-05  1.570245050636979e-05  1.319999891197211e+00  3.599999984980800e+00 -3.003840109983003e-08 -2.176055775571228e-07 
 3.981400000000055e-05  5.258518551738830e-07  5.258518551513108e-07  1.440088732126380e-05  1.570245050661063e-05  1.319999891197212e+00  3.599999984980800e+00 -3.003839932347319e-08 -2.176055766689444e-07 
 3.986400000000055e-05  5.258518551165558e-07  5.258518551413826e-07  1.440088732119349e-05  1.570245050652228e-05  1.319999891197211e+00  3.599999984980800e+00 -3.003839932347319e-08 -2.176055775571228e-07 
 3.991400000000055e-05  5.258518551262323e-07  5.258518551333368e-07  1.440088732125210e-05  1.570245050660748e-05  1.319999891197211e+00  3.599999984980800e+00 -3.003839932347319e-08 -2.176055775571228e-07 
 3.996400000000055e-05  5.258518551231695e-07  5.258518551276607e-07  1.440088732130957e-05  1.570245050652193e-05  1.319999891197211e+00  3.599999984980800e+00 -3.003839932347319e-08 -2.176055775571228e-07 
 4.001400000000056e-05  5.258518551170979e-07  5.258518551223004e-07  1.440088732123880e-05  1.570245050659159e-05  1.319999891197211e+00  3.599999984980800e+00 -3.003840109983003e-08 -2.176055775571228e-07 
 4.006400000000056e-05  5.258518551141435e-07  5.258518551179656e-07  1.440088732129449e-05  1.570245050652640e-05  1.319999891197212e+00  3.599999984980800e+00 -3.003839932347319e-08 -2.176055771130336e-07 
 4.011400000000056e-05  5.258518551104030e-07  5.258518551140736e-07  1.440088732121815e-05  1.570245050637134e-05  1.319999891197211e+00  3.599999984980800e+00 -3.003840109983003e-08 -2.176055775571228e-07 
 4.016400000000056e-05  5.258518551050904e-07  5.258518551097020e-07  1.440088732129277e-05  1.570245050661207e-05  1.319999891197211e+00  3.599999984980800e+00 -3.003839932347319e-08 -2.176055775571228e-07 
 4.021400000000056e-05  5.258518551419262e-07  5.258518551217173e-07  1.440088732123498e-05  1.570245050652682e-05  1.319999891197212e+00  3.599999984980800e+00 -3.003839932347319e-08 -2.176055771130336e-07 
 4.026400000000056e-05  5.258518551242808e-07  5.258518551251458e-07  1.440088732129870e-05  1.570245050661836e-05  1.319999891197212e+00  3.599999984980800e+00 -3.003839932347319e-08 -2.176055762248552e-07 
 4.031400000000056e-05  5.258518551202421e-07  5.258518551238701e-07  1.440088732122422e-05  1.570245050653233e-05  1.319999891197212e+00  3.599999984980800e+00 -3.003840021165161e-08 -2.176055771130336e-07 
 4.036400000000056e-05  5.258518551175587e-07  5.258518551210903e-07  1.440088732115159e-05  1.570245050660982e-05  1.319999891197212e+00  3.599999984980800e+00 -3.003839932347319e-08 -2.176055771130336e-07 
 4.041400000000057e-05  5.258518551128424e-07  5.258518551172353e-07  1.440088732121303e-05  1.570245050652863e-05  1.319999891197211e+00  3.599999984980800e+00 -3.003839932347319e-08 -2.176055775571228e-07 
 4.046400000000057e-05  5.258518551083159e-07  5.258518551128965e-07  1.440088732127256e-05  1.570245050645518e-05  1.319999891197211e+00  3.599999984980800e+00 -3.003839932347319e-08 -2.176055775571228e-07 
 4.051400000000057e-05  5.258518551050362e-07  5.258518551088847e-07  1.440088732132636e-05  1.570245050653127e-05  1.319999891197211e+00  3.599999984980800e+00 -3.003839932347319e-08 -2.176055775571228e-07 
 4.056400000000057e-05  5.258518551415738e-07  5.258518551211580e-07  1.440088732125486e-05  1.570245050638806e-05  1.319999891197211e+00  3.599999984980800e+00 -3.003839932347319e-08 -2.176055775571228e-07 
 4.061400000000057e-05  5.258518551238200e-07  5.258518551246774e-07  1.440088732131852e-05  1.570245050639443e-05  1.319999891197212e+00  3.599999984980800e+00 -3.003839932347319e-08 -2.176055771130336e-07 
 4.066400000000057e-05  5.258518551184261e-07  5.258518551228807e-07  1.440088732123223e-05  1.570245050645454e-05  1.319999891197212e+00  3.599999984980800e+00 -3.003839932347319e-08 -2.176055771130336e-07 
 4.071400000000057e-05  5.258518551554245e-07  5.258518551355389e-07  1.440088732129714e-05  1.570245050652786e-05  1.319999891197212e+00  3.599999984980800e+00 -3.003839932347319e-08 -2.176055771130336e-07 
 4.076400000000057e-05  5.258518551386193e-07  5.258518551393027e-07  1.440088732122060e-05  1.570245050645484e-05  1.319999891197212e+00  3.599999984980800e+00 -3.003839932347319e-08 -2.176055771130336e-07 
 4.081400000000058e-05  5.258518551333881e-07  5.258518551376897e-07  1.440088732116191e-05  1.570245050652537e-05  1.319999891197212e+00  3.599999984980799e+00 -3.003840198800845e-08 -2.176055762248552e-07 
 4.086400000000058e-05  5.258518551308131e-07  5.258518551346165e-07  1.440088732123557e-05  1.570245050661580e-05  1.319999891197211e+00  3.599999984980800e+00 -3.003839932347319e-08 -2.176055775571228e-07 
 4.091400000000058e-05  5.258518551254734e-07  5.258518551303446e-07  1.440088732116534e-05  1.570245050651595e-05  1.319999891197211e+00  3.599999984980799e+00 -3.003840198800845e-08 -2.176055775571228e-07 
 4.096400000000058e-05  5.258518551623363e-07  5.258518551422869e-07  1.440088732122151e-05  1.570245050658793e-05  1.319999891197211e+00  3.599999984980800e+00 -3.003839932347319e-08 -2.176055775571228e-07 
 4.101400000000058e-05  5.258518551447451e-07  5.258518551456586e-07  1.440088732128468e-05  1.570245050650730e-05  1.319999891197211e+00  3.599999984980800e+00 -3.003839932347319e-08 -2.176055775571228e-07 
 4.106400000000058e-05  5.258518551393241e-07  5.258518551437992e-07  1.440088732120549e-05  1.570245050641673e-05  1.319999891197211e+00  3.599999984980800e+00 -3.003839932347319e-08 -2.176055775571228e-07 
 4.111400000000058e-05  5.258518551358817e-07  5.258518551402604e-07  1.440088732126960e-05  1.570245050650437e-05  1.319999891197212e+00  3.599999984980800e+00 -3.003839932347319e-08 -2.176055766689444e-07 
 4.116400000000058e-05  5.258518551326562e-07  5.258518551365110e-07  1.440088732120199e-05  1.570245050657636e-05  1.319999891197211e+00  3.599999984980800e+00 -3.003839932347319e-08 -2.176055775571228e-07 
 4.121400000000058e-05  5.258518551276689e-07  5.258518551322242e-07  1.440088732127062e-05  1.570245050649792e-05  1.319999891197211e+00  3.599999984980800e+00 -3.003840021165161e-08 -2.176055775571228e-07 
 4.126400000000059e-05  5.258518551236845e-07  5.258518551279510e-07  1.440088732120298e-05  1.570245050641953e-05  1.319999891197212e+00  3.599999984980800e+00 -3.003839932347319e-08 -2.176055771130336e-07 
 4.131400000000059e-05  5.258518551592192e-07  5.258518551396036e-07  1.440088732125998e-05  1.570245050649108e-05  1.319999891197212e+00  3.599999984980800e+00 -3.003840109983003e-08 -2.176055771130336e-07 
 4.136400000000059e-05  5.258518551423056e-07  5.258518551430149e-07  1.440088732131761e-05  1.570245050640302e-05  1.319999891197211e+00  3.599999984980800e+00 -3.003839932347319e-08 -2.176055775571228e-07 
 4.141400000000059e-05  5.258518551386736e-07  5.258518551419607e-07  1.440088732124987e-05  1.570245050647559e-05  1.319999891197211e+00  3.599999984980800e+00 -3.003839932347319e-08 -2.176055775571228e-07 
 4.146400000000059e-05  5.258518551351770e-07  5.258518551390364e-07  1.440088732131123e-05  1.570245050656495e-05  1.319999891197211e+00  3.599999984980800e+00 -3.003840021165161e-08 -2.176055775571228e-07 
 4.151400000000059e-05  5.258518551307047e-07  5.258518551351189e-07  1.440088732124343e-05  1.570245050664239e-05  1.319999891197211e+00  3.599999984980800e+00 -3.003839932347319e-08 -2.176055775571228e-07 
 4.156400000000059e-05  5.258518551263408e-07  5.258518551308242e-07  1.440088732129408e-05  1.570245050638558e-05  1.319999891197211e+00  3.599999984980800e+00 -3.003839932347319e-08 -2.176055775571228e-07 
 4.161400000000059e-05  5.258518551222750e-07  5.258518551265456e-07  1.440088732122059e-05  1.570245050647686e-05  1.319999891197211e+00  3.599999984980800e+00 -3.003839932347319e-08 -2.176055775571228e-07 
 4.166400000000060e-05  5.258518551175045e-07  5.258518551220734e-07  1.440088732116453e-05  1.570245050638494e-05  1.319999891197212e+00  3.599999984980800e+00 -3.003840109983003e-08 -2.176055771130336e-07 
 4.171400000000060e-05  5.258518551132761e-07  5.258518551176600e-07  1.440088732122086e-05  1.570245050656927e-05  1.319999891197212e+00  3.599999984980800e+00 -3.003839932347319e-08 -2.176055771130336e-07 
 4.176400000000060e-05  5.258518551091833e-07  5.258518551133867e-07  1.440088732128610e-05  1.570245050647696e-05  1.319999891197212e+00  3.599999984980800e+00 -3.003840109983003e-08 -2.176055771130336e-07 
 4.181400000000060e-05  5.258518551061204e-07  5.258518551096254e-07  1.440088732120490e-05  1.570245050655404e-05  1.319999891197212e+00  3.599999984980800e+00 -3.003839932347319e-08 -2.176055766689444e-07 
 4.186400000000060e-05  5.258518551420617e-07  5.258518551218477e-07  1.440088732113704e-05  1.570245050646917e-05  1.319999891197211e+00  3.599999984980800e+00 -3.003840109983003e-08 -2.176055775571228e-07 
 4.191400000000060e-05  5.258518551241452e-07  5.258518551252111e-07  1.440088732119825e-05  1.570245050639173e-05  1.319999891197212e+00  3.599999984980800e+00 -3.003839932347319e-08 -2.176055766689444e-07 
 4.196400000000060e-05  5.258518551601408e-07  5.258518551398557e-07  1.440088732126451e-05  1.570245050646209e-05  1.319999891197212e+00  3.599999984980800e+00 -3.003839932347319e-08 -2.176055771130336e-07 
 4.201400000000060e-05  5.258518551441488e-07  5.258518551445019e-07  1.440088732118938e-05  1.570245050655139e-05  1.319999891197212e+00  3.599999984980800e+00 -3.003839932347319e-08 -2.176055771130336e-07 
 4.206400000000061e-05  5.258518550997778e-07  5.258518551275415e-07  1.440088732125153e-05  1.570245050662147e-05  1.319999891197212e+00  3.599999984980800e+00 -3.003839932347319e-08 -2.176055771130336e-07 
 4.211400000000061e-05  5.258518551094814e-07  5.258518551169253e-07  1.440088732117607e-05  1.570245050653923e-05  1.319999891197211e+00  3.599999984980800e+00 -3.003839932347319e-08 -2.176055775571228e-07 
 4.216400000000061e-05  5.258518551060120e-07  5.258518551104369e-07  1.440088732124312e-05  1.570245050645110e-05  1.319999891197211e+00  3.599999984980800e+00 -3.003839932347319e-08 -2.176055775571228e-07 
 4.221400000000061e-05  5.258518551014583e-07  5.258518551055478e-07  1.440088732130288e-05  1.570245050654449e-05  1.319999891197212e+00  3.599999984980800e+00 -3.003840021165161e-08 -2.176055766689444e-07 
 4.226400000000061e-05  5.258518550981786e-07  5.258518551016223e-07  1.440088732122992e-05  1.570245050639207e-05  1.319999891197211e+00  3.599999984980800e+00 -3.003839932347319e-08 -2.176055775571228e-07 
 4.231400000000061e-05  5.258518551341199e-07  5.258518551138363e-07  1.440088732128344e-05  1.570245050661881e-05  1.319999891197211e+00  3.599999984980800e+00 -3.003839932347319e-08 -2.176055775571228e-07 
 4.236400000000061e-05  5.258518551169624e-07  5.258518551175296e-07  1.440088732120746e-05  1.570245050655007e-05  1.319999891197211e+00  3.599999984980800e+00 -3.003839932347319e-08 -2.176055775571228e-07 
 4.241400000000061e-05  5.258518551109451e-07  5.258518551156345e-07  1.440088732126728e-05  1.570245050646448e-05  1.319999891197211e+00  3.599999984980800e+00 -3.003840109983003e-08 -2.176055775571228e-07 
 4.246400000000062e-05  5.258518551075027e-07  5.258518551120028e-07  1.440088732132598e-05  1.570245050654903e-05  1.319999891197211e+00  3.599999984980800e+00 -3.003839932347319e-08 -2.176055775571228e-07 
 4.251400000000062e-05  5.258518551036809e-07  5.258518551079478e-07  1.440088732125027e-05  1.570245050646271e-05  1.319999891197212e+00  3.599999984980800e+00 -3.003839932347319e-08 -2.176055766689444e-07 
 4.256400000000062e-05  5.258518550983141e-07  5.258518551032832e-07  1.440088732118246e-05  1.570245050653462e-05  1.319999891197211e+00  3.599999984980800e+00 -3.003839932347319e-08 -2.176055775571228e-07 
 4.261400000000062e-05  5.258518551344723e-07  5.258518551148260e-07  1.440088732123723e-05  1.570245050645476e-05  1.319999891197211e+00  3.599999984980800e+00 -3.003840109983003e-08 -2.176055775571228e-07 
 4.266400000000062e-05  5.258518551190766e-07  5.258518551188348e-07  1.440088732118021e-05  1.570245050654207e-05  1.319999891197211e+00  3.599999984980800e+00 -3.003839932347319e-08 -2.176055775571228e-07 
 4.271400000000062e-05  5.258518551127882e-07  5.258518551172180e-07  1.440088732123270e-05  1.570245050645428e-05  1.319999891197212e+00  3.599999984980800e+00 -3.003840109983003e-08 -2.176055771130336e-07 
 4.276400000000062e-05  5.258518551101048e-07  5.258518551140494e-07  1.440088732129055e-05  1.570245050637326e-05  1.319999891197212e+00  3.599999984980800e+00 -3.003839932347319e-08 -2.176055771130336e-07 
 4.281400000000062e-05  5.258518551056325e-07  5.258518551100489e-07  1.440088732122210e-05  1.570245050646111e-05  1.319999891197212e+00  3.599999984980800e+00 -3.003840109983003e-08 -2.176055771130336e-07 
 4.286400000000063e-05  5.258518551423869e-07  5.258518551221842e-07  1.440088732129095e-05  1.570245050653241e-05  1.319999891197211e+00  3.599999984980800e+00 -3.003839932347319e-08 -2.176055775571228e-07 
 4.291400000000063e-05  5.258518551248771e-07  5.258518551256884e-07  1.440088732121999e-05  1.570245050646582e-05  1.319999891197211e+00  3.599999984980800e+00 -3.003839932347319e-08 -2.176055775571228e-07 
 4.296400000000063e-05  5.258518551611707e-07  5.258518551405822e-07  1.440088732114839e-05  1.570245050652771e-05  1.319999891197212e+00  3.599999984980800e+00 -3.003840021165161e-08 -2.176055771130336e-07 
 4.301400000000063e-05  5.258518551439861e-07  5.258518551449225e-07  1.440088732120609e-05  1.570245050660816e-05  1.319999891197212e+00  3.599999984980800e+00 -3.003840109983003e-08 -2.176055762248552e-07 
 4.306400000000063e-05  5.258518551404896e-07  5.258518551440175e-07  1.440088732125375e-05  1.570245050637683e-05  1.319999891197212e+00  3.599999984980800e+00 -3.003839932347319e-08 -2.176055771130336e-07 
 4.311400000000063e-05  5.258518551766206e-07  5.258518551568778e-07  1.440088732118103e-05  1.570245050644941e-05  1.319999891197211e+00  3.599999984980800e+00 -3.003839932347319e-08 -2.176055775571228e-07 
 4.316400000000063e-05  5.258518551196458e-07  5.258518551445570e-07  1.440088732124862e-05  1.570245050636337e-05  1.319999891197212e+00  3.599999984980800e+00 -3.003839932347319e-08 -2.176055766689444e-07 
 4.321400000000063e-05  5.258518551282652e-07  5.258518551355762e-07  1.440088732130475e-05  1.570245050661753e-05  1.319999891197212e+00  3.599999984980800e+00 -3.003839932347319e-08 -2.176055766689444e-07 
 4.326400000000063e-05  5.258518551252566e-07  5.258518551296522e-07  1.440088732122762e-05  1.570245050645659e-05  1.319999891197212e+00  3.599999984980800e+00 -3.003839932347319e-08 -2.176055766689444e-07 
 4.331400000000064e-05  5.258518551213534e-07  5.258518551251479e-07  1.440088732115587e-05  1.570245050653127e-05  1.319999891197211e+00  3.599999984980800e+00 -3.003839932347319e-08 -2.176055775571228e-07 
 4.336400000000064e-05  5.258518551170437e-07  5.258518551210054e-07  1.440088732122011e-05  1.570245050661626e-05  1.319999891197211e+00  3.599999984980800e+00 -3.003839932347319e-08 -2.176055775571228e-07 
 4.341400000000064e-05  5.258518551132761e-07  5.258518551170851e-07  1.440088732127807e-05  1.570245050637463e-05  1.319999891197211e+00  3.599999984980800e+00 -3.003840021165161e-08 -2.176055775571228e-07 
 4.346400000000064e-05  5.258518551083159e-07  5.258518551127934e-07  1.440088732120078e-05  1.570245050644335e-05  1.319999891197211e+00  3.599999984980800e+00 -3.003839932347319e-08 -2.176055775571228e-07 
 4.351400000000064e-05  5.258518551044670e-07  5.258518551086045e-07  1.440088732126390e-05  1.570245050653422e-05  1.319999891197211e+00  3.599999984980800e+00 -3.003839932347319e-08 -2.176055775571228e-07 
 4.356400000000064e-05  5.258518551413570e-07  5.258518551208679e-07  1.440088732119906e-05  1.570245050643934e-05  1.319999891197211e+00  3.599999984980800e+00 -3.003839932347319e-08 -2.176055775571228e-07 
 4.361400000000064e-05  5.258518551240639e-07  5.258518551245989e-07  1.440088732125663e-05  1.570245050652550e-05  1.319999891197212e+00  3.599999984980800e+00 -3.003839932347319e-08 -2.176055771130336e-07 
 4.366400000000064e-05  5.258518551597071e-07  5.258518551393884e-07  1.440088732118932e-05  1.570245050659697e-05  1.319999891197211e+00  3.599999984980800e+00 -3.003839932347319e-08 -2.176055775571228e-07 
 4.371400000000065e-05  5.258518551034912e-07  5.258518551279875e-07  1.440088732124404e-05  1.570245050652373e-05  1.319999891197211e+00  3.599999984980800e+00 -3.003840021165161e-08 -2.176055775571228e-07 
 4.376400000000065e-05  5.258518551114872e-07  5.258518551191072e-07  1.440088732117802e-05  1.570245050661006e-05  1.319999891197211e+00  3.599999984980800e+00 -3.003839932347319e-08 -2.176055775571228e-07 
 4.381400000000065e-05  5.258518551093459e-07  5.258518551134267e-07  1.440088732124437e-05  1.570245050652962e-05  1.319999891197212e+00  3.599999984980800e+00 -3.003839932347319e-08 -2.176055771130336e-07 
 4.386400000000065e-05  5.258518551059306e-07  5.258518551092922e-07  1.440088732131860e-05  1.570245050644458e-05  1.319999891197212e+00  3.599999984980800e+00 -3.003839932347319e-08 -2.176055771130336e-07 
 4.391400000000065e-05  5.258518551005367e-07  5.258518551049631e-07  1.440088732125891e-05  1.570245050635609e-05  1.319999891197212e+00  3.599999984980800e+00 -3.003839932347319e-08 -2.176055762248552e-07 
 4.396400000000065e-05  5.258518551383754e-07  5.258518551174622e-07  1.440088732130899e-05  1.570245050660472e-05  1.319999891197212e+00  3.599999984980800e+00 -3.003839932347319e-08 -2.176055766689444e-07 
 4.401400000000065e-05  5.258518551203234e-07  5.258518551211065e-07  1.440088732123897e-05  1.570245050651693e-05  1.319999891197212e+00  3.599999984980800e+00 -3.003839932347319e-08 -2.176055766689444e-07 
 4.406400000000065e-05  5.258518551156614e-07  5.258518551196573e-07  1.440088732116926e-05  1.570245050643675e-05  1.319999891197212e+00  3.599999984980800e+00 -3.003840021165161e-08 -2.176055766689444e-07 
 4.411400000000066e-05  5.258518551119751e-07  5.258518551162946e-07  1.440088732122797e-05  1.570245050650922e-05  1.319999891197211e+00  3.599999984980800e+00 -3.003839932347319e-08 -2.176055775571228e-07 
 4.416400000000066e-05  5.258518551075841e-07  5.258518551121378e-07  1.440088732128789e-05  1.570245050659703e-05  1.319999891197211e+00  3.599999984980800e+00 -3.003840109983003e-08 -2.176055775571228e-07 
 4.421400000000066e-05  5.258518551449077e-07  5.258518551244144e-07  1.440088732120746e-05  1.570245050650473e-05  1.319999891197211e+00  3.599999984980800e+00 -3.003839932347319e-08 -2.176055775571228e-07 
 4.426400000000066e-05  5.258518551266118e-07  5.258518551277486e-07  1.440088732126327e-05  1.570245050643558e-05  1.319999891197211e+00  3.599999984980800e+00 -3.003840109983003e-08 -2.176055775571228e-07 
 4.431400000000066e-05  5.258518551615231e-07  5.258518551419253e-07  1.440088732119333e-05  1.570245050634462e-05  1.319999891197211e+00  3.599999984980800e+00 -3.003839932347319e-08 -2.176055775571228e-07 
 4.436400000000066e-05  5.258518551448806e-07  5.258518551459428e-07  1.440088732124744e-05  1.570245050659635e-05  1.319999891197211e+00  3.599999984980800e+00 -3.003839932347319e-08 -2.176055775571228e-07 
 4.441400000000066e-05  5.258518551416822e-07  5.258518551450421e-07  1.440088732130498e-05  1.570245050650705e-05  1.319999891197212e+00  3.599999984980800e+00 -3.003839932347319e-08 -2.176055771130336e-07 
 4.446400000000066e-05  5.258518551380772e-07  5.258518551420760e-07  1.440088732123572e-05  1.570245050643716e-05  1.319999891197212e+00  3.599999984980800e+00 -3.003840021165161e-08 -2.176055771130336e-07 
 4.451400000000067e-05  5.258518551317618e-07  5.258518551373572e-07  1.440088732116616e-05  1.570245050651355e-05  1.319999891197211e+00  3.599999984980800e+00 -3.003840109983003e-08 -2.176055775571228e-07 
 4.456400000000067e-05  5.258518551292410e-07  5.258518551331670e-07  1.440088732122022e-05  1.570245050642009e-05  1.319999891197211e+00  3.599999984980800e+00 -3.003839932347319e-08 -2.176055775571228e-07 
 4.461400000000067e-05  5.258518551243079e-07  5.258518551287853e-07  1.440088732128225e-05  1.570245050649077e-05  1.319999891197211e+00  3.599999984980800e+00 -3.003839932347319e-08 -2.176055775571228e-07 
 4.466400000000067e-05  5.258518551614147e-07  5.258518551409608e-07  1.440088732120572e-05  1.570245050657009e-05  1.319999891197211e+00  3.599999984980800e+00 -3.003839932347319e-08 -2.176055775571228e-07 
 4.471400000000067e-05  5.258518551448264e-07  5.258518551449421e-07  1.440088732126251e-05  1.570245050665611e-05  1.319999891197212e+00  3.599999984980800e+00 -3.003839932347319e-08 -2.176055771130336e-07 
 4.476400000000067e-05  5.258518550988020e-07  5.258518551272823e-07  1.440088732132182e-05  1.570245050640691e-05  1.319999891197212e+00  3.599999984980800e+00 -3.003840109983003e-08 -2.176055771130336e-07 
 4.481400000000067e-05  5.258518551083972e-07  5.258518551161963e-07  1.440088732125032e-05  1.570245050648673e-05  1.319999891197212e+00  3.599999984980800e+00 -3.003839932347319e-08 -2.176055771130336e-07 
 4.486400000000067e-05  5.258518551045483e-07  5.258518551093198e-07  1.440088732130102e-05  1.570245050656057e-05  1.319999891197212e+00  3.599999984980800e+00 -3.003840109983003e-08 -2.176055766689444e-07 
 4.491400000000067e-05  5.258518550997236e-07  5.258518551041060e-07  1.440088732124477e-05  1.570245050649648e-05  1.319999891197211e+00  3.599999984980800e+00 -3.003839932347319e-08 -2.176055775571228e-07 
 4.496400000000068e-05  5.258518550960102e-07  5.258518550998249e-07  1.440088732118691e-05  1.570245050655894e-05  1.319999891197212e+00  3.599999984980800e+00 -3.003839932347319e-08 -2.176055766689444e-07 
 4.501400000000068e-05  5.258518551318431e-07  5.258518551117760e-07  1.440088732124230e-05  1.570245050647583e-05  1.319999891197211e+00  3.599999984980800e+00 -3.003840021165161e-08 -2.176055775571228e-07 
 4.506400000000068e-05  5.258518551150108e-07  5.258518551154602e-07  1.440088732116913e-05  1.570245050655860e-05  1.319999891197211e+00  3.599999984980800e+00 -3.003839932347319e-08 -2.176055775571228e-07 
 4.511400000000068e-05  5.258518551115143e-07  5.258518551146187e-07  1.440088732122575e-05  1.570245050647440e-05  1.319999891197211e+00  3.599999984980800e+00 -3.003839932347319e-08 -2.176055775571228e-07 
 4.516400000000068e-05  5.258518551477809e-07  5.258518551277153e-07  1.440088732128548e-05  1.570245050655070e-05  1.319999891197212e+00  3.599999984980800e+00 -3.003839932347319e-08 -2.176055771130336e-07 
 4.521400000000068e-05  5.258518551310299e-07  5.258518551316604e-07  1.440088732134773e-05  1.570245050646480e-05  1.319999891197212e+00  3.599999984980800e+00 -3.003839932347319e-08 -2.176055766689444e-07 
 4.526400000000068e-05  5.258518551248771e-07  5.258518551297361e-07  1.440088732126670e-05  1.570245050655079e-05  1.319999891197211e+00  3.599999984980800e+00 -3.003840109983003e-08 -2.176055775571228e-07 
 4.531400000000068e-05  5.258518551219768e-07  5.258518551262476e-07  1.440088732119651e-05  1.570245050646576e-05  1.319999891197212e+00  3.599999984980800e+00 -3.003839932347319e-08 -2.176055762248552e-07 
 4.536400000000069e-05  5.258518551180737e-07  5.258518551222803e-07  1.440088732126347e-05  1.570245050638940e-05  1.319999891197211e+00  3.599999984980800e+00 -3.003840109983003e-08 -2.176055775571228e-07 
 4.541400000000069e-05  5.258518551148482e-07  5.258518551185141e-07  1.440088732119528e-05  1.570245050646342e-05  1.319999891197211e+00  3.599999984980800e+00 -3.003839932347319e-08 -2.176055775571228e-07 
 4.546400000000069e-05  5.258518551503016e-07  5.258518551304759e-07  1.440088732125613e-05  1.570245050638028e-05  1.319999891197212e+00  3.599999984980800e+00 -3.003840109983003e-08 -2.176055771130336e-07 
 4.551400000000069e-05  5.258518551741812e-07  5.258518551503504e-07  1.440088732119645e-05  1.570245050662734e-05  1.319999891197212e+00  3.599999984980800e+00 -3.003839932347319e-08 -2.176055762248552e-07 
 4.556400000000069e-05  5.258518551147669e-07  5.258518551400919e-07  1.440088732126638e-05  1.570245050637788e-05  1.319999891197212e+00  3.599999984980800e+00 -3.003840109983003e-08 -2.176055771130336e-07 
 4.561400000000069e-05  5.258518551232237e-07  5.258518551312929e-07  1.440088732118720e-05  1.570245050647393e-05  1.319999891197211e+00  3.599999984980800e+00 -3.003839932347319e-08 -2.176055775571228e-07 
 4.566400000000069e-05  5.258518551201879e-07  5.258518551250912e-07  1.440088732124701e-05  1.570245050653597e-05  1.319999891197211e+00  3.599999984980800e+00 -3.003839932347319e-08 -2.176055775571228e-07 
 4.571400000000069e-05  5.258518551155529e-07  5.258518551200357e-07  1.440088732130308e-05  1.570245050645132e-05  1.319999891197211e+00  3.599999984980800e+00 -3.003839932347319e-08 -2.176055775571228e-07 
 4.576400000000070e-05  5.258518551115414e-07  5.258518551156268e-07  1.440088732122992e-05  1.570245050651724e-05  1.319999891197211e+00  3.599999984980800e+00 -3.003840109983003e-08 -2.176055775571228e-07 
 4.581400000000070e-05  5.258518551075298e-07  5.258518551115062e-07  1.440088732128971e-05  1.570245050660590e-05  1.319999891197211e+00  3.599999984980800e+00 -3.003839932347319e-08 -2.176055775571228e-07 
 4.586400000000070e-05  5.258518551445011e-07  5.258518551238801e-07  1.440088732121980e-05  1.570245050651610e-05  1.319999891197212e+00  3.599999984980800e+00 -3.003839932347319e-08 -2.176055771130336e-07 
 4.591400000000070e-05  5.258518551271810e-07  5.258518551276753e-07  1.440088732127555e-05  1.570245050643597e-05  1.319999891197212e+00  3.599999984980800e+00 -3.003839932347319e-08 -2.176055762248552e-07 
 4.596400000000070e-05  5.258518551625802e-07  5.258518551423963e-07  1.440088732120394e-05  1.570245050652205e-05  1.319999891197211e+00  3.599999984980800e+00 -3.003840021165161e-08 -2.176055775571228e-07 
 4.601400000000070e-05  5.258518551461817e-07  5.258518551468547e-07  1.440088732113706e-05  1.570245050643242e-05  1.319999891197211e+00  3.599999984980800e+00 -3.003839932347319e-08 -2.176055775571228e-07 
 4.606400000000070e-05  5.258518551424412e-07  5.258518551459810e-07  1.440088732119648e-05  1.570245050652328e-05  1.319999891197212e+00  3.599999984980800e+00 -3.003839932347319e-08 -2.176055771130336e-07 
 4.611400000000070e-05  5.258518551386736e-07  5.258518551428833e-07  1.440088732125216e-05  1.570245050643584e-05  1.319999891197212e+00  3.599999984980800e+00 -3.003839932347319e-08 -2.176055771130336e-07 
 4.616400000000071e-05  5.258518551347975e-07  5.258518551390295e-07  1.440088732131354e-05  1.570245050651227e-05  1.319999891197211e+00  3.599999984980800e+00 -3.003839932347319e-08 -2.176055775571228e-07 
 4.621400000000071e-05  5.258518551295663e-07  5.258518551344734e-07  1.440088732124342e-05  1.570245050659245e-05  1.319999891197212e+00  3.599999984980800e+00 -3.003840109983003e-08 -2.176055766689444e-07 
 4.626400000000071e-05  5.258518551279671e-07  5.258518551309597e-07  1.440088732117646e-05  1.570245050652187e-05  1.319999891197211e+00  3.599999984980800e+00 -3.003839932347319e-08 -2.176055775571228e-07 
 4.631400000000071e-05  5.258518551227358e-07  5.258518551269675e-07  1.440088732123854e-05  1.570245050643400e-05  1.319999891197211e+00  3.599999984980800e+00 -3.003840109983003e-08 -2.176055775571228e-07 
 4.636400000000071e-05  5.258518551175587e-07  5.258518551224054e-07  1.440088732129792e-05  1.570245050651207e-05  1.319999891197212e+00  3.599999984980800e+00 -3.003839932347319e-08 -2.176055766689444e-07 
 4.641400000000071e-05  5.258518551539608e-07  5.258518551341152e-07  1.440088732122194e-05  1.570245050643033e-05  1.319999891197211e+00  3.599999984980800e+00 -3.003839932347319e-08 -2.176055775571228e-07 
 4.646400000000071e-05  5.258518551376165e-07  5.258518551378576e-07  1.440088732115011e-05  1.570245050650610e-05  1.319999891197212e+00  3.599999984980800e+00 -3.003839932347319e-08 -2.176055771130336e-07 
 4.651400000000071e-05  5.258518551338217e-07  5.258518551369918e-07  1.440088732121951e-05  1.570245050659411e-05  1.319999891197212e+00  3.599999984980800e+00 -3.003839932347319e-08 -2.176055771130336e-07 
 4.656400000000071e-05  5.258518551285363e-07  5.258518551334363e-07  1.440088732114960e-05  1.570245050650620e-05  1.319999891197212e+00  3.599999984980800e+00 -3.003840109983003e-08 -2.176055771130336e-07 
 4.661400000000072e-05  5.258518551253650e-07  5.258518551294968e-07  1.440088732121314e-05  1.570245050658165e-05  1.319999891197211e+00  3.599999984980800e+00 -3.003839932347319e-08 -2.176055775571228e-07 
 4.666400000000072e-05  5.258518551623634e-07  5.258518551418556e-07  1.440088732115395e-05  1.570245050651147e-05  1.319999891197211e+00  3.599999984980800e+00 -3.003839932347319e-08 -2.176055775571228e-07 
 4.671400000000072e-05  5.258518551443656e-07  5.258518551453314e-07  1.440088732121853e-05  1.570245050642406e-05  1.319999891197212e+00  3.599999984980800e+00 -3.003840021165161e-08 -2.176055771130336e-07 
 4.676400000000072e-05  5.258518551399475e-07  5.258518551438731e-07  1.440088732114357e-05  1.570245050650252e-05  1.319999891197211e+00  3.599999984980800e+00 -3.003839932347319e-08 -2.176055775571228e-07 
 4.681400000000072e-05  5.258518551348788e-07  5.258518551399837e-07  1.440088732120361e-05  1.570245050642083e-05  1.319999891197211e+00  3.599999984980800e+00 -3.003840109983003e-08 -2.176055775571228e-07 
 4.686400000000072e-05  5.258518551318431e-07  5.258518551359496e-07  1.440088732126249e-05  1.570245050649423e-05  1.319999891197212e+00  3.599999984980800e+00 -3.003839932347319e-08 -2.176055771130336e-07 
 4.691400000000072e-05  5.258518551282923e-07  5.258518551320799e-07  1.440088732132228e-05  1.570245050656217e-05  1.319999891197212e+00  3.599999984980800e+00 -3.003839932347319e-08 -2.176055762248552e-07 
 4.696400000000072e-05  5.258518551236845e-07  5.258518551279479e-07  1.440088732112406e-05  1.570245050649298e-05  1.319999891197211e+00  3.599999984980800e+00 -3.003839932347319e-08 -2.176055775571228e-07 
 4.701400000000073e-05  5.258518551197000e-07  5.258518551238223e-07  1.440088732117768e-05  1.570245050649849e-05  1.319999891197211e+00  3.599999984980800e+00 -3.003840021165161e-08 -2.176055775571228e-07 
 4.706400000000073e-05  5.258518551168811e-07  5.258518551202207e-07  1.440088732123363e-05  1.570245050657277e-05  1.319999891197211e+00  3.599999984980800e+00 -3.003839932347319e-08 -2.176055775571228e-07 
 4.711400000000073e-05  5.258518551520363e-07  5.258518551322267e-07  1.440088732129497e-05  1.570245050649063e-05  1.319999891197211e+00  3.599999984980800e+00 -3.003839932347319e-08 -2.176055775571228e-07 
 4.716400000000073e-05  5.258518551364509e-07  5.258518551363175e-07  1.440088732123491e-05  1.570245050656537e-05  1.319999891197212e+00  3.599999984980800e+00 -3.003839932347319e-08 -2.176055762248552e-07 
 4.721400000000073e-05  5.258518551304607e-07  5.258518551347931e-07  1.440088732129065e-05  1.570245050646994e-05  1.319999891197211e+00  3.599999984980800e+00 -3.003840109983003e-08 -2.176055775571228e-07 
 4.726400000000073e-05  5.258518551273979e-07  5.258518551315301e-07  1.440088732121477e-05  1.570245050655987e-05  1.319999891197211e+00  3.599999984980800e+00 -3.003839932347319e-08 -2.176055775571228e-07 
 4.731400000000073e-05  5.258518551245789e-07  5.258518551280971e-07  1.440088732127084e-05  1.570245050647036e-05  1.319999891197212e+00  3.599999984980800e+00 -3.003839932347319e-08 -2.176055771130336e-07 
 4.736400000000073e-05  5.258518551194019e-07  5.258518551239324e-07  1.440088732134267e-05  1.570245050654917e-05  1.319999891197212e+00  3.599999984980800e+00 -3.003839932347319e-08 -2.176055771130336e-07 
 4.741400000000074e-05  5.258518551149837e-07  5.258518551195200e-07  1.440088732113922e-05  1.570245050645914e-05  1.319999891197211e+00  3.599999984980800e+00 -3.003839932347319e-08 -2.176055775571228e-07 
 4.746400000000074e-05  5.258518551108367e-07  5.258518551151642e-07  1.440088732119431e-05  1.570245050639176e-05  1.319999891197211e+00  3.599999984980800e+00 -3.003839932347319e-08 -2.176055775571228e-07 
 4.751400000000074e-05  5.258518551061746e-07  5.258518551106972e-07  1.440088732125661e-05  1.570245050661748e-05  1.319999891197211e+00  3.599999984980800e+00 -3.003839932347319e-08 -2.176055775571228e-07 
 4.756400000000074e-05  5.258518551026780e-07  5.258518551065962e-07  1.440088732118318e-05  1.570245050654436e-05  1.319999891197211e+00  3.599999984980800e+00 -3.003839932347319e-08 -2.176055775571228e-07 
 4.761400000000074e-05  5.258518550976094e-07  5.258518551021813e-07  1.440088732125425e-05  1.570245050645927e-05  1.319999891197212e+00  3.599999984980799e+00 -3.003840198800845e-08 -2.176055766689444e-07 
 4.766400000000074e-05  5.258518551343638e-07  5.258518551141713e-07  1.440088732118432e-05  1.570245050653732e-05  1.319999891197211e+00  3.599999984980800e+00 -3.003839932347319e-08 -2.176055775571228e-07 
 4.771400000000074e-05  5.258518551171521e-07  5.258518551177617e-07  1.440088732124256e-05  1.570245050645504e-05  1.319999891197211e+00  3.599999984980799e+00 -3.003840198800845e-08 -2.176055775571228e-07 
 4.776400000000074e-05  5.258518551132490e-07  5.258518551166747e-07  1.440088732116933e-05  1.570245050652803e-05  1.319999891197211e+00  3.599999984980800e+00 -3.003839932347319e-08 -2.176055775571228e-07 
 4.781400000000075e-05  5.258518551099964e-07  5.258518551137860e-07  1.440088732122496e-05  1.570245050661979e-05  1.319999891197211e+00  3.599999984980800e+00 -3.003840109983003e-08 -2.176055775571228e-07 
 4.786400000000075e-05  5.258518551055241e-07  5.258518551099036e-07  1.440088732115788e-05  1.570245050636767e-05  1.319999891197212e+00  3.599999984980800e+00 -3.003839932347319e-08 -2.176055766689444e-07 
 4.791400000000075e-05  5.258518551407877e-07  5.258518551214808e-07  1.440088732121599e-05  1.570245050646256e-05  1.319999891197211e+00  3.599999984980800e+00 -3.003840109983003e-08 -2.176055775571228e-07 
 4.796400000000075e-05  5.258518551251752e-07  5.258518551252740e-07  1.440088732114654e-05  1.570245050653202e-05  1.319999891197211e+00  3.599999984980800e+00 -3.003839932347319e-08 -2.176055775571228e-07 
 4.801400000000075e-05  5.258518551199982e-07  5.258518551239224e-07  1.440088732120219e-05  1.570245050644375e-05  1.319999891197211e+00  3.599999984980800e+00 -3.003840109983003e-08 -2.176055775571228e-07 
 4.806400000000075e-05  5.258518551166642e-07  5.258518551207487e-07  1.440088732113147e-05  1.570245050653271e-05  1.319999891197212e+00  3.599999984980800e+00 -3.003839932347319e-08 -2.176055766689444e-07 
 4.811400000000075e-05  5.258518551138182e-07  5.258518551173419e-07  1.440088732119527e-05  1.570245050660319e-05  1.319999891197211e+00  3.599999984980800e+00 -3.003839932347319e-08 -2.176055775571228e-07 
 4.816400000000075e-05  5.258518551086412e-07  5.258518551131803e-07  1.440088732125811e-05  1.570245050653371e-05  1.319999891197211e+00  3.599999984980800e+00 -3.003839932347319e-08 -2.176055775571228e-07 
 4.821400000000076e-05  5.258518551452059e-07  5.258518551251582e-07  1.440088732131179e-05  1.570245050644899e-05  1.319999891197212e+00  3.599999984980800e+00 -3.003839932347319e-08 -2.176055766689444e-07 
 4.826400000000076e-05  5.258518551287260e-07  5.258518551289810e-07  1.440088732124290e-05  1.570245050636171e-05  1.319999891197211e+00  3.599999984980800e+00 -3.003839932347319e-08 -2.176055775571228e-07 
 4.831400000000076e-05  5.258518551234676e-07  5.258518551275403e-07  1.440088732117142e-05  1.570245050643736e-05  1.319999891197212e+00  3.599999984980800e+00 -3.003839932347319e-08 -2.176055766689444e-07 
 4.836400000000076e-05  5.258518551594360e-07  5.258518551400104e-07  1.440088732123348e-05  1.570245050652155e-05  1.319999891197211e+00  3.599999984980800e+00 -3.003839932347319e-08 -2.176055775571228e-07 
 4.841400000000076e-05  5.258518551423327e-07  5.258518551434333e-07  1.440088732116903e-05  1.570245050643413e-05  1.319999891197212e+00  3.599999984980800e+00 -3.003839932347319e-08 -2.176055771130336e-07 
 4.846400000000076e-05  5.258518551377249e-07  5.258518551418346e-07  1.440088732124098e-05  1.570245050652391e-05  1.319999891197211e+00  3.599999984980800e+00 -3.003839932347319e-08 -2.176055775571228e-07 
 4.851400000000076e-05  5.258518551346891e-07  5.258518551386566e-07  1.440088732131471e-05  1.570245050659590e-05  1.319999891197211e+00  3.599999984980800e+00 -3.003839932347319e-08 -2.176055775571228e-07 
 4.856400000000076e-05  5.258518551294578e-07  5.258518551343415e-07  1.440088732124113e-05  1.570245050651944e-05  1.319999891197211e+00  3.599999984980800e+00 -3.003839932347319e-08 -2.176055775571228e-07 
 4.861400000000076e-05  5.258518551259071e-07  5.258518551301048e-07  1.440088732117592e-05  1.570245050642262e-05  1.319999891197211e+00  3.599999984980800e+00 -3.003839932347319e-08 -2.176055775571228e-07 
 4.866400000000077e-05  5.258518551209468e-07  5.258518551255942e-07  1.440088732123366e-05  1.570245050651716e-05  1.319999891197212e+00  3.599999984980800e+00 -3.003840021165161e-08 -2.176055766689444e-07 
 4.871400000000077e-05  5.258518551164474e-07  5.258518551210334e-07  1.440088732116314e-05  1.570245050658717e-05  1.319999891197212e+00  3.599999984980800e+00 -3.003840109983003e-08 -2.176055766689444e-07 
 4.876400000000077e-05  5.258518551138182e-07  5.258518551172351e-07  1.440088732121320e-05  1.570245050650072e-05  1.319999891197211e+00  3.599999984980800e+00 -3.003839932347319e-08 -2.176055775571228e-07 
 4.881400000000077e-05  5.258518551081262e-07  5.258518551128320e-07  1.440088732114962e-05  1.570245050658596e-05  1.319999891197211e+00  3.599999984980800e+00 -3.003840109983003e-08 -2.176055775571228e-07 
 4.886400000000077e-05  5.258518551044399e-07  5.258518551085946e-07  1.440088732121972e-05  1.570245050645218e-05  1.319999891197212e+00  3.599999984980800e+00 -3.003839932347319e-08 -2.176055762248552e-07 
 4.891400000000077e-05  5.258518551406251e-07  5.258518551205593e-07  1.440088732114329e-05  1.570245050651511e-05  1.319999891197211e+00  3.599999984980800e+00 -3.003840109983003e-08 -2.176055775571228e-07 
 4.896400000000077e-05  5.258518551250668e-07  5.258518551247553e-07  1.440088732119740e-05  1.570245050643242e-05  1.319999891197211e+00  3.599999984980800e+00 -3.003839932347319e-08 -2.176055775571228e-07 
 4.901400000000077e-05  5.258518551192392e-07  5.258518551233881e-07  1.440088732112532e-05  1.570245050651039e-05  1.319999891197211e+00  3.599999984980800e+00 -3.003840109983003e-08 -2.176055775571228e-07 
 4.906400000000078e-05  5.258518551172335e-07  5.258518551206529e-07  1.440088732118487e-05  1.570245050659669e-05  1.319999891197212e+00  3.599999984980800e+00 -3.003839932347319e-08 -2.176055766689444e-07 
 4.911400000000078e-05  5.258518551129509e-07  5.258518551170251e-07  1.440088732125387e-05  1.570245050651288e-05  1.319999891197211e+00  3.599999984980800e+00 -3.003839932347319e-08 -2.176055775571228e-07 
 4.916400000000078e-05  5.258518551499764e-07  5.258518551294801e-07  1.440088732118221e-05  1.570245050642761e-05  1.319999891197211e+00  3.599999984980800e+00 -3.003839932347319e-08 -2.176055775571228e-07 
 4.921400000000078e-05  5.258518551323039e-07  5.258518551331007e-07  1.440088732124603e-05  1.570245050651445e-05  1.319999891197211e+00  3.599999984980800e+00 -3.003839932347319e-08 -2.176055775571228e-07 
 4.926400000000078e-05  5.258518551288344e-07  5.258518551321184e-07  1.440088732116538e-05  1.570245050658765e-05  1.319999891197211e+00  3.599999984980800e+00 -3.003840021165161e-08 -2.176055775571228e-07 
 4.931400000000078e-05  5.258518551246873e-07  5.258518551289495e-07  1.440088732122731e-05  1.570245050651718e-05  1.319999891197211e+00  3.599999984980800e+00 -3.003839932347319e-08 -2.176055775571228e-07 
 4.936400000000078e-05  5.258518551202963e-07  5.258518551248545e-07  1.440088732116101e-05  1.570245050658750e-05  1.319999891197211e+00  3.599999984980800e+00 -3.003839932347319e-08 -2.176055775571228e-07 
 4.941400000000078e-05  5.258518551163932e-07  5.258518551206510e-07  1.440088732121994e-05  1.570245050649969e-05  1.319999891197211e+00  3.599999984980800e+00 -3.003839932347319e-08 -2.176055775571228e-07 
 4.946400000000079e-05  5.258518551127882e-07  5.258518551166652e-07  1.440088732114688e-05  1.570245050641860e-05  1.319999891197211e+00  3.599999984980800e+00 -3.003839932347319e-08 -2.176055775571228e-07 
 4.951400000000079e-05  5.258518551490277e-07  5.258518551288131e-07  1.440088732120278e-05  1.570245050650526e-05  1.319999891197211e+00  3.599999984980800e+00 -3.003840109983003e-08 -2.176055775571228e-07 
 4.956400000000079e-05  5.258518551738559e-07  5.258518551492598e-07  1.440088732126482e-05  1.570245050658165e-05  1.319999891197211e+00  3.599999984980800e+00 -3.003839932347319e-08 -2.176055775571228e-07 
 4.961400000000079e-05  5.258518551142790e-07  5.258518551393569e-07  1.440088732120269e-05  1.570245050648588e-05  1.319999891197211e+00  3.599999984980800e+00 -3.003840109983003e-08 -2.176055775571228e-07 
 4.966400000000079e-05  5.258518551233321e-07  5.258518551309664e-07  1.440088732126385e-05  1.570245050657450e-05  1.319999891197211e+00  3.599999984980800e+00 -3.003839932347319e-08 -2.176055775571228e-07 
 4.971400000000079e-05  5.258518551205403e-07  5.258518551251178e-07  1.440088732119486e-05  1.570245050664151e-05  1.319999891197212e+00  3.599999984980800e+00 -3.003839932347319e-08 -2.176055771130336e-07 
 4.976400000000079e-05  5.258518551168540e-07  5.258518551206427e-07  1.440088732112131e-05  1.570245050639936e-05  1.319999891197211e+00  3.599999984980800e+00 -3.003839932347319e-08 -2.176055775571228e-07 
 4.981400000000079e-05  5.258518551112703e-07  5.258518551159987e-07  1.440088732117738e-05  1.570245050647175e-05  1.319999891197211e+00  3.599999984980800e+00 -3.003839932347319e-08 -2.176055775571228e-07 
 4.986400000000080e-05  5.258518551079093e-07  5.258518551118343e-07  1.440088732124351e-05  1.570245050633386e-05  1.319999891197211e+00  3.599999984980800e+00 -3.003839932347319e-08 -2.176055775571228e-07 
 4.991400000000080e-05  5.258518551028678e-07  5.258518551074148e-07  1.440088732117440e-05  1.570245050640201e-05  1.319999891197211e+00  3.599999984980800e+00 -3.003839932347319e-08 -2.176055775571228e-07 
 4.995700000000040e-05  5.258518550991002e-07  5.258518551035791e-07  1.440088732124683e-05  1.570245050651314e-05  1.319999891197208e+00  3.599999984980805e+00 -3.003839044168899e-08 -2.176055833302826e-07 
 5.000000000000000e-05  5.258518550949802e-07  5.258518550996330e-07  1.440088732125788e-05  1.570245050649293e-05  1.319999891197207e+00  3.599999984980798e+00 -3.003840465254370e-08 -2.176055868829962e-07 
 5.000499999999999e-05  2.711138373512594e-07  5.026938534861444e-07  1.356145353148816e-05  1.558034706018036e-05  1.319999889829294e+00  3.599181855425244e+00  1.637108504866092e-04 -2.203414113388646e-07 
 5.001499999999999e-05  1.823761927766294e-07  4.518326744004903e-07  1.341879535942634e-05  1.555271112792288e-05  1.319999889385173e+00  3.597394461330662e+00  1.889226613229766e-04 -2.212296541515002e-07 
 5.003500000000000e-05  1.210877751387277e-07  3.550038686816625e-07  1.347032242623460e-05  1.556056579636235e-05  1.319999889495675e+00  3.593790630344609e+00  1.812606892190871e-04 -2.210086504916831e-07 
 5.007500000000000e-05 -9.141481420958924e-09  1.845627790706352e-07  1.349243018239360e-05  1.556221263613208e-05  1.319999889529560e+00  3.586589999269485e+00  1.799985389698833e-04 -2.209408798137247e-07 
 5.012500000000000e-05 -1.468581578217083e-07  8.560812022808525e-09  1.351037051761919e-05  1.556209285519537e-05  1.319999889527851e+00  3.577590045007056e+00  1.800900141120110e-04 -2.209442984124621e-07 
 5.017500000000000e-05 -2.578246500231618e-07 -1.331937662051450e-07  1.352893383834959e-05  1.556206723217282e-05  1.319999889527598e+00  3.568590050333834e+00  1.801006676691586e-04 -2.209448046741613e-07 
 5.022500000000000e-05 -3.471429552785168e-07 -2.471243574800844e-07  1.354770588454776e-05  1.556205737129398e-05  1.319999889527725e+00  3.559590050285895e+00  1.801005717929627e-04 -2.209445493228657e-07 
 5.027500000000000e-05 -4.190773431383065e-07 -3.386916699983611e-07  1.356662126200126e-05  1.556204730285795e-05  1.319999889527853e+00  3.550590050327542e+00  1.801006550863349e-04 -2.209442948597484e-07 
 5.032500000000000e-05 -4.771004609243040e-07 -4.123686488723936e-07  1.358568192672114e-05  1.556203715676086e-05  1.319999889527977e+00  3.541590050394607e+00  1.801007892163753e-04 -2.209440457257017e-07 
 5.037500000000000e-05 -5.240133937177047e-07 -4.717619425853246e-07  1.360488952332386e-05  1.556202701882505e-05  1.319999889528104e+00  3.532590050459461e+00  1.801009189250635e-04 -2.209437921507629e-07 
 5.042500000000001e-05 -5.620601781638427e-07 -5.197598955593181e-07  1.362424537972657e-05  1.556201689108608e-05  1.319999889528231e+00  3.523590050522284e+00  1.801010445712237e-04 -2.209435376876456e-07 
 5.047500000000001e-05 -5.930331953680980e-07 -5.586688060776287e-07  1.364375083511392e-05  1.556200677335148e-05  1.319999889528361e+00  3.514590050583542e+00  1.801011670874431e-04 -2.209432783395471e-07 
 5.052500000000001e-05 -6.183623502666535e-07 -5.903280058569008e-07  1.366340724699633e-05  1.556199666646901e-05  1.319999889528490e+00  3.505590050643462e+00  1.801012869275809e-04 -2.209430203237162e-07 
 5.057500000000001e-05 -6.391879086045074e-07 -6.162038069117979e-07  1.368321598942273e-05  1.556198657136431e-05  1.319999889528623e+00  3.496590050702249e+00  1.801014045037519e-04 -2.209427538701902e-07 
 5.062500000000001e-05 -6.564191236121746e-07 -6.374650938029281e-07  1.370317845341357e-05  1.556197648819383e-05  1.319999889528757e+00  3.487590050760035e+00  1.801015200761924e-04 -2.209424865284859e-07 
 5.067500000000001e-05 -6.707811260353873e-07 -6.550437640741378e-07  1.372329604727487e-05  1.556196641840850e-05  1.319999889528892e+00  3.478590050816946e+00  1.801016338980332e-04 -2.209422165222463e-07 
 5.072500000000001e-05 -6.828523246840614e-07 -6.696829223723491e-07  1.374357019665716e-05  1.556195636202702e-05  1.319999889529029e+00  3.469590050873071e+00  1.801017461486865e-04 -2.209419411869362e-07 
 5.077500000000001e-05 -6.930942041808753e-07 -6.819752667554018e-07  1.376400234529902e-05  1.556194632073241e-05  1.319999889529166e+00  3.460590050928490e+00  1.801018569871360e-04 -2.209416685161614e-07 
 5.082500000000002e-05 -7.018750565658690e-07 -6.923936515561993e-07  1.378459395472692e-05  1.556193629449695e-05  1.319999889529305e+00  3.451590050983266e+00  1.801019665377268e-04 -2.209413905163160e-07 
 5.087500000000002e-05 -7.094888813110537e-07 -7.013154204183005e-07  1.380534650491451e-05  1.556192628460168e-05  1.319999889529447e+00  3.442590051037441e+00  1.801020748883886e-04 -2.209411058551325e-07 
 5.092500000000002e-05 -7.161704382020967e-07 -7.090417813042394e-07  1.382626149468253e-05  1.556191629195953e-05  1.319999889529590e+00  3.433590051091064e+00  1.801021821359328e-04 -2.209408207498598e-07 
 5.097500000000002e-05 -7.221072392756846e-07 -7.158132366700051e-07  1.384734044159324e-05  1.556190631747849e-05  1.319999889529733e+00  3.424590051144164e+00  1.801022883372028e-04 -2.209405347564086e-07 
 5.102500000000002e-05 -7.274491038962514e-07 -7.218218746336568e-07  1.386858488251521e-05  1.556189636179929e-05  1.319999889529877e+00  3.415590051196786e+00  1.801023935810164e-04 -2.209402452102438e-07 
 5.107500000000002e-05 -7.323157737526922e-07 -7.272211618740013e-07  1.388999637399128e-05  1.556188642593281e-05  1.319999889530025e+00  3.406590051248952e+00  1.801024979126709e-04 -2.209399503350085e-07 
 5.112500000000002e-05 -7.368029836392852e-07 -7.321337480281839e-07  1.391157649199861e-05  1.556187651101802e-05  1.319999889530175e+00  3.397590051300678e+00  1.801026013650286e-04 -2.209396505747918e-07 
 5.117500000000002e-05 -7.409873019518056e-07 -7.366576868284691e-07  1.393332683357162e-05  1.556186661813999e-05  1.319999889530325e+00  3.388590051351986e+00  1.801027039824987e-04 -2.209393503704860e-07 
 5.122500000000003e-05 -7.449299914512580e-07 -7.408713964376417e-07  1.395524901535328e-05  1.556185674815888e-05  1.319999889530476e+00  3.379590051402895e+00  1.801028057997200e-04 -2.209390475016448e-07 
 5.127500000000003e-05 -7.486800889763595e-07 -7.448376153749635e-07  1.397734467528266e-05  1.556184690227449e-05  1.319999889530633e+00  3.370590051453423e+00  1.801029068575488e-04 -2.209387339746627e-07 
 5.132500000000003e-05 -7.522768632991551e-07 -7.486065583321045e-07  1.399961547260239e-05  1.556183708154257e-05  1.319999889530789e+00  3.361590051503582e+00  1.801030071764131e-04 -2.209384231122158e-07 
 5.137500000000003e-05 -7.557517768072444e-07 -7.522184343135887e-07  1.402206308778781e-05  1.556182728700695e-05  1.319999889530947e+00  3.352590051553384e+00  1.801031067802938e-04 -2.209381055884307e-07 
 5.142500000000003e-05 -7.591300515339653e-07 -7.557054563980362e-07  1.404468922326655e-05  1.556181752012489e-05  1.319999889531107e+00  3.343590051602828e+00  1.801032056683027e-04 -2.209377862882889e-07 
 5.147500000000003e-05 -7.624319197817775e-07 -7.590934461684223e-07  1.406749560372660e-05  1.556180778183111e-05  1.319999889531268e+00  3.334590051651939e+00  1.801033038910660e-04 -2.209374634354333e-07 
 5.152500000000003e-05 -7.656736232855804e-07 -7.624031149693629e-07  1.409048397664788e-05  1.556179807367797e-05  1.319999889531432e+00  3.325590051700725e+00  1.801034014636826e-04 -2.209371365857749e-07 
 5.157500000000003e-05 -7.688682114383475e-07 -7.656510873171449e-07  1.411365611212312e-05  1.556178839673066e-05  1.319999889531599e+00  3.316590051749190e+00  1.801034983923699e-04 -2.209368021865998e-07 
 5.162500000000004e-05 -7.720261791401126e-07 -7.688507185158883e-07  1.413701380385051e-05  1.556177875256004e-05  1.319999889531767e+00  3.307590051797339e+00  1.801035946913387e-04 -2.209364664551572e-07 
 5.167500000000004e-05 -7.751559767422967e-07 -7.720127480462004e-07  1.416055886925307e-05  1.556176914222358e-05  1.319999889531937e+00  3.298590051845182e+00  1.801036903792408e-04 -2.209361262828224e-07 
 5.172500000000004e-05 -7.782644179396634e-07 -7.751458219096480e-07  1.418429314983567e-05  1.556175956756525e-05  1.319999889532109e+00  3.289590051892715e+00  1.801037854445298e-04 -2.209357816695956e-07 
 5.177500000000004e-05 -7.813570058824758e-07 -7.782569102714688e-07  1.420821851138751e-05  1.556175002960640e-05  1.319999889532284e+00  3.280590051939957e+00  1.801038799298382e-04 -2.209354321713874e-07 
 5.182500000000004e-05 -7.844381941810930e-07 -7.813516415076826e-07  1.423233684518416e-05  1.556174053020755e-05  1.319999889532462e+00  3.271590051986909e+00  1.801039738342780e-04 -2.209350764559304e-07 
 5.187500000000004e-05 -7.875115956217462e-07 -7.844345694005509e-07  1.425665006719473e-05  1.556173107087996e-05  1.319999889532641e+00  3.262590052033576e+00  1.801040671685072e-04 -2.209347185200272e-07 
 5.192500000000004e-05 -7.905801494212578e-07 -7.875093869874073e-07  1.428116011988437e-05  1.556172165317949e-05  1.319999889532821e+00  3.253590052079958e+00  1.801041599325259e-04 -2.209343583636780e-07 
 5.197500000000004e-05 -7.936462552095476e-07 -7.905790977936346e-07  1.430586897154758e-05  1.556171227884747e-05  1.319999889533005e+00  3.244590052126061e+00  1.801042521387686e-04 -2.209339893255446e-07 
 5.202500000000004e-05 -7.967118798796538e-07 -7.936461527892878e-07  1.433077861687119e-05  1.556170294977265e-05  1.319999889533191e+00  3.235590052171896e+00  1.801043438103278e-04 -2.209336180669652e-07 
 5.207500000000005e-05 -7.997786439032913e-07 -7.967125602340199e-07  1.435589107833123e-05  1.556169366752651e-05  1.319999889533380e+00  3.226590052217461e+00  1.801044349400982e-04 -2.209332410352260e-07 
 5.212500000000005e-05 -8.028478898384150e-07 -7.997799735647244e-07  1.438120840518291e-05  1.556168443406233e-05  1.319999889533571e+00  3.217590052262757e+00  1.801045255316325e-04 -2.209328591185056e-07 
 5.217500000000005e-05 -8.059207377806318e-07 -8.028497619172283e-07  1.440673267572871e-05  1.556167525114604e-05  1.319999889533764e+00  3.208590052307791e+00  1.801046156018060e-04 -2.209324727608930e-07 
 5.222500000000005e-05 -8.089981293311769e-07 -8.059230665533086e-07  1.443246599569058e-05  1.556166612086987e-05  1.319999889533961e+00  3.199590052352559e+00  1.801047051381843e-04 -2.209320779655854e-07 
 5.227500000000005e-05 -8.120808634014970e-07 -8.090008462198001e-07  1.445841050059838e-05  1.556165704574232e-05  1.319999889534159e+00  3.190590052397073e+00  1.801047941665246e-04 -2.209316813939211e-07 
 5.232500000000005e-05 -8.151696244705685e-07 -8.120839134534057e-07  1.448456835515635e-05  1.556164802720349e-05  1.319999889534361e+00  3.181590052441334e+00  1.801048826886031e-04 -2.209312781609185e-07 
 5.237500000000005e-05 -8.182650055675979e-07 -8.151729637458037e-07  1.451094175430672e-05  1.556163906776242e-05  1.319999889534565e+00  3.172590052485349e+00  1.801049707195190e-04 -2.209308695988454e-07 
 5.242500000000005e-05 -8.213675265737069e-07 -8.182685989354446e-07  1.453753292327100e-05  1.556163016976113e-05  1.319999889534772e+00  3.163590052529100e+00  1.801050582219688e-04 -2.209304561517911e-07 
 5.247500000000006e-05 -8.244776489830196e-07 -8.213713459924028e-07  1.456434411865848e-05  1.556162133572968e-05  1.319999889534982e+00  3.154590052572614e+00  1.801051452501312e-04 -2.209300351552201e-07 
 5.252500000000006e-05 -8.275957878041667e-07 -8.244816721285000e-07  1.459137762849034e-05  1.556161256777376e-05  1.319999889535194e+00  3.145590052615879e+00  1.801052317791374e-04 -2.209296119382032e-07 
 5.257500000000006e-05 -8.307223211143295e-07 -8.275999969500511e-07  1.461863577288990e-05  1.556160386837868e-05  1.319999889535412e+00  3.136590052658902e+00  1.801053178258627e-04 -2.209291762866883e-07 
 5.262500000000006e-05 -8.338575975242693e-07 -8.307267021440488e-07  1.464612090513321e-05  1.556159524045142e-05  1.319999889535631e+00  3.127590052701685e+00  1.801054033938598e-04 -2.209287384147274e-07 
 5.267500000000006e-05 -8.370019426181641e-07 -8.338621393724944e-07  1.467383541147552e-05  1.556158668686532e-05  1.319999889535852e+00  3.118590052744235e+00  1.801054884928988e-04 -2.209282961018744e-07 
 5.272500000000006e-05 -8.401556638417600e-07 -8.370066366058898e-07  1.470178171206027e-05  1.556157821003625e-05  1.319999889536078e+00  3.109590052786541e+00  1.801055731052159e-04 -2.209278440190587e-07 
 5.277500000000006e-05 -8.433190543866891e-07 -8.401605031648887e-07  1.472996226169544e-05  1.556156981321601e-05  1.319999889536306e+00  3.100590052828621e+00  1.801056572654502e-04 -2.209273888276186e-07 
 5.282500000000006e-05 -8.464923965746435e-07 -8.433240338405904e-07  1.475837955041980e-05  1.556156149938504e-05  1.319999889536539e+00  3.091590052870469e+00  1.801057409629436e-04 -2.209269225339483e-07 
 5.287500000000007e-05 -8.496759643851113e-07 -8.464975121935390e-07  1.478703610398196e-05  1.556155327152589e-05  1.319999889536774e+00  3.082590052912078e+00  1.801058241817088e-04 -2.209264526875643e-07 
 5.292500000000007e-05 -8.528700256505339e-07 -8.496812132469269e-07  1.481593448449361e-05  1.556154513321717e-05  1.319999889537013e+00  3.073590052953463e+00  1.801059069510558e-04 -2.209259735153069e-07 
 5.297500000000007e-05 -8.560748436758328e-07 -8.528754056291669e-07  1.484507729074675e-05  1.556153708748077e-05  1.319999889537256e+00  3.064590052994624e+00  1.801059892745371e-04 -2.209254890139789e-07 
 5.302500000000007e-05 -8.592906786100067e-07 -8.560803532979508e-07  1.487446716015360e-05  1.556152913827966e-05  1.319999889537502e+00  3.055590053035561e+00  1.801060711477120e-04 -2.209249969631344e-07 
 5.307500000000007e-05 -8.625177887534353e-07 -8.592963170139014e-07  1.490410676777740e-05  1.556152128912122e-05  1.319999889537752e+00  3.046590053076275e+00  1.801061525759096e-04 -2.209244969186841e-07 
 5.312500000000007e-05 -8.657564313629268e-07 -8.625235554967017e-07  1.493399882810345e-05  1.556151354355171e-05  1.319999889538005e+00  3.037590053116767e+00  1.801062335617942e-04 -2.209239906569849e-07 
 5.317500000000007e-05 -8.690068632211134e-07 -8.657623262830264e-07  1.496414609554612e-05  1.556150590621630e-05  1.319999889538262e+00  3.028590053157040e+00  1.801063141089188e-04 -2.209234764016799e-07 
 5.322500000000007e-05 -8.722693415664801e-07 -8.690128865536728e-07  1.499455136499474e-05  1.556149838053593e-05  1.319999889538524e+00  3.019590053197091e+00  1.801063942101777e-04 -2.209229519323230e-07 
 5.327500000000008e-05 -8.755441244821869e-07 -8.722754937792079e-07  1.502521747257466e-05  1.556149097107848e-05  1.319999889538791e+00  3.010590053236934e+00  1.801064738966573e-04 -2.209224185811820e-07 
 5.332500000000008e-05 -8.788314712858392e-07 -8.755504062269674e-07  1.505614729657396e-05  1.556148368242917e-05  1.319999889539060e+00  3.001590053276556e+00  1.801065531417123e-04 -2.209218803450597e-07 
 5.337500000000008e-05 -8.821316427997793e-07 -8.788378833456440e-07  1.508734375820425e-05  1.556147651896228e-05  1.319999889539335e+00  2.992590053315964e+00  1.801066319560007e-04 -2.209213305626179e-07 
 5.342500000000008e-05 -8.854449019666426e-07 -8.821381862177790e-07  1.511880982240743e-05  1.556146948616780e-05  1.319999889539614e+00  2.983590053355158e+00  1.801067103457399e-04 -2.209207714543027e-07 
 5.347500000000008e-05 -8.887715136436029e-07 -8.854515777625356e-07  1.515054849812199e-05  1.556146258838447e-05  1.319999889539895e+00  2.974590053394154e+00  1.801067883384633e-04 -2.209202092373630e-07 
 5.352500000000008e-05 -8.921117451726897e-07 -8.887783230355485e-07  1.518256284048814e-05  1.556145583092240e-05  1.319999889540185e+00  2.965590053432926e+00  1.801068658835447e-04 -2.209196297009441e-07 
 5.357500000000008e-05 -8.954658665262614e-07 -8.921186894864362e-07  1.521485594988557e-05  1.556144921978055e-05  1.319999889540478e+00  2.956590053471497e+00  1.801069430262814e-04 -2.209190439472764e-07 
 5.362500000000008e-05 -8.988341502271804e-07 -8.954729470729115e-07  1.524743097427566e-05  1.556144275985324e-05  1.319999889540775e+00  2.947590053509862e+00  1.801070197551269e-04 -2.209184506440920e-07 
 5.367500000000008e-05 -9.022168718287899e-07 -8.988413684925579e-07  1.528029110966123e-05  1.556143645819782e-05  1.319999889541077e+00  2.938590053548027e+00  1.801070960860685e-04 -2.209178457945882e-07 
 5.372500000000009e-05 -9.056143097325238e-07 -9.022242292724735e-07  1.531343960034185e-05  1.556143032004962e-05  1.319999889541386e+00  2.929590053585979e+00  1.801071719915726e-04 -2.209172285105865e-07 
 5.377500000000009e-05 -9.090267455358271e-07 -9.056218079337980e-07  1.534687974098158e-05  1.556142435255695e-05  1.319999889541698e+00  2.920590053623735e+00  1.801072475018373e-04 -2.209166032329790e-07 
 5.382500000000009e-05 -9.124544641154499e-07 -9.090343861387238e-07  1.538061487676168e-05  1.556141856180269e-05  1.319999889542016e+00  2.911590053661285e+00  1.801073226026517e-04 -2.209159672972305e-07 
 5.387500000000009e-05 -9.158977535401688e-07 -9.124622487402869e-07  1.541464840430522e-05  1.556141295570638e-05  1.319999889542341e+00  2.902590053698638e+00  1.801073973108913e-04 -2.209153180388057e-07 
 5.392500000000009e-05 -9.193569054267851e-07 -9.159056839351987e-07  1.544898377349655e-05  1.556140754107446e-05  1.319999889542670e+00  2.893590053735792e+00  1.801074716185624e-04 -2.209146594545075e-07 
 5.397500000000009e-05 -9.228322148310808e-07 -9.193649833325340e-07  1.548362448755203e-05  1.556140232579271e-05  1.319999889543008e+00  2.884590053772749e+00  1.801075455327705e-04 -2.209139848829977e-07 
 5.402500000000009e-05 -9.263239804386929e-07 -9.228404420544645e-07  1.551857410463455e-05  1.556139731812960e-05  1.319999889543348e+00  2.875590053809509e+00  1.801076190535156e-04 -2.209133040942390e-07 
 5.407500000000009e-05 -9.298325046531769e-07 -9.263323588383356e-07  1.555383623854873e-05  1.556139252630028e-05  1.319999889543695e+00  2.866590053846077e+00  1.801076921896794e-04 -2.209126095387148e-07 
 5.412500000000010e-05 -9.333580936991153e-07 -9.298410361394218e-07  1.558941456066017e-05  1.556138795933479e-05  1.319999889544051e+00  2.857590053882453e+00  1.801077649412619e-04 -2.209118972196222e-07 
 5.417500000000010e-05 -9.369010576478398e-07 -9.333667802030063e-07  1.562531279960333e-05  1.556138362651752e-05  1.319999889544413e+00  2.848590053918634e+00  1.801078373047105e-04 -2.209111742423886e-07 
 5.422500000000010e-05 -9.404617104441840e-07 -9.369099011121944e-07  1.566153474360264e-05  1.556137953748017e-05  1.319999889544781e+00  2.839590053954623e+00  1.801079092835778e-04 -2.209104388306571e-07 
 5.427500000000010e-05 -9.440403702320967e-07 -9.404707129419930e-07  1.569808424169681e-05  1.556137570262642e-05  1.319999889545156e+00  2.830590053990425e+00  1.801079808885220e-04 -2.209096874317140e-07 
 5.432500000000010e-05 -9.476373592260279e-07 -9.440495338215667e-07  1.573496520374412e-05  1.556137213238632e-05  1.319999889545539e+00  2.821590054026036e+00  1.801080521097731e-04 -2.209089222660054e-07 
 5.437500000000010e-05 -9.512530038870311e-07 -9.476466860236671e-07  1.577218160334046e-05  1.556136883817614e-05  1.319999889545928e+00  2.812590054061463e+00  1.801081229633184e-04 -2.209081433335314e-07 
 5.442500000000010e-05 -9.548876348546476e-07 -9.512624959964795e-07  1.580973747697724e-05  1.556136583191692e-05  1.319999889546326e+00  2.803590054096698e+00  1.801081934340587e-04 -2.209073484138457e-07 
 5.447500000000010e-05 -9.585415873900472e-07 -9.548972945484692e-07  1.584763692781141e-05  1.556136312593267e-05  1.319999889546732e+00  2.794590054131750e+00  1.801082635379814e-04 -2.209065357305917e-07 
 5.452500000000011e-05 -9.622152011297522e-07 -9.585514168913804e-07  1.588588412514250e-05  1.556136073301824e-05  1.319999889547146e+00  2.785590054166614e+00  1.801083332679809e-04 -2.209057088364830e-07 
 5.457500000000011e-05 -9.659088203464142e-07 -9.622252027419761e-07  1.592448330608699e-05  1.556135866708371e-05  1.319999889547570e+00  2.776590054201291e+00  1.801084026222810e-04 -2.209048606260922e-07 
 5.462500000000011e-05 -9.696227938848199e-07 -9.659189963692329e-07  1.596343877781933e-05  1.556135694282590e-05  1.319999889548000e+00  2.767590054235796e+00  1.801084716328560e-04 -2.209039999812035e-07 
 5.467500000000011e-05 -9.733574755372686e-07 -9.696331467618985e-07  1.600275491792278e-05  1.556135557489764e-05  1.319999889548441e+00  2.758590054270108e+00  1.801085402579616e-04 -2.209031184641219e-07 
 5.472500000000011e-05 -9.771132238536200e-07 -9.733680076771202e-07  1.604243617641026e-05  1.556135457944671e-05  1.319999889548891e+00  2.749590054304246e+00  1.801086085331249e-04 -2.209022178512043e-07 
 5.477500000000011e-05 -9.808904024818964e-07 -9.771239377820751e-07  1.608248707733995e-05  1.556135397382767e-05  1.319999889549351e+00  2.740590054338194e+00  1.801086764299242e-04 -2.209012990306292e-07 
 5.482500000000011e-05 -9.846893800029418e-07 -9.809013006914129e-07  1.612291222024192e-05  1.556135377524448e-05  1.319999889549819e+00  2.731590054371980e+00  1.801087440025384e-04 -2.209003624464856e-07 
 5.487500000000011e-05 -9.885105303365912e-07 -9.847004651313519e-07  1.616371628104485e-05  1.556135400295936e-05  1.319999889550300e+00  2.722590054405576e+00  1.801088111941240e-04 -2.208994009933463e-07 
 5.492500000000012e-05 -9.923542325999111e-07 -9.885218050067635e-07  1.620490401476206e-05  1.556135467630031e-05  1.319999889550791e+00  2.713590054438991e+00  1.801088780242210e-04 -2.208984186680141e-07 
 5.497500000000012e-05 -9.962208713530695e-07 -9.923656995203681e-07  1.624648025656663e-05  1.556135581697941e-05  1.319999889551293e+00  2.704590054472237e+00  1.801089445185866e-04 -2.208974141382214e-07 
 5.502500000000012e-05 -1.000110836724507e-06 -9.962325333047447e-07  1.628844992301757e-05  1.556135744665310e-05  1.319999889551807e+00  2.695590054505300e+00  1.801090106452463e-04 -2.208963856276114e-07 
 5.507500000000012e-05 -1.004024524358949e-06 -1.000122696483302e-06  1.633081801472984e-05  1.556135958913496e-05  1.319999889552333e+00  2.686590054538189e+00  1.801090764219637e-04 -2.208953340243625e-07 
 5.512500000000012e-05 -1.007962335737735e-06 -1.004036584820787e-06  1.637358961791227e-05  1.556136226937192e-05  1.319999889552871e+00  2.677590054570914e+00  1.801091418736078e-04 -2.208942584402962e-07 
 5.517500000000012e-05 -1.011924678275228e-06 -1.007974599870060e-06  1.641676990538871e-05  1.556136551368361e-05  1.319999889553422e+00  2.668590054603457e+00  1.801092069602106e-04 -2.208931562108774e-07 
 5.522500000000012e-05 -1.015911965236173e-06 -1.011937149026360e-06  1.646036413981104e-05  1.556136934949404e-05  1.319999889553988e+00  2.659590054635828e+00  1.801092717004238e-04 -2.208920251156599e-07 
 5.527500000000012e-05 -1.019924616155069e-06 -1.015924645709103e-06  1.650437767404001e-05  1.556137380746721e-05  1.319999889554566e+00  2.650590054668027e+00  1.801093361004646e-04 -2.208908687073574e-07 
 5.532500000000013e-05 -1.023963056654613e-06 -1.019937509423856e-06  1.654881595460479e-05  1.556137891893648e-05  1.319999889555160e+00  2.641590054700053e+00  1.801094001523396e-04 -2.208896807687211e-07 
 5.537500000000013e-05 -1.028027718899744e-06 -1.023976165957162e-06  1.659368452261416e-05  1.556138471739999e-05  1.319999889555768e+00  2.632590054731905e+00  1.801094638569367e-04 -2.208884639642861e-07 
 5.542500000000013e-05 -1.032119041519439e-06 -1.028041047488734e-06  1.663898901650412e-05  1.556139123862195e-05  1.319999889556390e+00  2.623590054763585e+00  1.801095272169206e-04 -2.208872191822309e-07 
 5.547500000000013e-05 -1.036237469700095e-06 -1.032132592679593e-06  1.668473517356008e-05  1.556139852111891e-05  1.319999889557032e+00  2.614590054795100e+00  1.801095902482786e-04 -2.208859366525928e-07 
 5.552500000000013e-05 -1.040383455610963e-06 -1.036251246890313e-06  1.673092883289842e-05  1.556140660493824e-05  1.319999889557691e+00  2.605590054826440e+00  1.801096529270296e-04 -2.208846190399072e-07 
 5.557500000000013e-05 -1.044557458164928e-06 -1.040397462242303e-06  1.677757593689158e-05  1.556141553388502e-05  1.319999889558366e+00  2.596590054857611e+00  1.801097152718256e-04 -2.208832685646200e-07 
 5.562500000000013e-05 -1.048759943506771e-06 -1.044571697818488e-06  1.682468253385153e-05  1.556142535489158e-05  1.319999889559062e+00  2.587590054888613e+00  1.801097772746729e-04 -2.208818767890364e-07 
 5.567500000000013e-05 -1.052991384959995e-06 -1.048774419790328e-06  1.687225478062971e-05  1.556143611686893e-05  1.319999889559776e+00  2.578590054919446e+00  1.801098389426770e-04 -2.208804485981375e-07 
 5.572500000000013e-05 -1.057252263300852e-06 -1.053006101588906e-06  1.692029894433301e-05  1.556144787307760e-05  1.319999889560511e+00  2.569590054950107e+00  1.801099002642914e-04 -2.208789782187637e-07 
 5.577500000000014e-05 -1.061543066797134e-06 -1.057267224031913e-06  1.696882140539496e-05  1.556146068026171e-05  1.319999889561267e+00  2.560590054980604e+00  1.801099612581680e-04 -2.208774652068257e-07 
 5.582500000000014e-05 -1.065864291445180e-06 -1.061558275485821e-06  1.701782866025901e-05  1.556147460022992e-05  1.319999889562047e+00  2.551590055010919e+00  1.801100218905560e-04 -2.208759064536991e-07 
 5.587500000000014e-05 -1.070216441210483e-06 -1.065879752066467e-06  1.706732732351283e-05  1.556148969790225e-05  1.319999889562848e+00  2.542590055041084e+00  1.801100822200752e-04 -2.208743046239192e-07 
 5.592500000000014e-05 -1.074600027998340e-06 -1.070232157755346e-06  1.711732413040154e-05  1.556150604439885e-05  1.319999889563675e+00  2.533590055071064e+00  1.801101421801121e-04 -2.208726499475233e-07 
 5.597500000000014e-05 -1.079015572042592e-06 -1.074616004608020e-06  1.716782594065741e-05  1.556152371538102e-05  1.319999889564527e+00  2.524590055100882e+00  1.801102018150758e-04 -2.208709464213143e-07 
 5.602500000000014e-05 -1.083463601922046e-06 -1.079031812904165e-06  1.721883973996107e-05  1.556154279285364e-05  1.319999889565407e+00  2.515590055130526e+00  1.801102611045380e-04 -2.208691851635081e-07 
 5.607500000000014e-05 -1.087944654873786e-06 -1.083480111351243e-06  1.727037264411006e-05  1.556156336540739e-05  1.319999889566317e+00  2.506590055160002e+00  1.801103200573806e-04 -2.208673666181937e-07 
 5.612500000000014e-05 -1.092459276918535e-06 -1.087961437267575e-06  1.732243190126275e-05  1.556158552802270e-05  1.319999889567255e+00  2.497590055189306e+00  1.801103786656100e-04 -2.208654903412821e-07 
 5.617500000000015e-05 -1.097008022971454e-06 -1.092476336732393e-06  1.737502489509194e-05  1.556160938484764e-05  1.319999889568225e+00  2.488590055218437e+00  1.801104369274498e-04 -2.208635492273459e-07 
 5.622500000000015e-05 -1.101591457296404e-06 -1.097025364850961e-06  1.742815914806248e-05  1.556163504783675e-05  1.319999889569230e+00  2.479590055247391e+00  1.801104948357946e-04 -2.208615401677605e-07 
 5.627500000000015e-05 -1.106210153353825e-06 -1.101609085875820e-06  1.748184232507214e-05  1.556166263827444e-05  1.319999889570269e+00  2.470590055276181e+00  1.801105524164015e-04 -2.208594627184368e-07 
 5.632500000000015e-05 -1.110864694352004e-06 -1.106228073471266e-06  1.753608223613613e-05  1.556169228863345e-05  1.319999889571346e+00  2.461590055304794e+00  1.801106096435134e-04 -2.208573084416798e-07 
 5.637500000000015e-05 -1.115555673278162e-06 -1.110882910913113e-06  1.759088684039307e-05  1.556172414268351e-05  1.319999889572462e+00  2.452590055333226e+00  1.801106665073604e-04 -2.208550768934003e-07 
 5.642500000000015e-05 -1.120283693055283e-06 -1.115574191258351e-06  1.764626424876968e-05  1.556175835711696e-05  1.319999889573620e+00  2.443590055361489e+00  1.801107230336996e-04 -2.208527600799925e-07 
 5.647500000000015e-05 -1.125049366926278e-06 -1.120302517594569e-06  1.770222272892648e-05  1.556179510426903e-05  1.319999889574820e+00  2.434590055389575e+00  1.801107792065437e-04 -2.208503597778133e-07 
 5.652500000000015e-05 -1.129853318724623e-06 -1.125068503313834e-06  1.775877070805700e-05  1.556183457016803e-05  1.319999889576069e+00  2.425590055417474e+00  1.801108350063529e-04 -2.208478631082755e-07 
 5.657500000000016e-05 -1.134696182795135e-06 -1.129872772250207e-06  1.781591677702232e-05  1.556187696114231e-05  1.319999889577365e+00  2.416590055445189e+00  1.801108904357918e-04 -2.208452700713792e-07 
 5.662500000000016e-05 -1.139578604617008e-06 -1.134715958984202e-06  1.787366969430181e-05  1.556192250242550e-05  1.319999889578717e+00  2.407590055472726e+00  1.801109455108474e-04 -2.208425669003589e-07 
 5.667500000000016e-05 -1.144501240769147e-06 -1.139598709044980e-06  1.793203839030916e-05  1.556197144244031e-05  1.319999889580122e+00  2.398590055500073e+00  1.801110002039863e-04 -2.208397567038389e-07 
 5.672500000000016e-05 -1.149464759475139e-06 -1.144521679229199e-06  1.799103197076065e-05  1.556202405452665e-05  1.319999889581586e+00  2.389590055527238e+00  1.801110545356366e-04 -2.208368283795892e-07 
 5.677500000000016e-05 -1.154469840531210e-06 -1.149485537786847e-06  1.805065972239087e-05  1.556208063994369e-05  1.319999889583114e+00  2.380590055554197e+00  1.801111084525076e-04 -2.208337726017362e-07 
 5.682500000000016e-05 -1.159517175816367e-06 -1.154490964710185e-06  1.811093111601280e-05  1.556214153382707e-05  1.319999889584709e+00  2.371590055580965e+00  1.801111619910145e-04 -2.208305818207634e-07 
 5.687500000000016e-05 -1.164607469489510e-06 -1.159538652006582e-06  1.817185581188897e-05  1.556220710625680e-05  1.319999889586378e+00  2.362590055607535e+00  1.801112151298412e-04 -2.208272449344406e-07 
 5.692500000000016e-05 -1.169741438314826e-06 -1.164629303989159e-06  1.823344366447516e-05  1.556227776881174e-05  1.319999889588123e+00  2.353590055633899e+00  1.801112678592176e-04 -2.208237539491620e-07 
 5.697500000000017e-05 -1.174919811846345e-06 -1.169763637528549e-06  1.829570472671814e-05  1.556235398133569e-05  1.319999889589951e+00  2.344590055660055e+00  1.801113201702620e-04 -2.208200986508757e-07 
 5.702500000000017e-05 -1.180143332905263e-06 -1.174942382387112e-06  1.835864925598459e-05  1.556243625594113e-05  1.319999889591868e+00  2.335590055685995e+00  1.801113720505398e-04 -2.208162643846379e-07 
 5.707500000000017e-05 -1.185412757683592e-06 -1.180166281477417e-06  1.842228771808159e-05  1.556252516814960e-05  1.319999889593877e+00  2.326590055711721e+00  1.801114235027157e-04 -2.208122462654671e-07 
 5.712500000000017e-05 -1.190728856239421e-06 -1.185436091200280e-06  1.848663079348855e-05  1.556262136014325e-05  1.319999889595988e+00  2.317590055737211e+00  1.801114744841570e-04 -2.208080247534383e-07 
 5.717500000000017e-05 -1.196092412734305e-06 -1.190752581758462e-06  1.855168938227513e-05  1.556272555948739e-05  1.319999889598209e+00  2.308590055762473e+00  1.801115250090746e-04 -2.208035825290722e-07 
 5.722500000000017e-05 -1.201504225803950e-06 -1.196116537488294e-06  1.861747461036272e-05  1.556283858612950e-05  1.319999889600546e+00  2.299590055787491e+00  1.801115750463822e-04 -2.207989084901385e-07 
 5.727500000000017e-05 -1.206965108829729e-06 -1.201528757170834e-06  1.868399783450464e-05  1.556296136694044e-05  1.319999889603009e+00  2.290590055812257e+00  1.801116245792045e-04 -2.207939817644444e-07 
 5.732500000000017e-05 -1.212475890427950e-06 -1.206990054410188e-06  1.875127064886669e-05  1.556309495707932e-05  1.319999889605609e+00  2.281590055836776e+00  1.801116736164232e-04 -2.207887823679755e-07 
 5.737500000000017e-05 -1.218037414587285e-06 -1.212501257928898e-06  1.881930489138427e-05  1.556324055683556e-05  1.319999889608355e+00  2.272590055861012e+00  1.801117220896487e-04 -2.207832894285389e-07 
 5.742500000000018e-05 -1.223650541411632e-06 -1.218063212025733e-06  1.888811264958562e-05  1.556339954033929e-05  1.319999889611257e+00  2.263590055884972e+00  1.801117700086508e-04 -2.207774860707445e-07 
 5.747500000000018e-05 -1.229316147086643e-06 -1.223676776869464e-06  1.895770626727328e-05  1.556357348379364e-05  1.319999889614332e+00  2.254590055908639e+00  1.801118173432315e-04 -2.207713367674558e-07 
 5.752500000000018e-05 -1.235035124508998e-06 -1.229342828894024e-06  1.902809835180955e-05  1.556376420054529e-05  1.319999889617588e+00  2.245590055931988e+00  1.801118640418764e-04 -2.207648237551041e-07 
 5.757500000000018e-05 -1.240808383761658e-06 -1.235062261245990e-06  1.909930178055911e-05  1.556397378693268e-05  1.319999889621044e+00  2.236590055955025e+00  1.801119101161319e-04 -2.207579128388204e-07 
 5.762500000000018e-05 -1.246636852290299e-06 -1.240835984134107e-06  1.917132970851421e-05  1.556420467601766e-05  1.319999889624715e+00  2.227590055977704e+00  1.801119554745156e-04 -2.207505693796463e-07 
 5.767500000000018e-05 -1.252521475515799e-06 -1.246664925264407e-06  1.924419557522202e-05  1.556445970013645e-05  1.319999889628616e+00  2.218590056000035e+00  1.801120001365675e-04 -2.207427685085861e-07 
 5.772500000000018e-05 -1.258463217265429e-06 -1.252550030290876e-06  1.931791311333815e-05  1.556474217222747e-05  1.319999889632764e+00  2.209590056021981e+00  1.801120440294568e-04 -2.207344711457893e-07 
 5.777500000000018e-05 -1.264463060144842e-06 -1.258492263237756e-06  1.939249635571175e-05  1.556505598391621e-05  1.319999889637180e+00  2.200590056043516e+00  1.801120870990047e-04 -2.207256408759406e-07 
 5.782500000000019e-05 -1.270522006039895e-06 -1.264492606947987e-06  1.946795964392880e-05  1.556540572070586e-05  1.319999889641882e+00  2.191590056064632e+00  1.801121293318886e-04 -2.207162355105652e-07 
 5.787500000000019e-05 -1.276641076600909e-06 -1.270552063551202e-06  1.954431763706462e-05  1.556579681921554e-05  1.319999889646893e+00  2.182590056085293e+00  1.801121706552777e-04 -2.207062141934557e-07 
 5.792500000000019e-05 -1.282821313801466e-06 -1.276671654971951e-06  1.962158531976591e-05  1.556623574802822e-05  1.319999889652226e+00  2.173590056105477e+00  1.801122110229869e-04 -2.206955485029027e-07 
 5.797500000000019e-05 -1.289063780390631e-06 -1.282852423423573e-06  1.969977801232528e-05  1.556673024077100e-05  1.319999889657905e+00  2.164590056125149e+00  1.801122503692909e-04 -2.206841891450040e-07 
 5.802500000000019e-05 -1.295369560321967e-06 -1.289095431873255e-06  1.977891137893178e-05  1.556728958202965e-05  1.319999889663944e+00  2.155590056144282e+00  1.801122886337936e-04 -2.206721125830313e-07 
 5.807500000000019e-05 -1.301739759504216e-06 -1.295401764615576e-06  1.985900143780994e-05  1.556792497785039e-05  1.319999889670355e+00  2.146590056162860e+00  1.801123257898496e-04 -2.206592903952753e-07 
 5.812500000000019e-05 -1.308175506170871e-06 -1.301772527786158e-06  1.994006457162370e-05  1.556865000843061e-05  1.319999889677144e+00  2.137590056180836e+00  1.801123617442002e-04 -2.206457119235949e-07 
 5.817500000000019e-05 -1.314677951551107e-06 -1.308208849926254e-06  2.002211753672501e-05  1.556948120720364e-05  1.319999889684314e+00  2.128590056198197e+00  1.801123964648710e-04 -2.206313722830089e-07 
 5.822500000000020e-05 -1.321248270411292e-06 -1.314711882548289e-06  2.010517747509423e-05  1.557043879361599e-05  1.319999889691844e+00  2.119590056214925e+00  1.801124299216639e-04 -2.206163118856352e-07 
 5.827500000000020e-05 -1.327887661726861e-06 -1.321282800744124e-06  2.018926192415979e-05  1.557154759504963e-05  1.319999889699706e+00  2.110590056230999e+00  1.801124620701700e-04 -2.206005875748929e-07 
 5.832500000000020e-05 -1.334597349237889e-06 -1.327922803780797e-06  2.027438882920292e-05  1.557283820712812e-05  1.319999889707846e+00  2.101590056246428e+00  1.801124929299291e-04 -2.205843077085490e-07 
 5.837500000000020e-05 -1.341378582135719e-06 -1.334633115730101e-06  2.036057655474851e-05  1.557434847548853e-05  1.319999889716181e+00  2.092590056261225e+00  1.801125225240341e-04 -2.205676383759680e-07 
 5.842500000000020e-05 -1.348232635668245e-06 -1.341414986095219e-06  2.044784389648772e-05  1.557612534795612e-05  1.319999889724589e+00  2.083590056275420e+00  1.801125509137691e-04 -2.205508229380371e-07 
 5.847500000000020e-05 -1.355160811901586e-06 -1.348269690490789e-06  2.053621009440235e-05  1.557822720117287e-05  1.319999889732907e+00  2.074590056289064e+00  1.801125782012747e-04 -2.205341869121469e-07 
 5.852500000000020e-05 -1.362164440396499e-06 -1.355198531332187e-06  2.062569484610077e-05  1.558072674647748e-05  1.319999889740914e+00  2.065590056302237e+00  1.801126045490875e-04 -2.205181730552397e-07 
 5.857500000000020e-05 -1.369244878910071e-06 -1.362202838531620e-06  2.071631831901197e-05  1.558371466809340e-05  1.319999889748328e+00  2.056590056315046e+00  1.801126301677058e-04 -2.205033449165228e-07 
 5.862500000000021e-05 -1.376403514239338e-06 -1.369283970254594e-06  2.080810116608858e-05  1.558730406010030e-05  1.319999889754796e+00  2.047590056327615e+00  1.801126553058197e-04 -2.204904072655722e-07 
 5.867500000000021e-05 -1.383641762733840e-06 -1.376443313590887e-06  2.090106453951428e-05  1.559163593968476e-05  1.319999889759898e+00  2.038590056340098e+00  1.801126802725150e-04 -2.204802038718867e-07 
 5.872500000000021e-05 -1.390961071499007e-06 -1.383682285421394e-06  2.099523010565349e-05  1.559688592583700e-05  1.319999889763123e+00  2.029590056352657e+00  1.801127053910889e-04 -2.204737534761136e-07 
 5.877500000000021e-05 -1.398362918801133e-06 -1.391002333139391e-06  2.109062006091320e-05  1.560327230682409e-05  1.319999889763890e+00  2.020590056365465e+00  1.801127310061545e-04 -2.204722191478936e-07 
 5.882500000000021e-05 -1.405848815230239e-06 -1.398404935519329e-06  2.118725714787090e-05  1.561106583375468e-05  1.319999889761523e+00  2.011590056378691e+00  1.801127574587724e-04 -2.204769531388706e-07 
 5.887500000000021e-05 -1.413420304434426e-06 -1.405891603561356e-06  2.128516467249016e-05  1.562060133693114e-05  1.319999889755260e+00  2.002590056392436e+00  1.801127849496709e-04 -2.204894795632129e-07 
 5.892500000000021e-05 -1.421078963999089e-06 -1.413463881344854e-06  2.138436652036679e-05  1.563229163313291e-05  1.319999889744229e+00  1.993590056406847e+00  1.801128137715047e-04 -2.205115428033366e-07 
 5.897500000000021e-05 -1.428826406377453e-06 -1.421123346914594e-06  2.148488717585931e-05  1.564664405812333e-05  1.319999889727426e+00  1.984590056421975e+00  1.801128440295230e-04 -2.205451479220244e-07 
 5.902500000000021e-05 -1.436664279987196e-06 -1.428871613257582e-06  2.158675174020277e-05  1.566427972915632e-05  1.319999889703684e+00  1.975590056437854e+00  1.801128757881187e-04 -2.205926321607876e-07 
 5.907500000000022e-05 -1.444594270044410e-06 -1.436710329240911e-06  2.168998595113846e-05  1.568595628624512e-05  1.319999889671630e+00  1.966590056454479e+00  1.801129090384102e-04 -2.206567395468539e-07 
 5.912500000000022e-05 -1.452618099580537e-06 -1.444641180573427e-06  2.179461620311510e-05  1.571259395214063e-05  1.319999889629629e+00  1.957590056471807e+00  1.801129436946880e-04 -2.207407421295215e-07 
 5.917500000000022e-05 -1.460737530645744e-06 -1.452665890868857e-06  2.190066956788657e-05  1.574530506086166e-05  1.319999889575720e+00  1.948590056489772e+00  1.801129796250578e-04 -2.208485594401566e-07 
 5.922500000000022e-05 -1.468954365211553e-06 -1.460786222665022e-06  2.200817381631052e-05  1.578542692397898e-05  1.319999889507547e+00  1.939590056508316e+00  1.801130167136122e-04 -2.209849068179892e-07 
 5.927500000000022e-05 -1.477270446426294e-06 -1.469003978528764e-06  2.211715744114464e-05  1.583455764121012e-05  1.319999889422288e+00  1.930590056527328e+00  1.801130547369745e-04 -2.211554233078061e-07 
 5.932500000000022e-05 -1.485687659744404e-06 -1.477321002187768e-06  2.222764968012821e-05  1.589459339262000e-05  1.319999889316579e+00  1.921590056546742e+00  1.801130935663586e-04 -2.213668421902071e-07 
 5.937500000000022e-05 -1.494207934059697e-06 -1.485739179668340e-06  2.233968053984328e-05  1.596776586031847e-05  1.319999889186434e+00  1.912590056566458e+00  1.801131329974837e-04 -2.216271317578844e-07 
 5.942500000000022e-05 -1.502833243056896e-06 -1.494260440519877e-06  2.245328082232280e-05  1.605667806472766e-05  1.319999889027180e+00  1.903590056586396e+00  1.801131728749183e-04 -2.219456400887054e-07 
 5.947500000000023e-05 -1.511565606361517e-06 -1.502886759026840e-06  2.256848214963112e-05  1.616433598655683e-05  1.319999888833392e+00  1.894590056606477e+00  1.801132130370142e-04 -2.223332158379776e-07 
 5.952500000000023e-05 -1.520407090949030e-06 -1.511620155497109e-06  2.268531699211391e-05  1.629417315684016e-05  1.319999888598848e+00  1.885590056626643e+00  1.801132533696403e-04 -2.228023037176285e-07 
 5.957500000000023e-05 -1.529359812474579e-06 -1.520462697582151e-06  2.280381869592906e-05  1.645006712584618e-05  1.319999888316493e+00  1.876590056646835e+00  1.801132937528926e-04 -2.233670133300336e-07 
 5.962500000000023e-05 -1.538425936722807e-06 -1.529416501655422e-06  2.292402151326289e-05  1.663634503559717e-05  1.319999887978435e+00  1.867590056666999e+00  1.801133340828542e-04 -2.240431298261569e-07 
 5.967500000000023e-05 -1.547607680919518e-06 -1.538483734175714e-06  2.304596063267858e-05  1.685777934450157e-05  1.319999887575951e+00  1.858590056687104e+00  1.801133742920236e-04 -2.248480974742506e-07 
 5.972500000000023e-05 -1.556907315516660e-06 -1.547666613216151e-06  2.316967220995979e-05  1.711957462660203e-05  1.319999887099512e+00  1.849590056707115e+00  1.801134143146754e-04 -2.258009756950230e-07 
 5.977500000000023e-05 -1.566327165391395e-06 -1.556967409894336e-06  2.329519340299609e-05  1.742734749913145e-05  1.319999886538832e+00  1.840590056727008e+00  1.801134541024041e-04 -2.269223364770312e-07 
 5.982500000000023e-05 -1.575869611808396e-06 -1.566388449995597e-06  2.342256240521671e-05  1.778710492777465e-05  1.319999885882912e+00  1.831590056746788e+00  1.801134936623150e-04 -2.282341768911067e-07 
 5.987500000000024e-05 -1.585537093789466e-06 -1.575932115533397e-06  2.355181848178690e-05  1.820522395683493e-05  1.319999885120099e+00  1.822590056766441e+00  1.801135329690950e-04 -2.297598027389824e-07 
 5.992500000000024e-05 -1.595332110013075e-06 -1.585600846432828e-06  2.368300200731191e-05  1.868843825580231e-05  1.319999884238118e+00  1.813590056785974e+00  1.801135720347347e-04 -2.315237632721789e-07 
 5.997500000000024e-05 -1.605257220559111e-06 -1.595397142263228e-06  2.381615450434195e-05  1.924383058334399e-05  1.319999883224107e+00  1.804590056805389e+00  1.801136108658952e-04 -2.335517854668012e-07 
 6.002500000000024e-05 -1.615315048632802e-06 -1.605323563977137e-06  2.395131868604556e-05  1.987884028350559e-05  1.319999882064621e+00  1.795590056824708e+00  1.801136495034328e-04 -2.358707575922381e-07 
 6.007500000000024e-05 -1.625508282714365e-06 -1.615382735814810e-06  2.408853849624040e-05  2.060127803237648e-05  1.319999880745626e+00  1.786590056843932e+00  1.801136879517884e-04 -2.385087487510873e-07 
 6.012500000000024e-05 -1.635839678270227e-06 -1.625577347164512e-06  2.422785915511001e-05  2.141935297583472e-05  1.319999879252468e+00  1.777590056863086e+00  1.801137262615882e-04 -2.414950635021285e-07 
 6.017500000000024e-05 -1.646312059946708e-06 -1.635910154547330e-06  2.436932720557640e-05  2.234170701366012e-05  1.319999877569831e+00  1.768590056882179e+00  1.801137644474871e-04 -2.448603377835923e-07 
 6.022500000000024e-05 -1.656928323591012e-06 -1.646383983641367e-06  2.451299056074177e-05  2.337745698131933e-05  1.319999875681678e+00  1.759590056901226e+00  1.801138025419036e-04 -2.486366441623034e-07 
 6.027500000000025e-05 -1.667691438554181e-06 -1.657001731425300e-06  2.465889855456618e-05  2.453623972638678e-05  1.319999873571184e+00  1.750590056920240e+00  1.801138405714831e-04 -2.528576317217812e-07 
 6.032500000000025e-05 -1.678604449786020e-06 -1.667766368326375e-06  2.480710199444921e-05  2.582826112843092e-05  1.319999871220665e+00  1.741590056939233e+00  1.801138785566536e-04 -2.575586699471444e-07 
 6.037500000000025e-05 -1.689670480298171e-06 -1.678680940495308e-06  2.495765321599715e-05  2.726434508549645e-05  1.319999868611512e+00  1.732590056958210e+00  1.801139165116261e-04 -2.627769752905351e-07 
 6.042500000000025e-05 -1.700892733608596e-06 -1.689748572174410e-06  2.511060614010192e-05  2.885598239700448e-05  1.319999865724105e+00  1.723590056977182e+00  1.801139544563846e-04 -2.685517910272495e-07 
 6.047500000000025e-05 -1.712274496160651e-06 -1.700972468104727e-06  2.526601633304462e-05  3.061537889576376e-05  1.319999862537753e+00  1.714590056996138e+00  1.801139923682804e-04 -2.749244947253260e-07 
 6.052500000000025e-05 -1.723819139931202e-06 -1.712355916021380e-06  2.542394106887657e-05  3.255550088667178e-05  1.319999859030621e+00  1.705590057015094e+00  1.801140302810644e-04 -2.819387590058398e-07 
 6.057500000000025e-05 -1.735530125202494e-06 -1.723902289277156e-06  2.558443939432904e-05  3.469012118077284e-05  1.319999855179663e+00  1.696590057034045e+00  1.801140681836344e-04 -2.896406732233459e-07 
 6.062500000000025e-05 -1.747411003284041e-06 -1.735615049531066e-06  2.574757219830041e-05  3.703386086835942e-05  1.319999850960571e+00  1.687590057052988e+00  1.801141060684408e-04 -2.980788589290739e-07 
 6.067500000000026e-05 -1.759465419405104e-06 -1.747497749531463e-06  2.591340228228940e-05  3.960222953417862e-05  1.319999846347712e+00  1.678590057071914e+00  1.801141439212728e-04 -3.073045768964278e-07 
 6.072500000000026e-05 -1.771697115769211e-06 -1.759554036026642e-06  2.608199443538690e-05  4.241166377170768e-05  1.319999841314079e+00  1.669590057090823e+00  1.801141817403540e-04 -3.173718412519122e-07 
 6.077500000000026e-05 -1.784109934571356e-06 -1.771787652743563e-06  2.625341551332164e-05  4.547956136202649e-05  1.319999835831247e+00  1.660590057109704e+00  1.801142195030359e-04 -3.283375060725291e-07 
 6.082500000000026e-05 -1.796707821342250e-06 -1.784202443526422e-06  2.642773452024147e-05  4.882431654769889e-05  1.319999829869335e+00  1.651590057128563e+00  1.801142572204206e-04 -3.402613302228019e-07 
 6.087500000000026e-05 -1.809494828117658e-06 -1.796802355519489e-06  2.660502269383305e-05  5.246534882019874e-05  1.319999823396965e+00  1.642590057147384e+00  1.801142948627543e-04 -3.532060697253314e-07 
 6.092500000000026e-05 -1.822475117082921e-06 -1.809591442543475e-06  2.678535359700525e-05  5.642313181739091e-05  1.319999816381241e+00  1.633590057166158e+00  1.801143324127175e-04 -3.672375181729137e-07 
 6.097500000000026e-05 -1.835652963971587e-06 -1.822573868519517e-06  2.696880321038417e-05  6.071921668829231e-05  1.319999808787728e+00  1.624590057184873e+00  1.801143698423324e-04 -3.824245440320340e-07 
 6.102500000000026e-05 -1.849032761936951e-06 -1.835753911081699e-06  2.715545003349162e-05  6.537625458184842e-05  1.319999800580425e+00  1.615590057203537e+00  1.801144071706950e-04 -3.988391505949096e-07 
 6.107500000000026e-05 -1.862619025342979e-06 -1.849135965298647e-06  2.734537518689171e-05  7.041801255142584e-05  1.319999791721774e+00  1.606590057222128e+00  1.801144443525082e-04 -4.165564524427623e-07 
 6.112500000000027e-05 -1.876416393762454e-06 -1.862724547527560e-06  2.753866252204971e-05  7.586939285048351e-05  1.319999782172631e+00  1.597590057240648e+00  1.801144813931010e-04 -4.356547389505749e-07 
 6.117500000000027e-05 -1.890429636196029e-06 -1.876524299440730e-06  2.773539873564526e-05  8.175643756557754e-05  1.319999771892302e+00  1.588590057259086e+00  1.801145182707131e-04 -4.562153956833015e-07 
 6.122500000000027e-05 -1.904663655229188e-06 -1.890539992138747e-06  2.793567348945163e-05  8.810633908611516e-05  1.319999760838528e+00  1.579590057277436e+00  1.801145549698013e-04 -4.783229439198067e-07 
 6.127500000000027e-05 -1.919123491719895e-06 -1.904776530510810e-06  2.813957953770163e-05  9.494744484970830e-05  1.319999748967514e+00  1.570590057295690e+00  1.801145914783753e-04 -5.020649718190384e-07 
 6.132500000000027e-05 -1.933814329216658e-06 -1.919238957667562e-06  2.834721285850508e-05  1.023092564969537e-04  1.319999736233948e+00  1.561590057313838e+00  1.801146277746746e-04 -5.275321037778724e-07 
 6.137500000000027e-05 -1.948741498921619e-06 -1.933932459600535e-06  2.855867279411536e-05  1.102224209638500e-04  1.319999722591040e+00  1.552590057331885e+00  1.801146638706896e-04 -5.548179209391435e-07 
 6.142500000000027e-05 -1.963910484647415e-06 -1.948862370005882e-06  2.877406219770729e-05  1.187187266115101e-04  1.319999707990552e+00  1.543590057349815e+00  1.801146997295611e-04 -5.840188954664427e-07 
 6.147500000000027e-05 -1.979326927947756e-06 -1.964034175263701e-06  2.899348758802150e-05  1.278310842448744e-04  1.319999692382853e+00  1.534590057367624e+00  1.801147353481802e-04 -6.152342946208478e-07 
 6.152500000000028e-05 -1.994996633572689e-06 -1.979453519638860e-06  2.921705931139141e-05  1.375935148922326e-04  1.319999675716958e+00  1.525590057385310e+00  1.801147707216622e-04 -6.485660843935648e-07 
 6.157500000000028e-05 -2.010925575041947e-06 -1.995126210675127e-06  2.944489171358754e-05  1.480411235429461e-04  1.319999657940605e+00  1.516590057402863e+00  1.801148058282465e-04 -6.841187891737377e-07 
 6.162500000000028e-05 -2.027119900455219e-06 -2.011058224794417e-06  2.967710332018704e-05  1.592100742556457e-04  1.319999639000309e+00  1.507590057420280e+00  1.801148406621600e-04 -7.219993816143244e-07 
 6.167500000000028e-05 -2.043585938479601e-06 -2.027255713092348e-06  2.991381702704104e-05  1.711375556278802e-04  1.319999618841438e+00  1.498590057437555e+00  1.801148752127446e-04 -7.623171232040704e-07 
 6.172500000000028e-05 -2.060330204623726e-06 -2.043725007364486e-06  3.015516029936207e-05  1.838617412231633e-04  1.319999597408316e+00  1.489590057454683e+00  1.801149094680099e-04 -8.051833688682564e-07 
 6.177500000000028e-05 -2.077359407774809e-06 -2.060472626383043e-06  3.040126538635988e-05  1.974217535221003e-04  1.319999574644280e+00  1.480590057471656e+00  1.801149434141891e-04 -8.507114408473626e-07 
 6.182500000000028e-05 -2.094680456928458e-06 -2.077505282404920e-06  3.065226954119552e-05  2.118576093344091e-04  1.319999550491809e+00  1.471590057488471e+00  1.801149770463972e-04 -8.990163817834684e-07 
 6.187500000000028e-05 -2.112300468207887e-06 -2.094829887930483e-06  3.090831525925027e-05  2.272101713161726e-04  1.319999524892604e+00  1.462590057505124e+00  1.801150103526439e-04 -9.502147912954229e-07 
 6.192500000000029e-05 -2.130226772085778e-06 -2.112453562697713e-06  3.116955052653588e-05  2.435210882529624e-04  1.319999497787723e+00  1.453590057521609e+00  1.801150433227150e-04 -1.004424553752159e-06 
 6.197500000000029e-05 -2.148466921069687e-06 -2.130383640999949e-06  3.143612908247992e-05  2.608327394929700e-04  1.319999469117674e+00  1.444590057537918e+00  1.801150759410675e-04 -1.061764653087494e-06 
 6.202500000000029e-05 -2.167028697485097e-06 -2.148627679254456e-06  3.170821069964231e-05  2.791881575348592e-04  1.319999438822551e+00  1.435590057554046e+00  1.801151081979313e-04 -1.122354897908906e-06 
 6.207500000000029e-05 -2.185920121622320e-06 -2.167193463852503e-06  3.198596147707644e-05  2.986309651660821e-04  1.319999406842173e+00  1.426590057569993e+00  1.801151400910861e-04 -1.186315655044012e-06 
 6.212500000000029e-05 -2.205149460353148e-06 -2.186089019372370e-06  3.226955415427090e-05  3.192052932176184e-04  1.319999373116203e+00  1.417590057585747e+00  1.801151716005478e-04 -1.253767594633359e-06 
 6.217500000000029e-05 -2.224725235737226e-06 -2.205322617022286e-06  3.255916843796924e-05  3.409557085208815e-04  1.319999337584292e+00  1.408590057601306e+00  1.801152027192110e-04 -1.324831416127381e-06 
 6.222500000000029e-05 -2.244656234455517e-06 -2.224902783525561e-06  3.285499135622295e-05  3.639271215643967e-04  1.319999300186233e+00  1.399590057616664e+00  1.801152334368616e-04 -1.399627534315329e-06 
 6.227500000000029e-05 -2.264951517016807e-06 -2.244838310222715e-06  3.315721762655840e-05  3.881647031093223e-04  1.319999260862097e+00  1.390590057631813e+00  1.801152637330716e-04 -1.478275806210405e-06 
 6.232500000000030e-05 -2.285620427946685e-06 -2.265138262651734e-06  3.346605005102877e-05  4.137138064033161e-04  1.319999219552373e+00  1.381590057646753e+00  1.801152936153905e-04 -1.560895253938099e-06 
 6.237500000000030e-05 -2.306672605843581e-06 -2.285811990414276e-06  3.378169993337242e-05  4.406198618866018e-04  1.319999176198133e+00  1.372590057661469e+00  1.801153230478469e-04 -1.647603734333813e-06 
 6.242500000000030e-05 -2.328117994188132e-06 -2.306869137476327e-06  3.410438752318644e-05  4.689282968799761e-04  1.319999130741164e+00  1.363590057675959e+00  1.801153520264442e-04 -1.738517672489337e-06 
 6.247500000000030e-05 -2.349966852335756e-06 -2.328319652832509e-06  3.443434248624089e-05  4.986844433840513e-04  1.319999083124114e+00  1.354590057690220e+00  1.801153805494060e-04 -1.833751772650771e-06 
 6.252500000000030e-05 -2.372229767166621e-06 -2.350173801637391e-06  3.477180440706914e-05  5.299334417462422e-04  1.319999033290649e+00  1.345590057704239e+00  1.801154085874224e-04 -1.933418702471101e-06 
 6.257500000000030e-05 -2.394917664934321e-06 -2.372442176717139e-06  3.511702332048968e-05  5.627201592372453e-04  1.319998981185565e+00  1.336590057718015e+00  1.801154361396051e-04 -2.037628870521502e-06 
 6.262500000000030e-05 -2.418041823743080e-06 -2.395135710543465e-06  3.547026028028348e-05  5.970891060509034e-04  1.319998926754929e+00  1.327590057731532e+00  1.801154631744240e-04 -2.146490142962421e-06 
 6.267500000000030e-05 -2.441613886516029e-06 -2.418265687697756e-06  3.583178796182275e-05  6.330843460965634e-04  1.319998869946206e+00  1.318590057744790e+00  1.801154896914348e-04 -2.260107588192284e-06 
 6.272500000000030e-05 -2.465645874362278e-06 -2.441843757794423e-06  3.620189130776586e-05  6.707493700034543e-04  1.319998810708441e+00  1.309590057757781e+00  1.801155156733181e-04 -2.378583118911592e-06 
 6.277500000000031e-05 -2.490150200428902e-06 -2.465881948867548e-06  3.658086821361632e-05  7.101271074072628e-04  1.319998748992248e+00  1.300590057770493e+00  1.801155410978694e-04 -2.502015503669242e-06 
 6.282500000000031e-05 -2.515139684561890e-06 -2.490392681359909e-06  3.696903026006475e-05  7.512597800230645e-04  1.319998684750002e+00  1.291590057782922e+00  1.801155659570952e-04 -2.630499995159852e-06 
 6.287500000000031e-05 -2.540627568118050e-06 -2.515388782561638e-06  3.736670349652572e-05  7.941888530362777e-04  1.319998617935922e+00  1.282590057795051e+00  1.801155902150242e-04 -2.764128156584889e-06 
 6.292500000000031e-05 -2.566627529655086e-06 -2.540883501639363e-06  3.777422927561445e-05  8.389549780315049e-04  1.319998548506126e+00  1.273590057806882e+00  1.801156138760973e-04 -2.902987747521735e-06 
 6.297500000000031e-05 -2.593153701064077e-06 -2.566890525224793e-06  3.819196514761917e-05  8.855979297574815e-04  1.319998476418723e+00  1.264590057818399e+00  1.801156369110046e-04 -3.047162554281613e-06 
 6.302500000000031e-05 -2.620220684378986e-06 -2.593423993603556e-06  3.862028581547701e-05  9.341565523110840e-04  1.319998401633871e+00  1.255590057829591e+00  1.801156592957653e-04 -3.196732257126911e-06 
 6.307500000000031e-05 -2.647843569145747e-06 -2.620498517496185e-06  3.905958415987184e-05  9.846686935946244e-04  1.319998324113863e+00  1.246590057840447e+00  1.801156810086191e-04 -3.351772274839959e-06 
 6.312500000000031e-05 -2.676037950406570e-06 -2.648129195438865e-06  3.951027233565722e-05  1.037171198775419e-03  1.319998243823100e+00  1.237590057850961e+00  1.801157020366873e-04 -3.512353799361989e-06 
 6.317500000000032e-05 -2.704819947507359e-06 -2.676331631854798e-06  3.997278294567581e-05  1.091699851567902e-03  1.319998160728187e+00  1.228590057861118e+00  1.801157223515482e-04 -3.678543625706965e-06 
 6.322500000000032e-05 -2.734206223353435e-06 -2.705121955737440e-06  4.044757030586201e-05  1.148289331552795e-03  1.319998074797949e+00  1.219590057870903e+00  1.801157419216715e-04 -3.850404102223592e-06 
 6.327500000000032e-05 -2.764214004539922e-06 -2.734516840034961e-06  4.093511179720929e-05  1.206973223838041e-03  1.319997986003402e+00  1.210590057880306e+00  1.801157607279613e-04 -4.027993196764612e-06 
 6.332500000000032e-05 -2.794861102105772e-06 -2.764533521722790e-06  4.143590932426902e-05  1.267783970789591e-03  1.319997894317804e+00  1.201590057889315e+00  1.801157787477692e-04 -4.211364391437655e-06 
 6.337500000000032e-05 -2.826165932897729e-06 -2.795189822530331e-06  4.195049088069287e-05  1.330752910156108e-03  1.319997799716569e+00  1.192590057897916e+00  1.801157959500088e-04 -4.400566861129107e-06 
 6.342500000000032e-05 -2.858147541958081e-06 -2.826504170462939e-06  4.247941223370472e-05  1.395910191972082e-03  1.319997702177371e+00  1.183590057906095e+00  1.801158123062585e-04 -4.595645257232661e-06 
 6.347500000000032e-05 -2.890825625348505e-06 -2.858495622003687e-06  4.302325874233256e-05  1.463284864704005e-03  1.319997601679985e+00  1.174590057913830e+00  1.801158277783266e-04 -4.796640029613997e-06 
 6.352500000000032e-05 -2.924220553877300e-06 -2.891183885061282e-06  4.358264731387080e-05  1.532904758345818e-03  1.319997498206441e+00  1.165590057921112e+00  1.801158423435645e-04 -5.003587118412867e-06 
 6.357500000000033e-05 -2.958353397495669e-06 -2.924589342646556e-06  4.415822852033927e-05  1.604796634504562e-03  1.319997391740775e+00  1.156590057927922e+00  1.801158559628924e-04 -5.216518449202567e-06 
 6.362500000000033e-05 -2.993245950614330e-06 -2.958733077350721e-06  4.475068887715178e-05  1.678986118890484e-03  1.319997282269095e+00  1.147590057934244e+00  1.801158686078885e-04 -5.435461809977227e-06 
 6.367500000000033e-05 -3.028920757907729e-06 -2.993636896514357e-06  4.536075331446213e-05  1.755497695999393e-03  1.319997169779582e+00  1.138590057940052e+00  1.801158802248182e-04 -5.660440836052771e-06 
 6.372500000000033e-05 -3.065401141140865e-06 -3.029323358197688e-06  4.598918784498600e-05  1.834354721965412e-03  1.319997054262428e+00  1.129590057945335e+00  1.801158907901446e-04 -5.891475145070046e-06 
 6.377500000000033e-05 -3.102711226481990e-06 -3.065815797848075e-06  4.663680246177661e-05  1.915579575683511e-03  1.319996935709603e+00  1.120590057950064e+00  1.801159002501329e-04 -6.128580793962612e-06 
 6.382500000000033e-05 -3.140875972768335e-06 -3.103138355746257e-06  4.730445426783351e-05  1.999193563791368e-03  1.319996814114964e+00  1.111590057954223e+00  1.801159085688120e-04 -6.371770071567084e-06 
 6.387500000000033e-05 -3.179921200230305e-06 -3.141316005119513e-06  4.799305088397349e-05  2.085216930206235e-03  1.319996689474223e+00  1.102590057957788e+00  1.801159156991083e-04 -6.621051554578372e-06 
 6.392500000000033e-05 -3.219873620082780e-06 -3.180374580979471e-06  4.870355414735064e-05  2.173668988338471e-03  1.319996561784727e+00  1.093590057960733e+00  1.801159215886194e-04 -6.876430546309820e-06 
 6.397500000000034e-05 -3.260760864571156e-06 -3.220340809588137e-06  4.943698412994100e-05  2.264568021077079e-03  1.319996431045586e+00  1.084590057963033e+00  1.801159261880514e-04 -7.137908827559158e-06 
 6.402500000000034e-05 -3.302611517724062e-06 -3.261242338564240e-06  5.019442352023459e-05  2.357931449217010e-03  1.319996297257408e+00  1.075590057964660e+00  1.801159294445576e-04 -7.405485183742400e-06 
 6.407500000000034e-05 -3.345455146482436e-06 -3.303107767526740e-06  5.097702239344705e-05  2.453775807811433e-03  1.319996160422308e+00  1.066590057965585e+00  1.801159312928569e-04 -7.679155383577552e-06 
 6.412500000000034e-05 -3.389322332380342e-06 -3.345966679260680e-06  5.178600341362731e-05  2.552116697938367e-03  1.319996020543963e+00  1.057590057965778e+00  1.801159316796586e-04 -7.958912073391389e-06 
 6.417500000000034e-05 -3.434244703410632e-06 -3.389849671267449e-06  5.262266752998651e-05  2.652968934082709e-03  1.319995877627382e+00  1.048590057965206e+00  1.801159305374611e-04 -8.244745235419515e-06 
 6.422500000000034e-05 -3.480254966292125e-06 -3.434788387678674e-06  5.348840018884726e-05  2.756346581125071e-03  1.319995731678838e+00  1.039590057963839e+00  1.801159278032038e-04 -8.536642324141752e-06 
 6.427500000000034e-05 -3.527386938637824e-06 -3.480815551344579e-06  5.438467814401407e-05  2.862262856892135e-03  1.319995582705977e+00  1.030590057961634e+00  1.801159233938421e-04 -8.834588045125713e-06 
 6.432500000000034e-05 -3.575675581298564e-06 -3.527964996059355e-06  5.531307692733166e-05  2.970730333626030e-03  1.319995430717531e+00  1.021590057958558e+00  1.801159172423183e-04 -9.138564938115934e-06 
 6.437500000000035e-05 -3.625157030178323e-06 -3.576271698649897e-06  5.627527903713307e-05  3.081760870833937e-03  1.319995275723391e+00  1.012590057954566e+00  1.801159092589266e-04 -9.448553217161759e-06 
 6.442500000000035e-05 -3.675868627866881e-06 -3.625771810854799e-06  5.727308295004400e-05  3.195365727025579e-03  1.319995117734438e+00  1.003590057949620e+00  1.801158993663954e-04 -9.764531123668263e-06 
 6.447500000000035e-05 -3.727848954419540e-06 -3.676502690721676e-06  5.830841302543620e-05  3.311555435761550e-03  1.319994956762697e+00  9.945900579436697e-01  1.801158874665809e-04 -1.008647460709611e-05 
 6.452500000000035e-05 -3.781137857255176e-06 -3.728502933308452e-06  5.938333044001356e-05  3.430340050144662e-03  1.319994792820986e+00  9.855900579366735e-01  1.801158734748842e-04 -1.041435802795476e-05 
 6.457500000000035e-05 -3.835776479744387e-06 -3.781812400400181e-06  6.050004523082624e-05  3.551729042458901e-03  1.319994625923050e+00  9.765900579285718e-01  1.801158572711792e-04 -1.074815389978667e-05 
 6.462500000000035e-05 -3.891807288086444e-06 -3.836472248893032e-06  6.166092962368481e-05  3.675731337540494e-03  1.319994456083491e+00  9.675900579193104e-01  1.801158387491064e-04 -1.108783301795313e-05 
 6.467500000000035e-05 -3.949274096208362e-06 -3.892524957517734e-06  6.286853277647818e-05  3.802355409265042e-03  1.319994283317630e+00  9.585900579088354e-01  1.801158177998641e-04 -1.143336473985457e-05 
 6.472500000000035e-05 -4.008222088088472e-06 -3.950014351470969e-06  6.412559712289871e-05  3.931609315932564e-03  1.319994107641452e+00  9.495900578970835e-01  1.801157942957765e-04 -1.178471709639695e-05 
 6.477500000000035e-05 -4.068697836847690e-06 -4.008985624412305e-06  6.543507650953029e-05  4.063500585646452e-03  1.319993929071743e+00  9.405900578839859e-01  1.801157681011745e-04 -1.214185651488009e-05 
 6.482500000000036e-05 -4.130749320300147e-06 -4.069485357355709e-06  6.680015638013643e-05  4.198036360057817e-03  1.319993747625899e+00  9.315900578694740e-01  1.801157390781682e-04 -1.250474820269076e-05 
 6.487500000000036e-05 -4.194425931969945e-06 -4.131561533790085e-06  6.822427623916262e-05  4.335223495486860e-03  1.319993563321767e+00  9.225900578534704e-01  1.801157070715487e-04 -1.287335646527055e-05 
 6.492500000000036e-05 -4.259778486771318e-06 -4.195263550269454e-06  6.971115471065860e-05  4.475068422637994e-03  1.319993376177837e+00  9.135900578358945e-01  1.801156719196673e-04 -1.324764432597547e-05 
 6.497500000000036e-05 -4.326859220783280e-06 -4.260642221770859e-06  7.126481756215001e-05  4.617577334925686e-03  1.319993186212975e+00  9.045900578166612e-01  1.801156334537701e-04 -1.362757404921311e-05 
 6.502500000000036e-05 -4.395721783546710e-06 -4.327749780781480e-06  7.288962904827099e-05  4.762756076948425e-03  1.319992993446574e+00  8.955900577956767e-01  1.801155914853414e-04 -1.401310685222867e-05 
 6.507500000000036e-05 -4.466421222256369e-06 -4.396639869173560e-06  7.459032708872496e-05  4.910610221843823e-03  1.319992797898429e+00  8.865900577728426e-01  1.801155458169834e-04 -1.440420314180457e-05 
 6.512500000000036e-05 -4.539013956131246e-06 -4.467367521635049e-06  7.637206278353787e-05  5.061145144537503e-03  1.319992599588655e+00  8.775900577480530e-01  1.801154962384199e-04 -1.480082269011973e-05 
 6.517500000000036e-05 -4.613557739751293e-06 -4.539989139373845e-06  7.824044489110465e-05  5.214365989024802e-03  1.319992398537713e+00  8.685900577211905e-01  1.801154425140616e-04 -1.520292457346528e-05 
 6.522500000000037e-05 -4.690111613585112e-06 -4.614562452606111e-06  8.020159001024704e-05  5.370277578491842e-03  1.319992194766523e+00  8.595900576921383e-01  1.801153844094294e-04 -1.561046695330859e-05 
 6.527500000000037e-05 -4.768735839864768e-06 -4.691146470156028e-06  8.226217930301435e-05  5.528884621554778e-03  1.319991988296192e+00  8.505900576607610e-01  1.801153216556273e-04 -1.602340761541754e-05 
 6.532500000000037e-05 -4.849491821749404e-06 -4.769801414303361e-06  8.442952272550120e-05  5.690191717273255e-03  1.319991779148010e+00  8.415900576269161e-01  1.801152539664397e-04 -1.644170398007461e-05 
 6.537500000000037e-05 -4.932442003448422e-06 -4.850588638790853e-06  8.671163193864660e-05  5.854203309875060e-03  1.319991567343491e+00  8.325900575904559e-01  1.801151810467694e-04 -1.686531301725580e-05 
 6.542500000000037e-05 -5.017649748760664e-06 -4.933570527676275e-06  8.911730325320438e-05  6.020923702104833e-03  1.319991352904376e+00  8.235900575512118e-01  1.801151025593306e-04 -1.729419124751885e-05 
 6.547500000000037e-05 -5.105179195015908e-06 -5.018810372389213e-06  9.165621218787509e-05  6.190356967482179e-03  1.319991135852713e+00  8.145900575090087e-01  1.801150181537370e-04 -1.772829457369340e-05 
 6.552500000000037e-05 -5.195095079413533e-06 -5.106372224141529e-06  9.433902154228099e-05  6.362507226330103e-03  1.319990916210530e+00  8.055900574636564e-01  1.801149274498481e-04 -1.816757893946530e-05 
 6.557500000000037e-05 -5.287462534062705e-06 -5.196320718460463e-06  9.717750516310415e-05  6.537378493941868e-03  1.319990694000014e+00  7.965900574149478e-01  1.801148300324407e-04 -1.861199997188479e-05 
 6.562500000000038e-05 -5.382346845914711e-06 -5.288720868305950e-06  1.001846900918499e-04  6.714974628996826e-03  1.319990469243568e+00  7.875900573626584e-01  1.801147254543167e-04 -1.906151286368285e-05 
 6.567500000000038e-05 -5.479813177275048e-06 -5.383637821862687e-06  1.033750201906321e-04  6.895299556296881e-03  1.319990241963544e+00  7.785900573065521e-01  1.801146132422993e-04 -1.951607291150737e-05 
 6.572500000000038e-05 -5.579926242265418e-06 -5.481136580735127e-06  1.067645449805233e-04  7.078357157607609e-03  1.319990012182367e+00  7.695900572463623e-01  1.801144928625931e-04 -1.997563526590085e-05 
 6.577500000000038e-05 -5.682749934071383e-06 -5.581281673844117e-06  1.103711381642062e-04  7.264151184021781e-03  1.319989779922657e+00  7.605900571818078e-01  1.801143637543134e-04 -2.044015468660731e-05 
 6.582500000000038e-05 -5.788346897429618e-06 -5.684136781900115e-06  1.142147511987371e-04  7.452685412276382e-03  1.319989545207014e+00  7.515900571125845e-01  1.801142253083921e-04 -2.090958597200654e-05 
 6.587500000000038e-05 -5.896778040770258e-06 -5.789764307059372e-06  1.183177083141633e-04  7.643963572662708e-03  1.319989308058132e+00  7.425900570383647e-01  1.801140768684650e-04 -2.138388373662536e-05 
 6.592500000000038e-05 -6.008101981378868e-06 -5.898224881819022e-06  1.227050507612701e-04  7.837989450274039e-03  1.319989068498650e+00  7.335900569587812e-01  1.801139177022293e-04 -2.186300269935160e-05 
 6.597500000000038e-05 -6.122374417219830e-06 -6.009576810931275e-06  1.274049396334591e-04  8.034766826074919e-03  1.319988826551244e+00  7.245900568734452e-01  1.801137470309744e-04 -2.234689751245966e-05 
 6.602500000000039e-05 -6.239647418915569e-06 -6.123875439947444e-06  1.324491286788114e-04  8.234299539019829e-03  1.319988582238535e+00  7.155900567819418e-01  1.801135640246976e-04 -2.283552292947633e-05 
 6.607500000000039e-05 -6.359968634712835e-06 -6.241172443656834e-06  1.378735208402231e-04  8.436591451559229e-03  1.319988335583145e+00  7.065900566838037e-01  1.801133677483691e-04 -2.332883371103378e-05 
 6.612500000000039e-05 -6.483380402345283e-06 -6.361515027874092e-06  1.437188254422582e-04  8.641646451544541e-03  1.319988086607694e+00  6.975900565785398e-01  1.801131572212178e-04 -2.382678461243515e-05 
 6.617500000000039e-05 -6.609918761439084e-06 -6.484945038143540e-06  1.500313365775112e-04  8.849468481834754e-03  1.319987835334758e+00  6.885900564656106e-01  1.801129313634409e-04 -2.432933048313046e-05 
 6.622500000000039e-05 -6.739612361733347e-06 -6.611497969633354e-06  1.568638579163868e-04  9.060061538658801e-03  1.319987581786876e+00  6.795900563444386e-01  1.801126890192961e-04 -2.483642624850901e-05 
 6.627500000000039e-05 -6.872481263462382e-06 -6.741201873462927e-06  1.642768049833756e-04  9.273429662124695e-03  1.319987325986567e+00  6.705900562143897e-01  1.801124289222411e-04 -2.534802686637860e-05 
 6.632500000000039e-05 -7.008535628889615e-06 -6.874076156399517e-06  1.723395230738626e-04  9.489576882729677e-03  1.319987067956379e+00  6.615900560747945e-01  1.801121497324587e-04 -2.586408724303269e-05 
 6.637500000000039e-05 -7.147774307272249e-06 -7.010130273335927e-06  1.811318679833975e-04  9.708507469672813e-03  1.319986807718616e+00  6.525900559249245e-01  1.801118499922261e-04 -2.638456276882195e-05 
 6.642500000000039e-05 -7.290183320565027e-06 -7.149362315614849e-06  1.907461077804357e-04  9.930225626854089e-03  1.319986545295685e+00  6.435900557640045e-01  1.801115281530041e-04 -2.690940862937197e-05 
 6.647500000000040e-05 -7.435734263109122e-06 -7.291757503068344e-06  2.012892180316959e-04  1.015473579106849e-02  1.319986280709755e+00  6.345900555912060e-01  1.801111825565638e-04 -2.743858049036874e-05 
 6.652500000000040e-05 -7.584382637832437e-06 -7.437286594464680e-06  2.128856599451860e-04  1.038204242856758e-02  1.319986013982982e+00  6.255900554056579e-01  1.801108114611871e-04 -2.797203403703818e-05 
 6.657500000000040e-05 -7.736066162111605e-06 -7.585904239802717e-06  2.256807528071676e-04  1.061214997214778e-02  1.319985745137599e+00  6.165900552064413e-01  1.801104130276787e-04 -2.850972480139546e-05 
 6.662500000000040e-05 -7.890703090976153e-06 -7.737547309339700e-06  2.398447791163871e-04  1.084506312690754e-02  1.319985474195558e+00  6.075900549926048e-01  1.801099853553367e-04 -2.905160888388991e-05 
 6.667500000000040e-05 -8.048190622874800e-06 -7.892133248661137e-06  2.555779938722131e-04  1.108078667712078e-02  1.319985201178742e+00  5.985900547631708e-01  1.801095264881702e-04 -2.959764251597718e-05 
 6.672500000000040e-05 -8.208403473978762e-06 -8.049558526652474e-06  2.731167514134214e-04  1.131932547955797e-02  1.319984926108993e+00  5.895900545171657e-01  1.801090344777379e-04 -3.014778201348989e-05 
 6.677500000000040e-05 -8.371192732106640e-06 -8.209697264432408e-06  2.927410137753020e-04  1.156068448965916e-02  1.319984649008055e+00  5.805900542536271e-01  1.801085074011333e-04 -3.070198388988032e-05 
 6.682500000000040e-05 -8.536385126673609e-06 -8.372400156884876e-06  3.147835667200951e-04  1.180486876947639e-02  1.319984369897599e+00  5.715900539716504e-01  1.801079434484709e-04 -3.126020480115344e-05 
 6.687500000000041e-05 -8.703782879053253e-06 -8.537493824242721e-06  3.396413449453998e-04  1.205188354843480e-02  1.319984088799112e+00  5.625900536704264e-01  1.801073410001575e-04 -3.182240177679319e-05 
 6.692500000000041e-05 -8.873164319556322e-06 -8.704780755839731e-06  3.677893582668840e-04  1.230173406339216e-02  1.319983805734100e+00  5.535900533492946e-01  1.801066987372479e-04 -3.238853179921009e-05 
 6.697500000000041e-05 -9.044285471403308e-06 -8.874040028384563e-06  3.997978169681987e-04  1.255442568034161e-02  1.319983520723946e+00  5.445900530078114e-01  1.801060157715639e-04 -3.295855210749821e-05 
 6.702500000000041e-05 -9.216882798206167e-06 -9.045028990822171e-06  4.363531788854046e-04  1.280996400506709e-02  1.319983233789768e+00  5.355900526458188e-01  1.801052917871360e-04 -3.353242046477689e-05 
 6.707500000000041e-05 -9.390677279962788e-06 -9.217486098965940e-06  4.782839824307380e-04  1.306835461285794e-02  1.319982944952713e+00  5.265900522635325e-01  1.801045272151747e-04 -3.411009457510161e-05 
 6.712500000000041e-05 -9.565379913282495e-06 -9.391135046321316e-06  5.265924896408663e-04  1.332960323594475e-02  1.319982654233749e+00  5.175900518616358e-01  1.801037234223646e-04 -3.469153250268420e-05 
 6.717500000000041e-05 -9.740698615959880e-06 -9.565690263647817e-06  5.824933384169648e-04  1.359371557346804e-02  1.319982361653849e+00  5.085900514413437e-01  1.801028828389839e-04 -3.527669230285468e-05 
 6.722500000000041e-05 -9.916346351231235e-06 -9.740863742146486e-06  6.474605942175385e-04  1.386069765338616e-02  1.319982067233575e+00  4.995900510044869e-01  1.801020091251049e-04 -3.586553285073180e-05 
 6.727500000000042e-05 -1.009205008453660e-05 -9.916372974802266e-06  7.232847984260070e-04  1.413055547301745e-02  1.319981770993456e+00  4.905900505535405e-01  1.801011072330994e-04 -3.645801308760355e-05 
 6.732500000000042e-05 -1.026755997248821e-05 -1.009194962040780e-05  8.121418383987449e-04  1.440329519872077e-02  1.319981472953728e+00  4.815900500916259e-01  1.801001834045302e-04 -3.705409254495251e-05 
 6.737500000000042e-05 -1.044265800397411e-05 -1.026734830295543e-05  9.166757266100994e-04  1.467892281608394e-02  1.319981173134689e+00  4.725900496224427e-01  1.800992450379235e-04 -3.765373062236677e-05 
 6.742500000000042e-05 -1.061716522475813e-05 -1.044235480818604e-05  1.040097695370959e-03  1.495744438641047e-02  1.319980871556355e+00  4.635900491501496e-01  1.800983004522916e-04 -3.825688729097720e-05 
 6.747500000000042e-05 -1.079094672948543e-05 -1.061679287775192e-05  1.186304429079345e-03  1.523886602145979e-02  1.319980568238450e+00  4.545900486791887e-01  1.800973585311949e-04 -3.886352310100705e-05 
 6.752500000000042e-05 -1.096391382152756e-05 -1.079052886917535e-05  1.360018809191038e-03  1.552319398010010e-02  1.319980263200208e+00  4.455900482140477e-01  1.800964282490103e-04 -3.947359958367258e-05 
 6.757500000000042e-05 -1.113213328289118e-05 -1.096191783294637e-05  1.585799859751704e-03  1.581236334981280e-02  1.319979955143249e+00  4.365900474458179e-01  1.800948917901612e-04 -4.008971350177859e-05 
 6.762500000000042e-05 -1.130130633367784e-05 -1.113195102599316e-05  1.839860093218342e-03  1.610244165778565e-02  1.319979646781420e+00  4.275900469782353e-01  1.800939566255488e-04 -4.070643716014288e-05 
 6.767500000000043e-05 -1.146983447628669e-05 -1.130111104471993e-05  2.140605756508231e-03  1.639543385680933e-02  1.319979336810949e+00  4.185900465730683e-01  1.800931462921929e-04 -4.132637810227990e-05 
 6.772500000000043e-05 -1.163774955038270e-05 -1.146959845073040e-05  2.500994052835858e-03  1.669135185317169e-02  1.319979025189560e+00  4.095900461899361e-01  1.800923800276966e-04 -4.194962087966658e-05 
 6.777500000000043e-05 -1.180516511472660e-05 -1.163752259753097e-05  2.933484779133539e-03  1.699020192305224e-02  1.319978711938186e+00  4.005900458278209e-01  1.800916557979093e-04 -4.257612362756902e-05 
 6.782500000000043e-05 -1.197218744790277e-05 -1.180497336703981e-05  3.452801984242127e-03  1.729198902876161e-02  1.319978397072938e+00  3.915900454884167e-01  1.800909769903436e-04 -4.320585412420641e-05 
 6.787500000000043e-05 -1.213890977486325e-05 -1.197203808407095e-05  4.076724655537557e-03  1.759671742659222e-02  1.319978080608003e+00  3.825900451719070e-01  1.800903439707069e-04 -4.383878399449870e-05 
 6.792500000000043e-05 -1.230541682705771e-05 -1.213880252467189e-05  4.826629652770653e-03  1.790439019194646e-02  1.319977762556232e+00  3.735900448775191e-01  1.800897551955671e-04 -4.447488753633877e-05 
 6.797500000000043e-05 -1.247178589321437e-05 -1.230534876020907e-05  5.728145444199188e-03  1.821500920656644e-02  1.319977442928399e+00  3.645900446039948e-01  1.800892081476047e-04 -4.511414320251816e-05 
 6.802500000000043e-05 -1.263808635024081e-05 -1.247175304332920e-05  6.811929769550574e-03  1.852857532896853e-02  1.319977121731957e+00  3.555900443497843e-01  1.800886997264106e-04 -4.575653608673846e-05 
 6.807500000000043e-05 -1.280437938616134e-05 -1.263808443708608e-05  8.114549348171700e-03  1.884508800835981e-02  1.319976798969934e+00  3.465900441131543e-01  1.800882264670900e-04 -4.640206013295511e-05 
 6.812500000000044e-05 -1.297071830070448e-05 -1.280440426128482e-05  9.679428793387266e-03  1.916454466723684e-02  1.319976474639470e+00  3.375900438923082e-01  1.800877847756288e-04 -4.705072105926078e-05 
 6.817500000000044e-05 -1.313714930890446e-05 -1.297076624517242e-05  1.155780486229916e-02  1.948694074908826e-02  1.319976148728849e+00  3.285900436855048e-01  1.800873711693685e-04 -4.770254230113125e-05 
 6.822500000000044e-05 -1.330371269530636e-05 -1.313721722200352e-05  1.380956801252825e-02  1.981226901964867e-02  1.319975821214048e+00  3.195900434911841e-01  1.800869825278051e-04 -4.835757190413403e-05 
 6.827500000000044e-05 -1.347044417926470e-05 -1.330379820027421e-05  1.650379490454234e-02  2.014051919883708e-02  1.319975492053145e+00  3.105900433080950e-01  1.800866163502723e-04 -4.901589370964743e-05 
 6.832500000000044e-05 -1.363737637664160e-05 -1.347054566647531e-05  1.971867367726515e-02  2.047167740923096e-02  1.319975161178224e+00  3.015900431353830e-01  1.800862709270268e-04 -4.967764355123805e-05 
 6.837500000000044e-05 -1.380454026677315e-05 -1.363749299983466e-05  2.354040667393004e-02  2.080572590761034e-02  1.319974828483065e+00  2.925900429726132e-01  1.800859453872095e-04 -5.034303387052574e-05 
 6.842500000000044e-05 -1.397196659271307e-05 -1.380467190365790e-05  2.806056378792739e-02  2.114264172917852e-02  1.319974493805966e+00  2.835900428196141e-01  1.800856393896488e-04 -5.101238806748398e-05 
 6.847500000000044e-05 -1.413968714010235e-05 -1.397211377900032e-05  3.337130195908233e-02  2.148239676403149e-02  1.319974156902764e+00  2.745900426760405e-01  1.800853522432311e-04 -5.168619447237788e-05 
 6.852500000000045e-05 -1.430773585540037e-05 -1.413985098462883e-05  3.955799670191234e-02  2.182495668389511e-02  1.319973817409435e+00  2.655900425405605e-01  1.800850812829768e-04 -5.236518113038713e-05 
 6.857500000000045e-05 -1.447614977799642e-05 -1.430791794310157e-05  4.668944650845297e-02  2.217027995298633e-02  1.319973474790748e+00  2.565900424097938e-01  1.800848197501814e-04 -5.305041850345305e-05 
 6.862500000000045e-05 -1.464513075460453e-05 -1.447641645939730e-05  5.475062845929327e-02  2.251640449819892e-02  1.319973130242978e+00  2.475900423567280e-01  1.800847136192996e-04 -5.373951404319399e-05 
 6.867500000000045e-05 -1.481434446204584e-05 -1.464528736371586e-05  6.381780185755988e-02  2.286723804268861e-02  1.319972779262692e+00  2.385900421804768e-01  1.800843611176051e-04 -5.444147461686200e-05 
 6.872500000000045e-05 -1.498403677052603e-05 -1.481456130730364e-05  7.387250494800390e-02  2.322065819162023e-02  1.319972421939970e+00  2.295900420002705e-01  1.800840007048499e-04 -5.515612006012915e-05 
 6.877500000000045e-05 -1.515425978740321e-05 -1.498429548806103e-05  8.484498306666995e-02  2.357659700832410e-02  1.319972056261282e+00  2.205900418008925e-01  1.800836019504315e-04 -5.588747743701106e-05 
 6.882500000000045e-05 -1.532507608255924e-05 -1.515455456201179e-05  9.663503827475534e-02  2.393497150204931e-02  1.319971679397911e+00  2.115900415691736e-01  1.800831385133095e-04 -5.664120417714358e-05 
 6.887500000000045e-05 -1.549655406525608e-05 -1.532540617809966e-05  1.091263661096098e-01  2.429568363018696e-02  1.319971287470157e+00  2.025900412971102e-01  1.800825943862883e-04 -5.742505968653333e-05 
 6.892500000000046e-05 -1.566876677309811e-05 -1.549692073931661e-05  1.221961886291768e-01  2.465862444387641e-02  1.319970875166803e+00  1.935900409791839e-01  1.800819585344171e-04 -5.824966639478291e-05 
 6.897500000000046e-05 -1.584179172954385e-05 -1.566917204765090e-05  1.357196558483654e-01  2.502367505260908e-02  1.319970435306188e+00  1.845900406114559e-01  1.800812230789983e-04 -5.912938762486775e-05 
 6.902500000000046e-05 -1.601584694614711e-05 -1.584229226871624e-05  1.495128544004288e-01  2.539242396297560e-02  1.319969938821665e+00  1.755900401544348e-01  1.800803090365455e-04 -6.012235667096633e-05 
 6.907500000000046e-05 -1.619088446469566e-05 -1.601635319132108e-05  1.634693104200892e-01  2.576099622973936e-02  1.319969407153146e+00  1.665900397145350e-01  1.800794292375896e-04 -6.118569370761051e-05 
 6.912500000000046e-05 -1.636702609514106e-05 -1.619143453737004e-05  1.774232967082439e-01  2.613135552931084e-02  1.319968812169777e+00  1.575900392744992e-01  1.800785491667956e-04 -6.237566044697829e-05 
 6.917500000000046e-05 -1.654436774414897e-05 -1.636762408929141e-05  1.912320533931949e-01  2.650331012652422e-02  1.319968138116838e+00  1.485900388684184e-01  1.800777370049023e-04 -6.372376632413079e-05 
 6.922500000000046e-05 -1.672301667967243e-05 -1.654501903582809e-05  2.050591836431168e-01  2.687667364631148e-02  1.319967358968646e+00  1.395900385785753e-01  1.800771573193805e-04 -6.528206270806081e-05 
 6.927500000000046e-05 -1.690309387648333e-05 -1.672372796139752e-05  2.194588885570333e-01  2.725127210612993e-02  1.319966419856941e+00  1.305900386010425e-01  1.800772022544361e-04 -6.716028611730707e-05 
 6.932500000000047e-05 -1.708473733829408e-05 -1.690387349727004e-05  2.344205502967995e-01  2.762693892563526e-02  1.319965263427592e+00  1.215900387441011e-01  1.800774883723433e-04 -6.947314481609013e-05 
 6.937500000000047e-05 -1.726810676782898e-05 -1.708559591266812e-05  2.495576897400921e-01  2.800351781716989e-02  1.319963847758943e+00  1.125900388173452e-01  1.800776348603039e-04 -7.230448211359430e-05 
 6.942500000000047e-05 -1.745339162527524e-05 -1.726905868079058e-05  2.646521638320512e-01  2.838086068501836e-02  1.319962133422344e+00  1.035900388618417e-01  1.800777238540607e-04 -7.573315531228531e-05 
 6.947500000000047e-05 -1.764082160265847e-05 -1.745445640316223e-05  2.796425267327907e-01  2.875882556400494e-02  1.319960080584498e+00  9.459003891298388e-02  1.800778261391300e-04 -7.983883100326494e-05 
 6.952500000000047e-05 -1.783068004730847e-05 -1.764202540529506e-05  2.945031634433823e-01  2.913728050862668e-02  1.319957657387910e+00  8.559003897192002e-02  1.800779440112033e-04 -8.468522417937052e-05 
 6.957500000000047e-05 -1.802332273887542e-05 -1.783205813915377e-05  3.092099665699757e-01  2.951610738439105e-02  1.319954845832038e+00  7.659003904056377e-02  1.800780812993841e-04 -9.030833592449383e-05 
 6.962500000000047e-05 -1.821920169168835e-05 -1.802492210693935e-05  3.237418066896896e-01  2.989520487606216e-02  1.319951642030099e+00  6.759003912622118e-02  1.800782526148736e-04 -9.671593980131732e-05 
 6.967500000000047e-05 -1.841889529946161e-05 -1.822108417750537e-05  3.380816926571956e-01  3.027449124015342e-02  1.319948052982841e+00  5.859003923777390e-02  1.800784757201163e-04 -1.038940343187633e-04 
 6.972500000000048e-05 -1.862314531753905e-05 -1.842114104763205e-05  3.522158592321775e-01  3.065390701761292e-02  1.319944091759050e+00  4.959003938520661e-02  1.800787705862061e-04 -1.118164819002843e-04 
 6.977500000000048e-05 -1.883290091292625e-05 -1.862585636777507e-05  3.661327486463095e-01  3.103341668741178e-02  1.319939772865589e+00  4.059003958017016e-02  1.800791605139906e-04 -1.204542688215682e-04 
 6.982500000000048e-05 -1.904801153905226e-05 -1.883566150031455e-05  3.798817367925558e-01  3.141127325132076e-02  1.319935295089635e+00  3.159003979582951e-02  1.800795918333736e-04 -1.294098207291761e-04 
 6.987500000000048e-05 -1.927171801922937e-05 -1.905204513438837e-05  3.933709945702966e-01  3.179103459436328e-02  1.319930285028689e+00  2.259004011659862e-02  1.800802333713977e-04 -1.394299426227263e-04 
 6.992500000000048e-05 -1.950530923856451e-05 -1.927662750287359e-05  4.066187611399322e-01  3.217090494766843e-02  1.319924941965248e+00  1.359004053425747e-02  1.800810686897747e-04 -1.501160695034365e-04 
 6.996250000000024e-05 -1.968907428838666e-05 -1.945175248339976e-05  4.163665899123895e-01  3.245669903359583e-02  1.319920642128913e+00  6.840040949842997e-03  1.800818997760769e-04 -1.587157421738539e-04 
 6.999999999999999e-05 -1.988048008444919e-05 -1.963357834608816e-05  4.259867412397615e-01  3.274185213491133e-02  1.319916246086358e+00  9.004142152328618e-05  1.800828430465724e-04 -1.675078272840302e-04 
 7.000327623827601e-05 -1.966989633104026e-05 -1.963581173148207e-05  4.268035511226687e-01  3.276106126424724e-02  1.319915763118901e+00  1.193498655247152e-05  2.386997310494303e-05 -1.684737621987509e-04 
 7.000982871482806e-05 -1.961306998906825e-05 -1.963581037003997e-05  4.284893555382088e-01  3.279541875354718e-02  1.319914959702346e+00 -5.696534962717943e-06 -1.139306992543589e-05 -1.700805953075424e-04 
 7.001415850922729e-05 -1.962628092938998e-05 -1.963525423400099e-05  4.296010749650392e-01  3.281784821234676e-02  1.319914442861908e+00 -1.244507276143647e-06 -2.489014552287294e-06 -1.711142761844364e-04 
 7.001949271888541e-05 -1.963004633148735e-05 -1.963469125881399e-05  4.309683276477872e-01  3.284550085119758e-02  1.319913797087199e+00  9.832647586841993e-08  1.966529517368399e-07 -1.724058256020733e-04 
 7.003014334064441e-05 -1.962865125818799e-05 -1.963360811574440e-05  4.336932612022956e-01  3.290057618230368e-02  1.319912500199355e+00  9.389779504722820e-08  1.877955900944564e-07 -1.749996012909705e-04 
 7.005144458416242e-05 -1.962541945319237e-05 -1.963125097682817e-05  4.391180844827298e-01  3.301013235820721e-02  1.319909874239807e+00  1.230413488125602e-08  2.460826976251204e-08 -1.802515203870314e-04 
 7.009339215456431e-05 -1.961902367052433e-05 -1.962592094306000e-05  4.496964464570101e-01  3.322385402600883e-02  1.319904575537415e+00  7.373461000086861e-09  1.474692200017372e-08 -1.908489251700729e-04 
 7.009417340456430e-05 -1.961894785411363e-05 -1.962581366476852e-05  4.498541776996127e-01  3.322833780547973e-02  1.319904392142673e+00  8.075559891771574e-09  1.615111978354315e-08 -1.912157146550797e-04 
 7.009573590456431e-05 -1.961866536358016e-05 -1.962559785786744e-05  4.502422343633107e-01  3.323629244748917e-02  1.319904127594682e+00  8.593589852882182e-09  1.718717970576436e-08 -1.917448106367736e-04 
 7.009612652956431e-05 -1.961863297290352e-05 -1.962554386651114e-05  4.503396143776295e-01  3.323826341916051e-02  1.319904078068911e+00  8.561750246403433e-09  1.712350049280687e-08 -1.918438621784091e-04 
 7.009690777956430e-05 -1.961848777114454e-05 -1.962543553811078e-05  4.505336464882467e-01  3.324222833941454e-02  1.319903976973126e+00  8.529637867964340e-09  1.705927573592868e-08 -1.920460537476743e-04 
 7.009710309206431e-05 -1.961846339309100e-05 -1.962540840914183e-05  4.505822175038838e-01  3.324321914229580e-02  1.319903951349545e+00  8.526030125414328e-09  1.705206025082866e-08 -1.920973009106319e-04 
 7.009715192018931e-05 -1.961845834388633e-05 -1.962540162859036e-05  4.505943146954700e-01  3.324346715602122e-02  1.319903944931776e+00  8.524927258837498e-09  1.704985451767500e-08 -1.921101364477096e-04 
 7.009724957643931e-05 -1.961843568822173e-05 -1.962538805684221e-05  4.506185705628511e-01  3.324396280165513e-02  1.319903932089856e+00  8.523154301394154e-09  1.704630860278831e-08 -1.921358202876533e-04 
 7.009727399050181e-05 -1.961843582840457e-05 -1.962538466385615e-05  4.506246381434342e-01  3.324408661127541e-02  1.319903928878604e+00  8.522709583171708e-09  1.704541916634342e-08 -1.921422427928476e-04 
 7.009732281862681e-05 -1.961842813815885e-05 -1.962537787735449e-05  4.506367690233146e-01  3.324433426285143e-02  1.319903922455850e+00  8.521793904462594e-09  1.704358780892519e-08 -1.921550883001721e-04 
 7.009733502565806e-05 -1.961842549755029e-05 -1.962537618041043e-05  4.506398015608546e-01  3.324439618409659e-02  1.319903920850067e+00  8.521566497791829e-09  1.704313299558366e-08 -1.921582998662963e-04 
 7.009735943972056e-05 -1.961842155849623e-05 -1.962537278636263e-05  4.506458665289760e-01  3.324452002431912e-02  1.319903917638404e+00  8.521115733892898e-09  1.704223146778580e-08 -1.921647231930557e-04 
 7.009736554323619e-05 -1.961842044292565e-05 -1.962537193779148e-05  4.506473827994514e-01  3.324455098412296e-02  1.319903916835461e+00  8.521004078660947e-09  1.704200815732189e-08 -1.921663290782583e-04 
 7.009737775026743e-05 -1.961841852099626e-05 -1.962537024061626e-05  4.506504152843170e-01  3.324461290299375e-02  1.319903915229558e+00  8.520781210467677e-09  1.704156242093535e-08 -1.921695408837465e-04 
 7.009738080202524e-05 -1.961841796114605e-05 -1.962536981630869e-05  4.506511734051061e-01  3.324462838266032e-02  1.319903914828080e+00  8.520725644472121e-09  1.704145128894424e-08 -1.921703438396705e-04 
 7.009738156496469e-05 -1.961841785295214e-05 -1.962536971023176e-05  4.506513629330913e-01  3.324463225255449e-02  1.319903914727711e+00  8.520711749987388e-09  1.704142349997478e-08 -1.921705445777633e-04 
 7.009738158880655e-05 -1.961841785151381e-05 -1.962536970691686e-05  4.506513688558352e-01  3.324463237348871e-02  1.319903914724576e+00  8.520711315775217e-09  1.704142263155043e-08 -1.921705508487470e-04 
 7.009738163649026e-05 -1.961841784877218e-05 -1.962536970028706e-05  4.506513807013185e-01  3.324463261535680e-02  1.319903914718301e+00  8.520710447289996e-09  1.704142089457999e-08 -1.921705633973758e-04 
 7.009738164841119e-05 -1.961841782955934e-05 -1.962536969862960e-05  4.506513836626890e-01  3.324463267582376e-02  1.319903914716734e+00  8.520710230042986e-09  1.704142046008597e-08 -1.921705665317575e-04 
 7.009738167225305e-05 -1.961841782095789e-05 -1.962536969531469e-05  4.506513895854307e-01  3.324463279675786e-02  1.319903914713600e+00  8.520709795786981e-09  1.704141959157396e-08 -1.921705728009648e-04 
 7.009738167821352e-05 -1.961841781372084e-05 -1.962536969448597e-05  4.506513910661159e-01  3.324463282699155e-02  1.319903914712818e+00  8.520709687160723e-09  1.704141937432145e-08 -1.921705743650470e-04 
 7.009738169013444e-05 -1.961841781594106e-05 -1.962536969282851e-05  4.506513940274869e-01  3.324463288745888e-02  1.319903914711252e+00  8.520709469970147e-09  1.704141893994029e-08 -1.921705774967641e-04 
 7.009738169311467e-05 -1.961841781587078e-05 -1.962536969241415e-05  4.506513947678291e-01  3.324463290257558e-02  1.319903914710859e+00  8.520709415739921e-09  1.704141883147984e-08 -1.921705782819139e-04 
 7.009738169385974e-05 -1.961841779429475e-05 -1.962536969231056e-05  4.506513949529145e-01  3.324463290635483e-02  1.319903914710762e+00  8.520709401914861e-09  1.704141880382972e-08 -1.921705784755368e-04 
 7.009738169534985e-05 -1.961841777694270e-05 -1.962536969210339e-05  4.506513953230847e-01  3.324463291391287e-02  1.319903914710563e+00  8.520709374600484e-09  1.704141874920097e-08 -1.921705788734407e-04 
 7.009738169572238e-05 -1.961841779139436e-05 -1.962536969205159e-05  4.506513954156277e-01  3.324463291580249e-02  1.319903914710516e+00  8.520709367892830e-09  1.704141873578566e-08 -1.921705789689199e-04 
 7.009738169646745e-05 -1.961841779336926e-05 -1.962536969194801e-05  4.506513956007128e-01  3.324463291958140e-02  1.319903914710416e+00  8.520709354393242e-09  1.704141870878648e-08 -1.921705791674277e-04 
 7.009738169665371e-05 -1.961841781064048e-05 -1.962536969192210e-05  4.506513956469839e-01  3.324463292052608e-02  1.319903914710392e+00  8.520709351241432e-09  1.704141870248286e-08 -1.921705792167216e-04 
 7.009738169670028e-05 -1.961841781220986e-05 -1.962536969191563e-05  4.506513956585522e-01  3.324463292076234e-02  1.319903914710387e+00  8.520709350433257e-09  1.704141870086651e-08 -1.921705792264916e-04 
 7.009738169671192e-05 -1.961841780365403e-05 -1.962536969191401e-05  4.506513956614445e-01  3.324463292082150e-02  1.319903914710387e+00  8.520709350090844e-09  1.704141870018169e-08 -1.921705792260475e-04 
 7.009738169673520e-05 -1.961841779763980e-05 -1.962536969191076e-05  4.506513956672288e-01  3.324463292093965e-02  1.319903914710384e+00  8.520709349566954e-09  1.704141869913391e-08 -1.921705792313766e-04 
 7.009738169674102e-05 -1.961841779740785e-05 -1.962536969190995e-05  4.506513956686746e-01  3.324463292096926e-02  1.319903914710384e+00  8.520709349478863e-09  1.704141869895773e-08 -1.921705792327089e-04 
 7.009738169675266e-05 -1.961841779011526e-05 -1.962536969190833e-05  4.506513956715659e-01  3.324463292102810e-02  1.319903914710379e+00  8.520709349111886e-09  1.704141869822377e-08 -1.921705792415906e-04 
 7.009738169675557e-05 -1.961841778049739e-05 -1.962536969190793e-05  4.506513956722887e-01  3.324463292104277e-02  1.319903914710379e+00  8.520709348948938e-09  1.704141869789788e-08 -1.921705792411466e-04 
 7.009738169676139e-05 -1.961841777305594e-05 -1.962536969190712e-05  4.506513956737346e-01  3.324463292107206e-02  1.319903914710378e+00  8.520709348766614e-09  1.704141869753323e-08 -1.921705792442552e-04 
 7.009738169677303e-05 -1.961841777579201e-05 -1.962536969190551e-05  4.506513956766262e-01  3.324463292113064e-02  1.319903914710373e+00  8.520709348516633e-09  1.704141869703327e-08 -1.921705792544692e-04 
 7.009738169677353e-05 -1.961841776538618e-05 -1.962536969190543e-05  4.506513956767511e-01  3.324463292113323e-02  1.319903914710373e+00  8.520709348347756e-09  1.704141869669551e-08 -1.921705792535811e-04 
 7.009738169677453e-05 -1.961841776507558e-05 -1.962536969190529e-05  4.506513956770005e-01  3.324463292113836e-02  1.319903914710374e+00  8.520709348314404e-09  1.704141869662881e-08 -1.921705792513606e-04 
