 temp-sweep      v(vref)         iptat           itot            v(vbe)          v(dvbe)         v(pbias)        v(pcasc)       
-4.00000000e+01  1.04409557e+00  3.20708062e-06  1.73198992e-05  7.86769675e-01  4.23293846e-02  2.66713552e+00  2.25887301e+00 
-3.50000000e+01  1.04426889e+00  3.27620198e-06  1.76797280e-05  7.81239254e-01  4.32699637e-02  2.66634116e+00  2.24903146e+00 
-3.00000000e+01  1.04442756e+00  3.34526775e-06  1.80394728e-05  7.75686561e-01  4.42119215e-02  2.66557746e+00  2.23920860e+00 
-2.50000000e+01  1.04457182e+00  3.41427454e-06  1.83991197e-05  7.70111782e-01  4.51552628e-02  2.66484425e+00  2.22940417e+00 
-2.00000000e+01  1.04470190e+00  3.48321902e-06  1.87586546e-05  7.64515095e-01  4.60999927e-02  2.66414137e+00  2.21961792e+00 
-1.50000000e+01  1.04481803e+00  3.55209794e-06  1.91180639e-05  7.58896668e-01  4.70461166e-02  2.66346868e+00  2.20984961e+00 
-1.00000000e+01  1.04492043e+00  3.62090806e-06  1.94773343e-05  7.53256664e-01  4.79936400e-02  2.66282607e+00  2.20009903e+00 
-5.00000000e+00  1.04500932e+00  3.68964619e-06  1.98364525e-05  7.47595236e-01  4.89425685e-02  2.66221342e+00  2.19036596e+00 
 0.00000000e+00  1.04508492e+00  3.75830918e-06  2.01954053e-05  7.41912533e-01  4.98929076e-02  2.66163065e+00  2.18065020e+00 
 5.00000000e+00  1.04514743e+00  3.82689391e-06  2.05541800e-05  7.36208696e-01  5.08446631e-02  2.66107767e+00  2.17095157e+00 
 1.00000000e+01  1.04519705e+00  3.89539731e-06  2.09127639e-05  7.30483861e-01  5.17978410e-02  2.66055442e+00  2.16126989e+00 
 1.50000000e+01  1.04523399e+00  3.96381636e-06  2.12711444e-05  7.24738158e-01  5.27524472e-02  2.66006084e+00  2.15160499e+00 
 2.00000000e+01  1.04525844e+00  4.03214808e-06  2.16293094e-05  7.18971711e-01  5.37084879e-02  2.65959688e+00  2.14195670e+00 
 2.50000000e+01  1.04527059e+00  4.10038952e-06  2.19872466e-05  7.13184641e-01  5.46659696e-02  2.65916251e+00  2.13232487e+00 
 3.00000000e+01  1.04527065e+00  4.16853779e-06  2.23449443e-05  7.07377062e-01  5.56248986e-02  2.65875769e+00  2.12270935e+00 
 3.50000000e+01  1.04525879e+00  4.23659006e-06  2.27023909e-05  7.01549084e-01  5.65852816e-02  2.65838241e+00  2.11310999e+00 
 4.00000000e+01  1.04523520e+00  4.30454355e-06  2.30595749e-05  6.95700815e-01  5.75471255e-02  2.65803665e+00  2.10352666e+00 
 4.50000000e+01  1.04520008e+00  4.37239557e-06  2.34164855e-05  6.89832357e-01  5.85104374e-02  2.65772040e+00  2.09395922e+00 
 5.00000000e+01  1.04515362e+00  4.44014358e-06  2.37731123e-05  6.83943808e-01  5.94752248e-02  2.65743365e+00  2.08440752e+00 
 5.50000000e+01  1.04509602e+00  4.50778516e-06  2.41294457e-05  6.78035266e-01  6.04414959e-02  2.65717640e+00  2.07487142e+00 
 6.00000000e+01  1.04502751e+00  4.57531817e-06  2.44854772e-05  6.72106823e-01  6.14092598e-02  2.65694863e+00  2.06535074e+00 
 6.50000000e+01  1.04494833e+00  4.64274080e-06  2.48411998e-05  6.66158572e-01  6.23785270e-02  2.65675034e+00  2.05584530e+00 
 7.00000000e+01  1.04485876e+00  4.71005175e-06  2.51966089e-05  6.60190606e-01  6.33493099e-02  2.65658147e+00  2.04635486e+00 
 7.50000000e+01  1.04475914e+00  4.77725045e-06  2.55517034e-05  6.54203017e-01  6.43216240e-02  2.65644199e+00  2.03687911e+00 
 8.00000000e+01  1.04464991e+00  4.84433729e-06  2.59064864e-05  6.48195900e-01  6.52954884e-02  2.65633179e+00  2.02741763e+00 
 8.50000000e+01  1.04453158e+00  4.91131386e-06  2.62609668e-05  6.42169357e-01  6.62709273e-02  2.65625072e+00  2.01796987e+00 
 9.00000000e+01  1.04440481e+00  4.97818319e-06  2.66151604e-05  6.36123492e-01  6.72479704e-02  2.65619859e+00  2.00853510e+00 
 9.50000000e+01  1.04427038e+00  5.04494982e-06  2.69690907e-05  6.30058416e-01  6.82266529e-02  2.65617514e+00  1.99911233e+00 
 1.00000000e+02  1.04412921e+00  5.11161997e-06  2.73227897e-05  6.23974246e-01  6.92070160e-02  2.65618001e+00  1.98970030e+00 
 1.05000000e+02  1.04398241e+00  5.17820194e-06  2.76763008e-05  6.17871108e-01  7.01891077e-02  2.65621280e+00  1.98029731e+00 
 1.10000000e+02  1.04383136e+00  5.24470716e-06  2.80296842e-05  6.11749139e-01  7.11729865e-02  2.65627295e+00  1.97090104e+00 
 1.15000000e+02  1.04367791e+00  5.31115225e-06  2.83830271e-05  6.05608502e-01  7.21587287e-02  2.65635965e+00  1.96150816e+00 
 1.20000000e+02  1.04352464e+00  5.37756206e-06  2.87364594e-05  5.99449399e-01  7.31464399e-02  2.65647177e+00  1.95211380e+00 
 1.25000000e+02  1.04337525e+00  5.44397414e-06  2.90901753e-05  5.93272100e-01  7.41362717e-02  2.65660758e+00  1.94271084e+00 
 1.30000000e+02  1.04323513e+00  5.51044476e-06  2.94444639e-05  5.87076972e-01  7.51284439e-02  2.65676450e+00  1.93328879e+00 
 1.35000000e+02  1.04311208e+00  5.57705718e-06  2.97997507e-05  5.80864530e-01  7.61232754e-02  2.65693877e+00  1.92383237e+00 
 1.40000000e+02  1.04301735e+00  5.64393293e-06  3.01566539e-05  5.74635492e-01  7.71212262e-02  2.65712483e+00  1.91431948e+00 
 1.45000000e+02  1.04296702e+00  5.71124716e-06  3.05160612e-05  5.68390869e-01  7.81229539e-02  2.65731472e+00  1.90471845e+00 
 1.50000000e+02  1.04298387e+00  5.77924933e-06  3.08792341e-05  5.62132076e-01  7.91293908e-02  2.65749704e+00  1.89498433e+00 
 1.55000000e+02  1.04309994e+00  5.84829107e-06  3.12479471e-05  5.55861085e-01  8.01418468e-02  2.65765570e+00  1.88505387e+00 
 1.60000000e+02  1.04335985e+00  5.91886321e-06  3.16246735e-05  5.49580625e-01  8.11621458e-02  2.65776819e+00  1.87483878e+00 
 1.65000000e+02  1.04382532e+00  5.99164475e-06  3.20128304e-05  5.43294449e-01  8.21928049e-02  2.65780332e+00  1.86421695e+00 
 1.70000000e+02  1.04458102e+00  6.06756693e-06  3.24170995e-05  5.37007673e-01  8.32372661e-02  2.65771824e+00  1.85302081e+00 
 1.75000000e+02  1.04574210e+00  6.14789634e-06  3.28438433e-05  5.30727213e-01  8.43001924e-02  2.65745468e+00  1.84102230e+00 
