 temp-sweep      v(vref)         iptat           itot            v(vbe)          v(dvbe)         v(pbias)        v(pcasc)       
-4.00000000e+01  1.04403512e+00  3.20638268e-06  1.72091830e-05  7.86765196e-01  4.23203106e-02  2.25354244e+00  1.84536862e+00 
-3.50000000e+01  1.04420714e+00  3.27548947e-06  1.75677473e-05  7.81234678e-01  4.32606950e-02  2.25264903e+00  1.83542992e+00 
-3.00000000e+01  1.04436451e+00  3.34454067e-06  1.79262114e-05  7.75681889e-01  4.42024580e-02  2.25178565e+00  1.82550927e+00 
-2.50000000e+01  1.04450746e+00  3.41353292e-06  1.82845611e-05  7.70107013e-01  4.51456044e-02  2.25095214e+00  1.81560643e+00 
-2.00000000e+01  1.04463624e+00  3.48246287e-06  1.86427822e-05  7.64510228e-01  4.60901395e-02  2.25014835e+00  1.80572117e+00 
-1.50000000e+01  1.04475106e+00  3.55132727e-06  1.90008609e-05  7.58891704e-01  4.70360685e-02  2.24937417e+00  1.79585327e+00 
-1.00000000e+01  1.04485215e+00  3.62012289e-06  1.93587835e-05  7.53251602e-01  4.79833971e-02  2.24862948e+00  1.78600251e+00 
-5.00000000e+00  1.04493974e+00  3.68884652e-06  1.97165364e-05  7.47590076e-01  4.89321307e-02  2.24791419e+00  1.77616870e+00 
 0.00000000e+00  1.04501402e+00  3.75749502e-06  2.00741065e-05  7.41907275e-01  4.98822750e-02  2.24722823e+00  1.76635165e+00 
 5.00000000e+00  1.04507521e+00  3.82606526e-06  2.04314804e-05  7.36203340e-01  5.08338356e-02  2.24657152e+00  1.75655118e+00 
 1.00000000e+01  1.04512351e+00  3.89455417e-06  2.07886453e-05  7.30478406e-01  5.17868185e-02  2.24594400e+00  1.74676714e+00 
 1.50000000e+01  1.04515913e+00  3.96295871e-06  2.11455884e-05  7.24732604e-01  5.27412297e-02  2.24534565e+00  1.73699936e+00 
 2.00000000e+01  1.04518224e+00  4.03127587e-06  2.15022971e-05  7.18966057e-01  5.36970753e-02  2.24477641e+00  1.72724770e+00 
 2.50000000e+01  1.04519306e+00  4.09950269e-06  2.18587589e-05  7.13178887e-01  5.46543616e-02  2.24423626e+00  1.71751200e+00 
 3.00000000e+01  1.04519175e+00  4.16763622e-06  2.22149614e-05  7.07371206e-01  5.56130949e-02  2.24372519e+00  1.70779214e+00 
 3.50000000e+01  1.04517852e+00  4.23567357e-06  2.25708926e-05  7.01543127e-01  5.65732815e-02  2.24324320e+00  1.69808798e+00 
 4.00000000e+01  1.04515353e+00  4.30361187e-06  2.29265402e-05  6.95694753e-01  5.75349280e-02  2.24279027e+00  1.68839941e+00 
 4.50000000e+01  1.04511696e+00  4.37144828e-06  2.32818925e-05  6.89826188e-01  5.84980410e-02  2.24236641e+00  1.67872631e+00 
 5.00000000e+01  1.04506900e+00  4.43918004e-06  2.36369378e-05  6.83937528e-01  5.94626271e-02  2.24197164e+00  1.66906855e+00 
 5.50000000e+01  1.04500980e+00  4.50680441e-06  2.39916646e-05  6.78028868e-01  6.04286931e-02  2.24160597e+00  1.65942604e+00 
 6.00000000e+01  1.04493956e+00  4.57431874e-06  2.43460617e-05  6.72100299e-01  6.13962460e-02  2.24126942e+00  1.64979865e+00 
 6.50000000e+01  1.04485846e+00  4.64172049e-06  2.47001186e-05  6.66151908e-01  6.23652934e-02  2.24096202e+00  1.64018626e+00 
 7.00000000e+01  1.04476666e+00  4.70900729e-06  2.50538253e-05  6.60183781e-01  6.33358429e-02  2.24068379e+00  1.63058873e+00 
 7.50000000e+01  1.04466440e+00  4.77617699e-06  2.54071731e-05  6.54196000e-01  6.43079033e-02  2.24043474e+00  1.62100589e+00 
 8.00000000e+01  1.04455188e+00  4.84322783e-06  2.57601551e-05  6.48188647e-01  6.52814847e-02  2.24021488e+00  1.61143752e+00 
 8.50000000e+01  1.04442941e+00  4.91015863e-06  2.61127670e-05  6.42161806e-01  6.62565992e-02  2.24002419e+00  1.60188331e+00 
 9.00000000e+01  1.04429731e+00  4.97696907e-06  2.64650091e-05  6.36115559e-01  6.72332618e-02  2.23986263e+00  1.59234282e+00 
 9.50000000e+01  1.04415607e+00  5.04366019e-06  2.68168880e-05  6.30049996e-01  6.82114930e-02  2.23973008e+00  1.58281537e+00 
 1.00000000e+02  1.04400631e+00  5.11023508e-06  2.71684207e-05  6.23965213e-01  6.91913203e-02  2.23962635e+00  1.57329996e+00 
 1.05000000e+02  1.04384897e+00  5.17669989e-06  2.75196390e-05  6.17861322e-01  7.01727829e-02  2.23955111e+00  1.56379508e+00 
 1.10000000e+02  1.04368533e+00  5.24306531e-06  2.78705974e-05  6.11738457e-01  7.11559366e-02  2.23950381e+00  1.55429844e+00 
 1.15000000e+02  1.04351732e+00  5.30934871e-06  2.82213835e-05  6.05596787e-01  7.21408623e-02  2.23948360e+00  1.54480660e+00 
 1.20000000e+02  1.04334768e+00  5.37557708e-06  2.85721326e-05  5.99436531e-01  7.31276764e-02  2.23948917e+00  1.53531446e+00 
 1.25000000e+02  1.04318041e+00  5.44179123e-06  2.89230489e-05  5.93257982e-01  7.41165468e-02  2.23951858e+00  1.52581451e+00 
 1.30000000e+02  1.04302124e+00  5.50805140e-06  2.92744338e-05  5.87061539e-01  7.51077134e-02  2.23956896e+00  1.51629575e+00 
 1.35000000e+02  1.04287837e+00  5.57444516e-06  2.96267252e-05  5.80847747e-01  7.61015173e-02  2.23963613e+00  1.50674232e+00 
 1.40000000e+02  1.04276339e+00  5.64109809e-06  2.99805516e-05  5.74617358e-01  7.70984401e-02  2.23971410e+00  1.49713146e+00 
 1.45000000e+02  1.04269268e+00  5.70818870e-06  3.03368072e-05  5.68371411e-01  7.80991591e-02  2.23979437e+00  1.48743078e+00 
 1.50000000e+02  1.04268924e+00  5.77596881e-06  3.06967535e-05  5.62111347e-01  7.91046226e-02  2.23986486e+00  1.47759451e+00 
 1.55000000e+02  1.04278522e+00  5.84479131e-06  3.10621592e-05  5.55839153e-01  8.01161527e-02  2.23990867e+00  1.46755845e+00 
 1.60000000e+02  1.04302526e+00  5.91514726e-06  3.14354849e-05  5.49557576e-01  8.11355822e-02  2.23990218e+00  1.45723317e+00 
 1.65000000e+02  1.04347104e+00  5.98771498e-06  3.18201296e-05  5.43270376e-01  8.21654346e-02  2.23981275e+00  1.44649502e+00 
 1.70000000e+02  1.04420707e+00  6.06342427e-06  3.22207510e-05  5.36982679e-01  8.32091566e-02  2.23959556e+00  1.43517444e+00 
 1.75000000e+02  1.04534835e+00  6.14353954e-06  3.26436822e-05  5.30701407e-01  8.42714148e-02  2.23918966e+00  1.42304066e+00 
