 temp-sweep      v(vref)         iptat           itot            v(vbe)          v(dvbe)         v(pbias)        v(pcasc)       
-4.00000000e+01  1.03601132e+00  3.66896245e-06  1.99004290e-05  7.78679262e-01  4.23184250e-02  1.93356959e+00  1.52528336e+00 
-3.50000000e+01  1.03604200e+00  3.74851664e-06  2.03153676e-05  7.72973928e-01  4.32615775e-02  1.93223246e+00  1.51484545e+00 
-3.00000000e+01  1.03605962e+00  3.82803058e-06  2.07303355e-05  7.67246301e-01  4.42062457e-02  1.93092092e+00  1.50441851e+00 
-2.50000000e+01  1.03606438e+00  3.90749993e-06  2.11453145e-05  7.61496563e-01  4.51524324e-02  1.92963486e+00  1.49400236e+00 
-2.00000000e+01  1.03605649e+00  3.98692033e-06  2.15602860e-05  7.55724885e-01  4.61001401e-02  1.92837419e+00  1.48359690e+00 
-1.50000000e+01  1.03603612e+00  4.06628746e-06  2.19752316e-05  7.49931430e-01  4.70493715e-02  1.92713885e+00  1.47320200e+00 
-1.00000000e+01  1.03600346e+00  4.14559702e-06  2.23901331e-05  7.44116355e-01  4.80001289e-02  1.92592876e+00  1.46281756e+00 
-5.00000000e+00  1.03595868e+00  4.22484473e-06  2.28049723e-05  7.38279808e-01  4.89524152e-02  1.92474391e+00  1.45244351e+00 
 0.00000000e+00  1.03590196e+00  4.30402635e-06  2.32197312e-05  7.32421930e-01  4.99062330e-02  1.92358424e+00  1.44207977e+00 
 5.00000000e+00  1.03583345e+00  4.38313768e-06  2.36343919e-05  7.26542857e-01  5.08615851e-02  1.92244976e+00  1.43172628e+00 
 1.00000000e+01  1.03575332e+00  4.46217451e-06  2.40489366e-05  7.20642718e-01  5.18184742e-02  1.92134045e+00  1.42138298e+00 
 1.50000000e+01  1.03566172e+00  4.54113270e-06  2.44633476e-05  7.14721636e-01  5.27769031e-02  1.92025633e+00  1.41104985e+00 
 2.00000000e+01  1.03555878e+00  4.62000811e-06  2.48776074e-05  7.08779730e-01  5.37368748e-02  1.91919740e+00  1.40072683e+00 
 2.50000000e+01  1.03544466e+00  4.69879664e-06  2.52916985e-05  7.02817110e-01  5.46983921e-02  1.91816368e+00  1.39041392e+00 
 3.00000000e+01  1.03531949e+00  4.77749422e-06  2.57056034e-05  6.96833887e-01  5.56614579e-02  1.91715522e+00  1.38011110e+00 
 3.50000000e+01  1.03518341e+00  4.85609680e-06  2.61193051e-05  6.90830161e-01  5.66260751e-02  1.91617205e+00  1.36981835e+00 
 4.00000000e+01  1.03503654e+00  4.93460039e-06  2.65327863e-05  6.84806032e-01  5.75922469e-02  1.91521423e+00  1.35953568e+00 
 4.50000000e+01  1.03487901e+00  5.01300102e-06  2.69460301e-05  6.78761595e-01  5.85599761e-02  1.91428179e+00  1.34926309e+00 
 5.00000000e+01  1.03471095e+00  5.09129477e-06  2.73590197e-05  6.72696939e-01  5.95292660e-02  1.91337480e+00  1.33900058e+00 
 5.50000000e+01  1.03453248e+00  5.16947779e-06  2.77717385e-05  6.66612151e-01  6.05001197e-02  1.91249332e+00  1.32874816e+00 
 6.00000000e+01  1.03434371e+00  5.24754628e-06  2.81841703e-05  6.60507316e-01  6.14725407e-02  1.91163743e+00  1.31850584e+00 
 6.50000000e+01  1.03414478e+00  5.32549660e-06  2.85962994e-05  6.54382512e-01  6.24465327e-02  1.91080718e+00  1.30827361e+00 
 7.00000000e+01  1.03393583e+00  5.40332525e-06  2.90081109e-05  6.48237817e-01  6.34220998e-02  1.91000265e+00  1.29805145e+00 
 7.50000000e+01  1.03371698e+00  5.48102897e-06  2.94195908e-05  6.42073307e-01  6.43992468e-02  1.90922389e+00  1.28783934e+00 
 8.00000000e+01  1.03348843e+00  5.55860489e-06  2.98307272e-05  6.35889056e-01  6.53779798e-02  1.90847096e+00  1.27763717e+00 
 8.50000000e+01  1.03325037e+00  5.63605072e-06  3.02415108e-05  6.29685138e-01  6.63583065e-02  1.90774389e+00  1.26744477e+00 
 9.00000000e+01  1.03300309e+00  5.71336504e-06  3.06519366e-05  6.23461626e-01  6.73402374e-02  1.90704268e+00  1.25726187e+00 
 9.50000000e+01  1.03274694e+00  5.79054776e-06  3.10620061e-05  6.17218600e-01  6.83237871e-02  1.90636728e+00  1.24708797e+00 
 1.00000000e+02  1.03248246e+00  5.86760084e-06  3.14717310e-05  6.10956146e-01  6.93089769e-02  1.90571754e+00  1.23692229e+00 
 1.05000000e+02  1.03221039e+00  5.94452924e-06  3.18811376e-05  6.04674359e-01  7.02958373e-02  1.90509322e+00  1.22676360e+00 
 1.10000000e+02  1.03193185e+00  6.02134242e-06  3.22902746e-05  5.98373358e-01  7.12844138e-02  1.90449385e+00  1.21660999e+00 
 1.15000000e+02  1.03164843e+00  6.09805641e-06  3.26992235e-05  5.92053286e-01  7.22747724e-02  1.90391871e+00  1.20645853e+00 
 1.20000000e+02  1.03136248e+00  6.17469685e-06  3.31081134e-05  5.85714333e-01  7.32670105e-02  1.90336663e+00  1.19630482e+00 
 1.25000000e+02  1.03107744e+00  6.25130308e-06  3.35171416e-05  5.79356751e-01  7.42612692e-02  1.90283588e+00  1.18614233e+00 
 1.30000000e+02  1.03079825e+00  6.32793398e-06  3.39266032e-05  5.72980882e-01  7.52577527e-02  1.90232384e+00  1.17596143e+00 
 1.35000000e+02  1.03053200e+00  6.40467590e-06  3.43369304e-05  5.66587197e-01  7.62567531e-02  1.90182670e+00  1.16574815e+00 
 1.40000000e+02  1.03028882e+00  6.48165346e-06  3.47487473e-05  5.60176350e-01  7.72586859e-02  1.90133893e+00  1.15548239e+00 
 1.45000000e+02  1.03008300e+00  6.55904451e-06  3.51629448e-05  5.53749241e-01  7.82641367e-02  1.90085266e+00  1.14513547e+00 
 1.50000000e+02  1.02993464e+00  6.63710033e-06  3.55807820e-05  5.47307120e-01  7.92739272e-02  1.90035672e+00  1.13466684e+00 
 1.55000000e+02  1.02987182e+00  6.71617311e-06  3.60040244e-05  5.40851712e-01  8.02892025e-02  1.89983544e+00  1.12401958e+00 
 1.60000000e+02  1.02993351e+00  6.79675286e-06  3.64351283e-05  5.34385394e-01  8.13115494e-02  1.89926694e+00  1.11311442e+00 
 1.65000000e+02  1.03017352e+00  6.87951627e-06  3.68774860e-05  5.27911424e-01  8.23431521e-02  1.89862098e+00  1.10184174e+00 
 1.70000000e+02  1.03066556e+00  6.96539090e-06  3.73357466e-05  5.21434238e-01  8.33869948e-02  1.89785604e+00  1.09005119e+00 
 1.75000000e+02  1.03150995e+00  7.05563836e-06  3.78162327e-05  5.14959833e-01  8.44471208e-02  1.89691560e+00  1.07753807e+00 
