 temp-sweep      v(vref)         iptat           itot            v(vbe)          v(dvbe)         v(pbias)        v(pcasc)       
-4.00000000e+01  1.03340237e+00  3.20896713e-06  1.71152510e-05  7.75946563e-01  4.23102154e-02  1.95342707e+00  1.54492420e+00 
-3.50000000e+01  1.03337365e+00  3.27853148e-06  1.74749205e-05  7.70180145e-01  4.32531632e-02  1.95251330e+00  1.53490665e+00 
-3.00000000e+01  1.03333170e+00  3.34805982e-06  1.78345718e-05  7.64391327e-01  4.41976239e-02  1.95162868e+00  1.52490371e+00 
-2.50000000e+01  1.03327673e+00  3.41754832e-06  1.81941881e-05  7.58580288e-01  4.51436000e-02  1.95077305e+00  1.51491518e+00 
-2.00000000e+01  1.03320893e+00  3.48699317e-06  1.85537527e-05  7.52747201e-01  4.60910940e-02  1.94994628e+00  1.50494088e+00 
-1.50000000e+01  1.03312850e+00  3.55639059e-06  1.89132487e-05  7.46892229e-01  4.70401083e-02  1.94914825e+00  1.49498068e+00 
-1.00000000e+01  1.03303561e+00  3.62573682e-06  1.92726598e-05  7.41015527e-01  4.79906455e-02  1.94837889e+00  1.48503442e+00 
-5.00000000e+00  1.03293043e+00  3.69502812e-06  1.96319694e-05  7.35117245e-01  4.89427083e-02  1.94763810e+00  1.47510199e+00 
 0.00000000e+00  1.03281315e+00  3.76426079e-06  1.99911614e-05  7.29197523e-01  4.98962994e-02  1.94692582e+00  1.46518329e+00 
 5.00000000e+00  1.03268392e+00  3.83343114e-06  2.03502193e-05  7.23256498e-01  5.08514214e-02  1.94624200e+00  1.45527820e+00 
 1.00000000e+01  1.03254289e+00  3.90253552e-06  2.07091273e-05  7.17294296e-01  5.18080772e-02  1.94558660e+00  1.44538666e+00 
 1.50000000e+01  1.03239023e+00  3.97157028e-06  2.10678693e-05  7.11311043e-01  5.27662695e-02  1.94495960e+00  1.43550858e+00 
 2.00000000e+01  1.03222607e+00  4.04053181e-06  2.14264295e-05  7.05306856e-01  5.37260013e-02  1.94436097e+00  1.42564390e+00 
 2.50000000e+01  1.03205056e+00  4.10941654e-06  2.17847921e-05  6.99281847e-01  5.46872753e-02  1.94379072e+00  1.41579257e+00 
 3.00000000e+01  1.03186383e+00  4.17822091e-06  2.21429414e-05  6.93236124e-01  5.56500946e-02  1.94324884e+00  1.40595454e+00 
 3.50000000e+01  1.03166602e+00  4.24694138e-06  2.25008619e-05  6.87169790e-01  5.66144620e-02  1.94273534e+00  1.39612978e+00 
 4.00000000e+01  1.03145726e+00  4.31557446e-06  2.28585382e-05  6.81082943e-01  5.75803806e-02  1.94225024e+00  1.38631825e+00 
 4.50000000e+01  1.03123768e+00  4.38411669e-06  2.32159550e-05  6.74975677e-01  5.85478533e-02  1.94179358e+00  1.37651992e+00 
 5.00000000e+01  1.03100740e+00  4.45256464e-06  2.35730974e-05  6.68848084e-01  5.95168834e-02  1.94136538e+00  1.36673479e+00 
 5.50000000e+01  1.03076654e+00  4.52091497e-06  2.39299504e-05  6.62700250e-01  6.04874742e-02  1.94096568e+00  1.35696282e+00 
 6.00000000e+01  1.03051522e+00  4.58916438e-06  2.42864995e-05  6.56532257e-01  6.14596290e-02  1.94059452e+00  1.34720401e+00 
 6.50000000e+01  1.03025358e+00  4.65730971e-06  2.46427309e-05  6.50344188e-01  6.24333516e-02  1.94025194e+00  1.33745831e+00 
 7.00000000e+01  1.02998176e+00  4.72534794e-06  2.49986312e-05  6.44136118e-01  6.34086465e-02  1.93993800e+00  1.32772569e+00 
 7.50000000e+01  1.02969990e+00  4.79327633e-06  2.53541885e-05  6.37908124e-01  6.43855188e-02  1.93965272e+00  1.31800607e+00 
 8.00000000e+01  1.02940819e+00  4.86109248e-06  2.57093925e-05  6.31660280e-01  6.53639749e-02  1.93939614e+00  1.30829932e+00 
 8.50000000e+01  1.02910686e+00  4.92879461e-06  2.60642358e-05  6.25392662e-01  6.63440233e-02  1.93916826e+00  1.29860522e+00 
 9.00000000e+01  1.02879621e+00  4.99638181e-06  2.64187155e-05  6.19105346e-01  6.73256758e-02  1.93896905e+00  1.28892342e+00 
 9.50000000e+01  1.02847665e+00  5.06385454e-06  2.67728352e-05  6.12798413e-01  6.83089491e-02  1.93879844e+00  1.27925335e+00 
 1.00000000e+02  1.02814879e+00  5.13121532e-06  2.71266086e-05  6.06471953e-01  6.92938674e-02  1.93865623e+00  1.26959409e+00 
 1.05000000e+02  1.02781348e+00  5.19846975e-06  2.74800649e-05  6.00126070e-01  7.02804663e-02  1.93854212e+00  1.25994422e+00 
 1.10000000e+02  1.02747201e+00  5.26562801e-06  2.78332555e-05  5.93760892e-01  7.12687981e-02  1.93845559e+00  1.25030154e+00 
 1.15000000e+02  1.02712622e+00  5.33270695e-06  2.81862654e-05  5.87376580e-01  7.22589398e-02  1.93839581e+00  1.24066270e+00 
 1.20000000e+02  1.02677883e+00  5.39973308e-06  2.85392271e-05  5.80973344e-01  7.32510040e-02  1.93836148e+00  1.23102270e+00 
 1.25000000e+02  1.02643380e+00  5.46674669e-06  2.88923419e-05  5.74551469e-01  7.42451539e-02  1.93835070e+00  1.22137412e+00 
 1.30000000e+02  1.02609680e+00  5.53380744e-06  2.92459080e-05  5.68111344e-01  7.52416240e-02  1.93836063e+00  1.21170607e+00 
 1.35000000e+02  1.02577596e+00  5.60100220e-06  2.96003594e-05  5.61653500e-01  7.62407485e-02  1.93838712e+00  1.20200284e+00 
 1.40000000e+02  1.02548280e+00  5.66845568e-06  2.99563202e-05  5.55178676e-01  7.72429998e-02  1.93842425e+00  1.19224181e+00 
 1.45000000e+02  1.02523360e+00  5.73634533e-06  3.03146787e-05  5.48687890e-01  7.82490436e-02  1.93846357e+00  1.18239079e+00 
 1.50000000e+02  1.02505123e+00  5.80492167e-06  3.06766899e-05  5.42182557e-01  7.92598129e-02  1.93849313e+00  1.17240427e+00 
 1.55000000e+02  1.02496768e+00  5.87453609e-06  3.10441142e-05  5.35664634e-01  8.02766102e-02  1.93849612e+00  1.16221835e+00 
 1.60000000e+02  1.02502743e+00  5.94567783e-06  3.14194029e-05  5.29136823e-01  8.13012424e-02  1.93844909e+00  1.15174397e+00 
 1.65000000e+02  1.02529191e+00  6.01902304e-06  3.18059429e-05  5.22602834e-01  8.23361989e-02  1.93831961e+00  1.14085798e+00 
 1.70000000e+02  1.02584536e+00  6.09549880e-06  3.22083775e-05  5.16067718e-01  8.33848817e-02  1.93806311e+00  1.12939142e+00 
 1.75000000e+02  1.02680239e+00  6.17636614e-06  3.26330213e-05  5.09538303e-01  8.44518979e-02  1.93761902e+00  1.11711435e+00 
