 temp-sweep      v(vref)         iptat           itot            v(vbe)          v(dvbe)         v(pbias)        v(pcasc)       
-4.00000000e+01  1.03346090e+00  3.20964309e-06  1.71189618e-05  7.75950877e-01  4.23190562e-02  2.06702613e+00  1.65843742e+00 
-3.50000000e+01  1.03343344e+00  3.27922159e-06  1.74787084e-05  7.70184552e-01  4.32621940e-02  2.06621233e+00  1.64851801e+00 
-3.00000000e+01  1.03339275e+00  3.34876406e-06  1.78384371e-05  7.64395826e-01  4.42068446e-02  2.06542835e+00  1.63861388e+00 
-2.50000000e+01  1.03333904e+00  3.41826668e-06  1.81981308e-05  7.58584880e-01  4.51530107e-02  2.06467402e+00  1.62872480e+00 
-2.00000000e+01  1.03327251e+00  3.48772562e-06  1.85577730e-05  7.52751886e-01  4.61006945e-02  2.06394919e+00  1.61885062e+00 
-1.50000000e+01  1.03319334e+00  3.55713711e-06  1.89173468e-05  7.46897007e-01  4.70498987e-02  2.06325374e+00  1.60899115e+00 
-1.00000000e+01  1.03310172e+00  3.62649740e-06  1.92768358e-05  7.41020398e-01  4.80006259e-02  2.06258756e+00  1.59914624e+00 
-5.00000000e+00  1.03299781e+00  3.69580274e-06  1.96362235e-05  7.35122209e-01  4.89528785e-02  2.06195056e+00  1.58931576e+00 
 0.00000000e+00  1.03288180e+00  3.76504944e-06  1.99954938e-05  7.29202581e-01  4.99066594e-02  2.06134266e+00  1.57949960e+00 
 5.00000000e+00  1.03275384e+00  3.83423381e-06  2.03546303e-05  7.23261648e-01  5.08619713e-02  2.06076380e+00  1.56969763e+00 
 1.00000000e+01  1.03261409e+00  3.90335222e-06  2.07136172e-05  7.17299541e-01  5.18188170e-02  2.06021391e+00  1.55990976e+00 
 1.50000000e+01  1.03246271e+00  3.97240103e-06  2.10724385e-05  7.11316382e-01  5.27771992e-02  2.05969297e+00  1.55013590e+00 
 2.00000000e+01  1.03229984e+00  4.04137665e-06  2.14310785e-05  7.05312290e-01  5.37371210e-02  2.05920094e+00  1.54037598e+00 
 2.50000000e+01  1.03212563e+00  4.11027555e-06  2.17895216e-05  6.99287376e-01  5.46985854e-02  2.05873781e+00  1.53062993e+00 
 3.00000000e+01  1.03194021e+00  4.17909419e-06  2.21477523e-05  6.93241749e-01  5.56615953e-02  2.05830356e+00  1.52089769e+00 
 3.50000000e+01  1.03174374e+00  4.24782912e-06  2.25057555e-05  6.87175512e-01  5.66261540e-02  2.05789819e+00  1.51117919e+00 
 4.00000000e+01  1.03153634e+00  4.31647695e-06  2.28635163e-05  6.81088764e-01  5.75922650e-02  2.05752170e+00  1.50147440e+00 
 4.50000000e+01  1.03131816e+00  4.38503437e-06  2.32210202e-05  6.74981601e-01  5.85599317e-02  2.05717410e+00  1.49178327e+00 
 5.00000000e+01  1.03108934e+00  4.45349819e-06  2.35782532e-05  6.68854115e-01  5.95291584e-02  2.05685541e+00  1.48210574e+00 
 5.50000000e+01  1.03085004e+00  4.52186540e-06  2.39352023e-05  6.62706393e-01  6.04999497e-02  2.05656564e+00  1.47244176e+00 
 6.00000000e+01  1.03060043e+00  4.59013325e-06  2.42918555e-05  6.56538523e-01  6.14723113e-02  2.05630480e+00  1.46279125e+00 
 6.50000000e+01  1.03034071e+00  4.65829934e-06  2.46482023e-05  6.50350591e-01  6.24462502e-02  2.05607288e+00  1.45315410e+00 
 7.00000000e+01  1.03007111e+00  4.72636184e-06  2.50042350e-05  6.44142680e-01  6.34217757e-02  2.05586987e+00  1.44353018e+00 
 7.50000000e+01  1.02979193e+00  4.79431963e-06  2.53599490e-05  6.37914877e-01  6.43989000e-02  2.05569574e+00  1.43391924e+00 
 8.00000000e+01  1.02950357e+00  4.86217260e-06  2.57153446e-05  6.31667272e-01  6.53776392e-02  2.05555039e+00  1.42432097e+00 
 8.50000000e+01  1.02920651e+00  4.92992190e-06  2.60704277e-05  6.25399957e-01  6.63580145e-02  2.05543371e+00  1.41473488e+00 
 9.00000000e+01  1.02890136e+00  4.99757005e-06  2.64252110e-05  6.19113032e-01  6.73400523e-02  2.05534550e+00  1.40516033e+00 
 9.50000000e+01  1.02858885e+00  5.06512106e-06  2.67797145e-05  6.12806599e-01  6.83237846e-02  2.05528552e+00  1.39559642e+00 
 1.00000000e+02  1.02826986e+00  5.13258053e-06  2.71339665e-05  6.06480769e-01  6.93092487e-02  2.05525347e+00  1.38604198e+00 
 1.05000000e+02  1.02794545e+00  5.19995601e-06  2.74880061e-05  6.00135658e-01  7.02964882e-02  2.05524893e+00  1.37649543e+00 
 1.10000000e+02  1.02761691e+00  5.26725820e-06  2.78418889e-05  5.93771395e-01  7.12855570e-02  2.05527139e+00  1.36695454e+00 
 1.15000000e+02  1.02728605e+00  5.33450292e-06  2.81956975e-05  5.87388132e-01  7.22765264e-02  2.05532008e+00  1.35741610e+00 
 1.20000000e+02  1.02695535e+00  5.40171428e-06  2.85495567e-05  5.80986063e-01  7.32694972e-02  2.05539390e+00  1.34787536e+00 
 1.25000000e+02  1.02662848e+00  5.46892908e-06  2.89036561e-05  5.74565448e-01  7.42646155e-02  2.05549114e+00  1.33832531e+00 
 1.30000000e+02  1.02631074e+00  5.53620285e-06  2.92582797e-05  5.68126644e-01  7.52620953e-02  2.05560928e+00  1.32875557e+00 
 1.35000000e+02  1.02600988e+00  5.60361811e-06  2.96138473e-05  5.61670151e-01  7.62622485e-02  2.05574458e+00  1.31915101e+00 
 1.40000000e+02  1.02573707e+00  5.67129556e-06  2.99709710e-05  5.55196674e-01  7.72655265e-02  2.05589155e+00  1.30948967e+00 
 1.45000000e+02  1.02550828e+00  5.73940941e-06  3.03305315e-05  5.48707204e-01  7.82725765e-02  2.05604227e+00  1.29974007e+00 
 1.50000000e+02  1.02534621e+00  5.80820806e-06  3.06937821e-05  5.42203134e-01  7.92843167e-02  2.05618545e+00  1.28985747e+00 
 1.55000000e+02  1.02528275e+00  5.87804183e-06  3.10624873e-05  5.35686405e-01  8.03020388e-02  2.05630508e+00  1.27977889e+00 
 1.60000000e+02  1.02536237e+00  5.94939994e-06  3.14391085e-05  5.29159706e-01  8.13275423e-02  2.05637881e+00  1.26941641e+00 
 1.65000000e+02  1.02564657e+00  6.02295938e-06  3.18270478e-05  5.22626737e-01  8.23633114e-02  2.05637563e+00  1.25864835e+00 
 1.70000000e+02  1.02621974e+00  6.09964881e-06  3.22309688e-05  5.16092544e-01  8.34127447e-02  2.05625294e+00  1.24730775e+00 
 1.75000000e+02  1.02719667e+00  6.18073151e-06  3.26572110e-05  5.09563948e-01  8.44804470e-02  2.05595280e+00  1.23516732e+00 
