 temp-sweep      v(vref)         iptat           itot            v(vbe)          v(dvbe)         v(pbias)        v(pcasc)       
-4.00000000e+01  1.04675988e+00  3.66742746e-06  1.98934193e-05  7.89514196e-01  4.23445503e-02  2.04814741e+00  1.64003224e+00 
-3.50000000e+01  1.04699352e+00  3.74648504e-06  2.03058852e-05  7.84045037e-01  4.32854338e-02  2.04694904e+00  1.62978850e+00 
-3.00000000e+01  1.04721266e+00  3.82547990e-06  2.07182685e-05  7.78553714e-01  4.42276981e-02  2.04577798e+00  1.61956003e+00 
-2.50000000e+01  1.04741755e+00  3.90440817e-06  2.11305533e-05  7.73040412e-01  4.51713480e-02  2.04463410e+00  1.60934659e+00 
-2.00000000e+01  1.04760841e+00  3.98326604e-06  2.15427236e-05  7.67505308e-01  4.61163885e-02  2.04351729e+00  1.59914799e+00 
-1.50000000e+01  1.04778548e+00  4.06204974e-06  2.19547641e-05  7.61948571e-01  4.70628250e-02  2.04242745e+00  1.58896402e+00 
-1.00000000e+01  1.04794898e+00  4.14075560e-06  2.23666595e-05  7.56370364e-01  4.80106630e-02  2.04136449e+00  1.57879451e+00 
-5.00000000e+00  1.04809913e+00  4.21937996e-06  2.27783948e-05  7.50770840e-01  4.89599082e-02  2.04032834e+00  1.56863926e+00 
 0.00000000e+00  1.04823614e+00  4.29791921e-06  2.31899552e-05  7.45150148e-01  4.99105662e-02  2.03931894e+00  1.55849813e+00 
 5.00000000e+00  1.04836021e+00  4.37636978e-06  2.36013259e-05  7.39508429e-01  5.08626429e-02  2.03833625e+00  1.54837095e+00 
 1.00000000e+01  1.04847156e+00  4.45472816e-06  2.40124926e-05  7.33845820e-01  5.18161441e-02  2.03738022e+00  1.53825758e+00 
 1.50000000e+01  1.04857037e+00  4.53299086e-06  2.44234409e-05  7.28162449e-01  5.27710757e-02  2.03645084e+00  1.52815788e+00 
 2.00000000e+01  1.04865685e+00  4.61115447e-06  2.48341569e-05  7.22458442e-01  5.37274440e-02  2.03554808e+00  1.51807171e+00 
 2.50000000e+01  1.04873119e+00  4.68921561e-06  2.52446268e-05  7.16733919e-01  5.46852553e-02  2.03467194e+00  1.50799896e+00 
 3.00000000e+01  1.04879358e+00  4.76717094e-06  2.56548369e-05  7.10988994e-01  5.56445159e-02  2.03382241e+00  1.49793950e+00 
 3.50000000e+01  1.04884421e+00  4.84501721e-06  2.60647739e-05  7.05223777e-01  5.66052324e-02  2.03299949e+00  1.48789321e+00 
 4.00000000e+01  1.04888325e+00  4.92275122e-06  2.64744247e-05  6.99438376e-01  5.75674116e-02  2.03220321e+00  1.47785998e+00 
 4.50000000e+01  1.04891091e+00  5.00036984e-06  2.68837768e-05  6.93632892e-01  5.85310604e-02  2.03143357e+00  1.46783970e+00 
 5.00000000e+01  1.04892737e+00  5.07787009e-06  2.72928179e-05  6.87807425e-01  5.94961862e-02  2.03069059e+00  1.45783226e+00 
 5.50000000e+01  1.04893283e+00  5.15524912e-06  2.77015366e-05  6.81962069e-01  6.04627968e-02  2.02997430e+00  1.44783753e+00 
 6.00000000e+01  1.04892749e+00  5.23250429e-06  2.81099224e-05  6.76096918e-01  6.14309006e-02  2.02928470e+00  1.43785539e+00 
 6.50000000e+01  1.04891158e+00  5.30963329e-06  2.85179662e-05  6.70212063e-01  6.24005071e-02  2.02862180e+00  1.42788568e+00 
 7.00000000e+01  1.04888536e+00  5.38663421e-06  2.89256609e-05  6.64307593e-01  6.33716272e-02  2.02798561e+00  1.41792821e+00 
 7.50000000e+01  1.04884911e+00  5.46350579e-06  2.93330023e-05  6.58383599e-01  6.43442742e-02  2.02737611e+00  1.40798274e+00 
 8.00000000e+01  1.04880320e+00  5.54024763e-06  2.97399902e-05  6.52440171e-01  6.53184640e-02  2.02679323e+00  1.39804894e+00 
 8.50000000e+01  1.04874806e+00  5.61686045e-06  3.01466300e-05  6.46477403e-01  6.62942168e-02  2.02623690e+00  1.38812636e+00 
 9.00000000e+01  1.04868426e+00  5.69334648e-06  3.05529339e-05  6.40495394e-01  6.72715575e-02  2.02570695e+00  1.37821438e+00 
 9.50000000e+01  1.04861247e+00  5.76970973e-06  3.09589230e-05  6.34494249e-01  6.82505173e-02  2.02520317e+00  1.36831216e+00 
 1.00000000e+02  1.04853356e+00  5.84595635e-06  3.13646293e-05  6.28474080e-01  6.92311342e-02  2.02472524e+00  1.35841854e+00 
 1.05000000e+02  1.04844856e+00  5.92209514e-06  3.17700984e-05  6.22435010e-01  7.02134543e-02  2.02427277e+00  1.34853196e+00 
 1.10000000e+02  1.04835881e+00  5.99813840e-06  3.21753942e-05  6.16377173e-01  7.11975344e-02  2.02384519e+00  1.33865025e+00 
 1.15000000e+02  1.04826604e+00  6.07410370e-06  3.25806082e-05  6.10300727e-01  7.21834472e-02  2.02344174e+00  1.32877036e+00 
 1.20000000e+02  1.04817260e+00  6.15001668e-06  3.29858737e-05  6.04205864e-01  7.31712905e-02  2.02306130e+00  1.31888789e+00 
 1.25000000e+02  1.04808181e+00  6.22591531e-06  3.33913870e-05  5.98092829e-01  7.41612007e-02  2.02270226e+00  1.30899644e+00 
 1.30000000e+02  1.04799845e+00  6.30185598e-06  3.37974380e-05  5.91961955e-01  7.51533729e-02  2.02236222e+00  1.29908667e+00 
 1.35000000e+02  1.04792935e+00  6.37792182e-06  3.42044518e-05  5.85813699e-01  7.61480879e-02  2.02203767e+00  1.28914498e+00 
 1.40000000e+02  1.04788438e+00  6.45423405e-06  3.46130457e-05  5.79648696e-01  7.71457491e-02  2.02172346e+00  1.27915174e+00 
 1.45000000e+02  1.04787760e+00  6.53096740e-06  3.50241063e-05  5.73467836e-01  7.81469329e-02  2.02141219e+00  1.26907881e+00 
 1.50000000e+02  1.04792894e+00  6.60837090e-06  3.54388941e-05  5.67272364e-01  7.91524558e-02  2.02109327e+00  1.25888627e+00 
 1.55000000e+02  1.04806640e+00  6.68679574e-06  3.58591827e-05  5.61064009e-01  8.01634649e-02  2.02075175e+00  1.24851788e+00 
 1.60000000e+02  1.04832903e+00  6.76673236e-06  3.62874453e-05  5.54845168e-01  8.11815580e-02  2.02036668e+00  1.23789521e+00 
 1.65000000e+02  1.04877081e+00  6.84885947e-06  3.67270998e-05  5.48619133e-01  8.22089407e-02  2.01990902e+00  1.22690968e+00 
 1.70000000e+02  1.04946577e+00  6.93410824e-06  3.71828308e-05  5.42390394e-01  8.32486312e-02  2.01933890e+00  1.21541229e+00 
 1.75000000e+02  1.05051470e+00  7.02374563e-06  3.76610063e-05  5.36165025e-01  8.43047216e-02  2.01860197e+00  1.20320017e+00 
