 temp-sweep      v(vref)         iptat           itot            v(vbe)          v(dvbe)         v(pbias)        v(pcasc)       
-4.00000000e+01  1.03807705e+00  3.20845441e-06  1.71126858e-05  7.80654338e-01  4.23200560e-02  1.95344992e+00  1.54501232e+00 
-3.50000000e+01  1.03813852e+00  3.27785308e-06  1.74715265e-05  7.74990811e-01  4.32621236e-02  1.95254353e+00  1.53502329e+00 
-3.00000000e+01  1.03818626e+00  3.34720839e-06  1.78303122e-05  7.69304954e-01  4.42056534e-02  1.95166661e+00  1.52505016e+00 
-2.50000000e+01  1.03822048e+00  3.41651670e-06  1.81890270e-05  7.63596950e-01  4.51506491e-02  1.95081900e+00  1.51509270e+00 
-2.00000000e+01  1.03824140e+00  3.48577438e-06  1.85476552e-05  7.57866974e-01  4.60971143e-02  1.95000058e+00  1.50515073e+00 
-1.50000000e+01  1.03824920e+00  3.55497784e-06  1.89061810e-05  7.52115192e-01  4.70450525e-02  1.94921122e+00  1.49522406e+00 
-1.00000000e+01  1.03824410e+00  3.62412353e-06  1.92645888e-05  7.46341760e-01  4.79944674e-02  1.94845083e+00  1.48531253e+00 
-5.00000000e+00  1.03822629e+00  3.69320791e-06  1.96228632e-05  7.40546829e-01  4.89453625e-02  1.94771932e+00  1.47541599e+00 
 0.00000000e+00  1.03819594e+00  3.76222747e-06  1.99809890e-05  7.34730545e-01  4.98977418e-02  1.94701661e+00  1.46553430e+00 
 5.00000000e+00  1.03815324e+00  3.83117876e-06  2.03389511e-05  7.28893043e-01  5.08516092e-02  1.94634267e+00  1.45566734e+00 
 1.00000000e+01  1.03809836e+00  3.90005833e-06  2.06967345e-05  7.23034457e-01  5.18069686e-02  1.94569743e+00  1.44581499e+00 
 1.50000000e+01  1.03803147e+00  3.96886278e-06  2.10543243e-05  7.17154911e-01  5.27638240e-02  1.94508086e+00  1.43597714e+00 
 2.00000000e+01  1.03795275e+00  4.03758872e-06  2.14117058e-05  7.11254526e-01  5.37221796e-02  1.94449295e+00  1.42615370e+00 
 2.50000000e+01  1.03786234e+00  4.10623281e-06  2.17688645e-05  7.05333417e-01  5.46820396e-02  1.94393367e+00  1.41634458e+00 
 3.00000000e+01  1.03776040e+00  4.17479172e-06  2.21257858e-05  6.99391694e-01  5.56434081e-02  1.94340302e+00  1.40654970e+00 
 3.50000000e+01  1.03764709e+00  4.24326216e-06  2.24824554e-05  6.93429464e-01  5.66062893e-02  1.94290101e+00  1.39676899e+00 
 4.00000000e+01  1.03752256e+00  4.31164088e-06  2.28388591e-05  6.87446828e-01  5.75706877e-02  1.94242765e+00  1.38700238e+00 
 4.50000000e+01  1.03738696e+00  4.37992464e-06  2.31949829e-05  6.81443882e-01  5.85366076e-02  1.94198296e+00  1.37724981e+00 
 5.00000000e+01  1.03724041e+00  4.44811027e-06  2.35508128e-05  6.75420720e-01  5.95040535e-02  1.94156695e+00  1.36751122e+00 
 5.50000000e+01  1.03708308e+00  4.51619466e-06  2.39063353e-05  6.69377431e-01  6.04730300e-02  1.94117967e+00  1.35778657e+00 
 6.00000000e+01  1.03691510e+00  4.58417476e-06  2.42615370e-05  6.63314102e-01  6.14435420e-02  1.94082113e+00  1.34807580e+00 
 6.50000000e+01  1.03673662e+00  4.65204763e-06  2.46164052e-05  6.57230815e-01  6.24155945e-02  1.94049139e+00  1.33837883e+00 
 7.00000000e+01  1.03654779e+00  4.71981050e-06  2.49709279e-05  6.51127652e-01  6.33891932e-02  1.94019048e+00  1.32869560e+00 
 7.50000000e+01  1.03634880e+00  4.78746085e-06  2.53250941e-05  6.45004690e-01  6.43643447e-02  1.93991842e+00  1.31902598e+00 
 8.00000000e+01  1.03613984e+00  4.85499654e-06  2.56788948e-05  6.38862008e-01  6.53410568e-02  1.93967524e+00  1.30936982e+00 
 8.50000000e+01  1.03592115e+00  4.92241599e-06  2.60323238e-05  6.32699682e-01  6.63193393e-02  1.93946093e+00  1.29972686e+00 
 9.00000000e+01  1.03569307e+00  4.98971853e-06  2.63853792e-05  6.26517792e-01  6.72992052e-02  1.93927545e+00  1.29009672e+00 
 9.50000000e+01  1.03545602e+00  5.05690483e-06  2.67380657e-05  6.20316423e-01  6.82806726e-02  1.93911872e+00  1.28047878e+00 
 1.00000000e+02  1.03521062e+00  5.12397764e-06  2.70903983e-05  6.14095666e-01  6.92637671e-02  1.93899055e+00  1.27087210e+00 
 1.05000000e+02  1.03495775e+00  5.19094274e-06  2.74424070e-05  6.07855630e-01  7.02485255e-02  1.93889061e+00  1.26127521e+00 
 1.10000000e+02  1.03469869e+00  5.25781053e-06  2.77941445e-05  6.01596443e-01  7.12350016e-02  1.93881839e+00  1.25168589e+00 
 1.15000000e+02  1.03443533e+00  5.32459805e-06  2.81456964e-05  5.95318269e-01  7.22232738e-02  1.93877303e+00  1.24210076e+00 
 1.20000000e+02  1.03417039e+00  5.39133200e-06  2.84971964e-05  5.89021324e-01  7.32134561e-02  1.93875325e+00  1.23251477e+00 
 1.25000000e+02  1.03390785e+00  5.45805285e-06  2.88488469e-05  5.82705894e-01  7.42057137e-02  1.93875711e+00  1.22292047e+00 
 1.30000000e+02  1.03365340e+00  5.52482052e-06  2.92009472e-05  5.76372372e-01  7.52002830e-02  1.93878177e+00  1.21330693e+00 
 1.35000000e+02  1.03341520e+00  5.59172212e-06  2.95539326e-05  5.70021296e-01  7.61975010e-02  1.93882308e+00  1.20365838e+00 
 1.40000000e+02  1.03320479e+00  5.65888271e-06  2.99084289e-05  5.63653407e-01  7.71978436e-02  1.93887508e+00  1.19395214e+00 
 1.45000000e+02  1.03303849e+00  5.72648014e-06  3.02653265e-05  5.57269734e-01  7.82019811e-02  1.93892930e+00  1.18415595e+00 
 1.50000000e+02  1.03293922e+00  5.79476544e-06  3.06258827e-05  5.50871700e-01  7.92108524e-02  1.93897375e+00  1.17422421e+00 
 1.55000000e+02  1.03293904e+00  5.86409057e-06  3.09918610e-05  5.44461275e-01  8.02257676e-02  1.93899158e+00  1.16409289e+00 
 1.60000000e+02  1.03308248e+00  5.93494549e-06  3.13657160e-05  5.38041178e-01  8.12485436e-02  1.93895928e+00  1.15367278e+00 
 1.65000000e+02  1.03343108e+00  6.00800719e-06  3.17508391e-05  5.31615137e-01  8.22816834e-02  1.93884434e+00  1.14284057e+00 
 1.70000000e+02  1.03406919e+00  6.08420383e-06  3.21518787e-05  5.25188233e-01  8.33286061e-02  1.93860210e+00  1.13142703e+00 
 1.75000000e+02  1.03511155e+00  6.16479776e-06  3.25751562e-05  5.18767331e-01  8.43939422e-02  1.93817185e+00  1.11920193e+00 
