 v-sweep         ic              ib              beta           
 3.00000000e-01  1.46480565e-10  9.41489991e-13  1.55583774e+02 
 3.01000000e-01  1.51093968e-10  9.62305808e-13  1.57012424e+02 
 3.02000000e-01  1.55854367e-10  9.83622092e-13  1.58449437e+02 
 3.03000000e-01  1.60766450e-10  1.00547181e-12  1.59891555e+02 
 3.04000000e-01  1.65835044e-10  1.02784367e-12  1.61342672e+02 
 3.05000000e-01  1.71065145e-10  1.05076371e-12  1.62800774e+02 
 3.06000000e-01  1.76461891e-10  1.07424406e-12  1.64266108e+02 
 3.07000000e-01  1.82030588e-10  1.09830381e-12  1.65737919e+02 
 3.08000000e-01  1.87776729e-10  1.12295337e-12  1.67216853e+02 
 3.09000000e-01  1.93705957e-10  1.14821182e-12  1.68702285e+02 
 3.10000000e-01  1.99824105e-10  1.17409390e-12  1.70194313e+02 
 3.11000000e-01  2.06137203e-10  1.20061956e-12  1.71692357e+02 
 3.12000000e-01  2.12651448e-10  1.22780269e-12  1.73196761e+02 
 3.13000000e-01  2.19373264e-10  1.25565715e-12  1.74707932e+02 
 3.14000000e-01  2.26309251e-10  1.28420897e-12  1.76224630e+02 
 3.15000000e-01  2.33466247e-10  1.31346943e-12  1.77747759e+02 
 3.16000000e-01  2.40851283e-10  1.34346714e-12  1.79275902e+02 
 3.17000000e-01  2.48471624e-10  1.37421079e-12  1.80810416e+02 
 3.18000000e-01  2.56334784e-10  1.40572725e-12  1.82350298e+02 
 3.19000000e-01  2.64448480e-10  1.43803909e-12  1.83895196e+02 
 3.20000000e-01  2.72820701e-10  1.47116451e-12  1.85445406e+02 
 3.21000000e-01  2.81459693e-10  1.50512174e-12  1.87001281e+02 
 3.22000000e-01  2.90373944e-10  1.53994459e-12  1.88561294e+02 
 3.23000000e-01  2.99572234e-10  1.57564868e-12  1.90126287e+02 
 3.24000000e-01  3.09063605e-10  1.61225830e-12  1.91696086e+02 
 3.25000000e-01  3.18857406e-10  1.64980033e-12  1.93270300e+02 
 3.26000000e-01  3.28963260e-10  1.68829300e-12  1.94849627e+02 
 3.27000000e-01  3.39391123e-10  1.72778139e-12  1.96431750e+02 
 3.28000000e-01  3.50151245e-10  1.76827159e-12  1.98018928e+02 
 3.29000000e-01  3.61254224e-10  1.80980263e-12  1.99609736e+02 
 3.30000000e-01  3.72710965e-10  1.85239792e-12  2.01204591e+02 
 3.31000000e-01  3.84532759e-10  1.89609215e-12  2.02802779e+02 
 3.32000000e-01  3.96731228e-10  1.94091396e-12  2.04404335e+02 
 3.33000000e-01  4.09318382e-10  1.98689110e-12  2.06009470e+02 
 3.34000000e-01  4.22306595e-10  2.03405306e-12  2.07618279e+02 
 3.35000000e-01  4.35708650e-10  2.08244320e-12  2.09229549e+02 
 3.36000000e-01  4.49537736e-10  2.13208581e-12  2.10844110e+02 
 3.37000000e-01  4.63807459e-10  2.18302513e-12  2.12460888e+02 
 3.38000000e-01  4.78531853e-10  2.23528632e-12  2.14080787e+02 
 3.39000000e-01  4.93725412e-10  2.28891620e-12  2.15702704e+02 
 3.40000000e-01  5.09403076e-10  2.34394687e-12  2.17327057e+02 
 3.41000000e-01  5.25580277e-10  2.40041650e-12  2.18953784e+02 
 3.42000000e-01  5.42272937e-10  2.45837019e-12  2.20582294e+02 
 3.43000000e-01  5.59497468e-10  2.51784524e-12  2.22212811e+02 
 3.44000000e-01  5.77270825e-10  2.57888327e-12  2.23845271e+02 
 3.45000000e-01  5.95610489e-10  2.64153721e-12  2.25478743e+02 
 3.46000000e-01  6.14534505e-10  2.70584433e-12  2.27113769e+02 
 3.47000000e-01  6.34061497e-10  2.77185496e-12  2.28749882e+02 
 3.48000000e-01  6.54210669e-10  2.83960639e-12  2.30387800e+02 
 3.49000000e-01  6.75001850e-10  2.90916194e-12  2.32026220e+02 
 3.50000000e-01  6.96455500e-10  2.98056758e-12  2.33665395e+02 
 3.51000000e-01  7.18592726e-10  3.05387534e-12  2.35305193e+02 
 3.52000000e-01  7.41435301e-10  3.12913728e-12  2.36945597e+02 
 3.53000000e-01  7.65005704e-10  3.20641150e-12  2.38586252e+02 
 3.54000000e-01  7.89327129e-10  3.28574918e-12  2.40227444e+02 
 3.55000000e-01  8.14423496e-10  3.36721191e-12  2.41868798e+02 
 3.56000000e-01  8.40319501e-10  3.45086820e-12  2.43509590e+02 
 3.57000000e-01  8.67040625e-10  3.53676836e-12  2.45150526e+02 
 3.58000000e-01  8.94613157e-10  3.62498439e-12  2.46790899e+02 
 3.59000000e-01  9.23064226e-10  3.71557440e-12  2.48431098e+02 
 3.60000000e-01  9.52421820e-10  3.80861298e-12  2.50070518e+02 
 3.61000000e-01  9.82714820e-10  3.90416952e-12  2.51709055e+02 
 3.62000000e-01  1.01397305e-09  4.00231601e-12  2.53346573e+02 
 3.63000000e-01  1.04622723e-09  4.10311664e-12  2.54983547e+02 
 3.64000000e-01  1.07950913e-09  4.20665988e-12  2.56619066e+02 
 3.65000000e-01  1.11385147e-09  4.31301773e-12  2.58253394e+02 
 3.66000000e-01  1.14928804e-09  4.42227518e-12  2.59886144e+02 
 3.67000000e-01  1.18585372e-09  4.53451203e-12  2.61517384e+02 
 3.68000000e-01  1.22358448e-09  4.64980982e-12  2.63147209e+02 
 3.69000000e-01  1.26251743e-09  4.76827089e-12  2.64774686e+02 
 3.70000000e-01  1.30269088e-09  4.88997158e-12  2.66400502e+02 
 3.71000000e-01  1.34414437e-09  5.01501337e-12  2.68024085e+02 
 3.72000000e-01  1.38691866e-09  5.14348386e-12  2.69645770e+02 
 3.73000000e-01  1.43105586e-09  5.27548887e-12  2.71265071e+02 
 3.74000000e-01  1.47659938e-09  5.41113162e-12  2.72881807e+02 
 3.75000000e-01  1.52359402e-09  5.55051706e-12  2.74495871e+02 
 3.76000000e-01  1.57208602e-09  5.69374754e-12  2.76107434e+02 
 3.77000000e-01  1.62212310e-09  5.84093756e-12  2.77716220e+02 
 3.78000000e-01  1.67375448e-09  5.99220421e-12  2.79322003e+02 
 3.79000000e-01  1.72703096e-09  6.14766459e-12  2.80924721e+02 
 3.80000000e-01  1.78200496e-09  6.30744100e-12  2.82524238e+02 
 3.81000000e-01  1.83873056e-09  6.47165140e-12  2.84120767e+02 
 3.82000000e-01  1.89726357e-09  6.64043284e-12  2.85713841e+02 
 3.83000000e-01  1.95766158e-09  6.81391802e-12  2.87303365e+02 
 3.84000000e-01  2.01998401e-09  6.99223445e-12  2.88889628e+02 
 3.85000000e-01  2.08429218e-09  7.17553653e-12  2.90471963e+02 
 3.86000000e-01  2.15064935e-09  7.36395957e-12  2.92050673e+02 
 3.87000000e-01  2.21912081e-09  7.55766056e-12  2.93625361e+02 
 3.88000000e-01  2.28977393e-09  7.75678956e-12  2.95196088e+02 
 3.89000000e-01  2.36267821e-09  7.96150270e-12  2.96762848e+02 
 3.90000000e-01  2.43790538e-09  8.17196651e-12  2.98325425e+02 
 3.91000000e-01  2.51552946e-09  8.38834408e-12  2.99883915e+02 
 3.92000000e-01  2.59562681e-09  8.61081754e-12  3.01437906e+02 
 3.93000000e-01  2.67827623e-09  8.83955083e-12  3.02987819e+02 
 3.94000000e-01  2.76355904e-09  9.07474866e-12  3.04532847e+02 
 3.95000000e-01  2.85155914e-09  9.31658971e-12  3.06073277e+02 
 3.96000000e-01  2.94236311e-09  9.56525699e-12  3.07609415e+02 
 3.97000000e-01  3.03606029e-09  9.82096477e-12  3.09140737e+02 
 3.98000000e-01  3.13274284e-09  1.00839221e-11  3.10667102e+02 
 3.99000000e-01  3.23250590e-09  1.03543388e-11  3.12188539e+02 
 4.00000000e-01  3.33544761e-09  1.06324249e-11  3.13705260e+02 
 4.01000000e-01  3.44166925e-09  1.09184171e-11  3.15216869e+02 
 4.02000000e-01  3.55127533e-09  1.12125479e-11  3.16723313e+02 
 4.03000000e-01  3.66437366e-09  1.15150498e-11  3.18224734e+02 
 4.04000000e-01  3.78107552e-09  1.18261778e-11  3.19720842e+02 
 4.05000000e-01  3.90149573e-09  1.21461825e-11  3.21211683e+02 
 4.06000000e-01  4.02575275e-09  1.24753312e-11  3.22697064e+02 
 4.07000000e-01  4.15396883e-09  1.28138805e-11  3.24177272e+02 
 4.08000000e-01  4.28627011e-09  1.31621255e-11  3.25651820e+02 
 4.09000000e-01  4.42278675e-09  1.35203401e-11  3.27120969e+02 
 4.10000000e-01  4.56365305e-09  1.38888263e-11  3.28584501e+02 
 4.11000000e-01  4.70900760e-09  1.42678833e-11  3.30042482e+02 
 4.12000000e-01  4.85899339e-09  1.46578303e-11  3.31494724e+02 
 4.13000000e-01  5.01375799e-09  1.50589899e-11  3.32941187e+02 
 4.14000000e-01  5.17345365e-09  1.54716824e-11  3.34382100e+02 
 4.15000000e-01  5.33823747e-09  1.58962650e-11  3.35817091e+02 
 4.16000000e-01  5.50827158e-09  1.63330839e-11  3.37246268e+02 
 4.17000000e-01  5.68372325e-09  1.67825016e-11  3.38669609e+02 
 4.18000000e-01  5.86476507e-09  1.72448997e-11  3.40086933e+02 
 4.19000000e-01  6.05157518e-09  1.77206531e-11  3.41498427e+02 
 4.20000000e-01  6.24433733e-09  1.82101677e-11  3.42903889e+02 
 4.21000000e-01  6.44324117e-09  1.87138520e-11  3.44303308e+02 
 4.22000000e-01  6.64848237e-09  1.92321251e-11  3.45696710e+02 
 4.23000000e-01  6.86026286e-09  1.97654231e-11  3.47084037e+02 
 4.24000000e-01  7.07879096e-09  2.03141912e-11  3.48465311e+02 
 4.25000000e-01  7.30428167e-09  2.08788969e-11  3.49840401e+02 
 4.26000000e-01  7.53695680e-09  2.14600094e-11  3.51209389e+02 
 4.27000000e-01  7.77704527e-09  2.20580207e-11  3.52572218e+02 
 4.28000000e-01  8.02478326e-09  2.26734441e-11  3.53928729e+02 
 4.29000000e-01  8.28041449e-09  2.33067778e-11  3.55279249e+02 
 4.30000000e-01  8.54419043e-09  2.39585750e-11  3.56623482e+02 
 4.31000000e-01  8.81637058e-09  2.46293910e-11  3.57961372e+02 
 4.32000000e-01  9.09722271e-09  2.53197861e-11  3.59293032e+02 
 4.33000000e-01  9.38702306e-09  2.60303416e-11  3.60618513e+02 
 4.34000000e-01  9.68605677e-09  2.67616698e-11  3.61937683e+02 
 4.35000000e-01  9.99461799e-09  2.75143885e-11  3.63250595e+02 
 4.36000000e-01  1.03130103e-08  2.82891448e-11  3.64557160e+02 
 4.37000000e-01  1.06415468e-08  2.90865875e-11  3.65857523e+02 
 4.38000000e-01  1.09805509e-08  2.99074054e-11  3.67151570e+02 
 4.39000000e-01  1.13303559e-08  3.07523012e-11  3.68439284e+02 
 4.40000000e-01  1.16913059e-08  3.16219898e-11  3.69720754e+02 
 4.41000000e-01  1.20637561e-08  3.25172240e-11  3.70995879e+02 
 4.42000000e-01  1.24480728e-08  3.34387604e-11  3.72264782e+02 
 4.43000000e-01  1.28446342e-08  3.43874040e-11  3.73527300e+02 
 4.44000000e-01  1.32538302e-08  3.53639564e-11  3.74783580e+02 
 4.45000000e-01  1.36760634e-08  3.63692574e-11  3.76033618e+02 
 4.46000000e-01  1.41117493e-08  3.74041866e-11  3.77277266e+02 
 4.47000000e-01  1.45613163e-08  3.84696133e-11  3.78514755e+02 
 4.48000000e-01  1.50252067e-08  3.95664745e-11  3.79745905e+02 
 4.49000000e-01  1.55038768e-08  4.06957053e-11  3.80970834e+02 
 4.50000000e-01  1.59977975e-08  4.18582809e-11  3.82189549e+02 
 4.51000000e-01  1.65074547e-08  4.30552129e-11  3.83401999e+02 
 4.52000000e-01  1.70333497e-08  4.42875284e-11  3.84608270e+02 
 4.53000000e-01  1.75759998e-08  4.55562998e-11  3.85808326e+02 
 4.54000000e-01  1.81359388e-08  4.68626254e-11  3.87002192e+02 
 4.55000000e-01  1.87137175e-08  4.82076349e-11  3.88189911e+02 
 4.56000000e-01  1.93099042e-08  4.95925012e-11  3.89371453e+02 
 4.57000000e-01  1.99250854e-08  5.10184198e-11  3.90546895e+02 
 4.58000000e-01  2.05598663e-08  5.24866350e-11  3.91716220e+02 
 4.59000000e-01  2.12148711e-08  5.39984222e-11  3.92879463e+02 
 4.60000000e-01  2.18907443e-08  5.55551000e-11  3.94036628e+02 
 4.61000000e-01  2.25881506e-08  5.71580222e-11  3.95187757e+02 
 4.62000000e-01  2.33077759e-08  5.88085855e-11  3.96332878e+02 
 4.63000000e-01  2.40503283e-08  6.05082372e-11  3.97471971e+02 
 4.64000000e-01  2.48165380e-08  6.22584576e-11  3.98605088e+02 
 4.65000000e-01  2.56071587e-08  6.40607738e-11  3.99732273e+02 
 4.66000000e-01  2.64229681e-08  6.59167650e-11  4.00853532e+02 
 4.67000000e-01  2.72647686e-08  6.78280556e-11  4.01968896e+02 
 4.68000000e-01  2.81333882e-08  6.97963219e-11  4.03078378e+02 
 4.69000000e-01  2.90296813e-08  7.18232838e-11  4.04182039e+02 
 4.70000000e-01  2.99545294e-08  7.39107289e-11  4.05279854e+02 
 4.71000000e-01  3.09088423e-08  7.60604811e-11  4.06371900e+02 
 4.72000000e-01  3.18935585e-08  7.82744201e-11  4.07458253e+02 
 4.73000000e-01  3.29096465e-08  8.05545158e-11  4.08538817e+02 
 4.74000000e-01  3.39581059e-08  8.29027605e-11  4.09613693e+02 
 4.75000000e-01  3.50399677e-08  8.53212145e-11  4.10682946e+02 
 4.76000000e-01  3.61562961e-08  8.78120214e-11  4.11746542e+02 
 4.77000000e-01  3.73081890e-08  9.03773645e-11  4.12804569e+02 
 4.78000000e-01  3.84967793e-08  9.30195178e-11  4.13857007e+02 
 4.79000000e-01  3.97232360e-08  9.57407985e-11  4.14903955e+02 
 4.80000000e-01  4.09887653e-08  9.85436193e-11  4.15945402e+02 
 4.81000000e-01  4.22946119e-08  1.01430455e-10  4.16981386e+02 
 4.82000000e-01  4.36420602e-08  1.04403864e-10  4.18011925e+02 
 4.83000000e-01  4.50324352e-08  1.07466471e-10  4.19037069e+02 
 4.84000000e-01  4.64671044e-08  1.10620979e-10  4.20056891e+02 
 4.85000000e-01  4.79474787e-08  1.13870191e-10  4.21071381e+02 
 4.86000000e-01  4.94750141e-08  1.17216977e-10  4.22080617e+02 
 4.87000000e-01  5.10512127e-08  1.20664316e-10  4.23084591e+02 
 4.88000000e-01  5.26776247e-08  1.24215260e-10  4.24083358e+02 
 4.89000000e-01  5.43558495e-08  1.27872962e-10  4.25076955e+02 
 4.90000000e-01  5.60875375e-08  1.31640669e-10  4.26065425e+02 
 4.91000000e-01  5.78743916e-08  1.35521723e-10  4.27048817e+02 
 4.92000000e-01  5.97181691e-08  1.39519587e-10  4.28027135e+02 
 4.93000000e-01  6.16206830e-08  1.43637805e-10  4.29000450e+02 
 4.94000000e-01  6.35838042e-08  1.47880056e-10  4.29968761e+02 
 4.95000000e-01  6.56094633e-08  1.52250100e-10  4.30932152e+02 
 4.96000000e-01  6.76996519e-08  1.56751837e-10  4.31890646e+02 
 4.97000000e-01  6.98564256e-08  1.61389290e-10  4.32844248e+02 
 4.98000000e-01  7.20819051e-08  1.66166564e-10  4.33793076e+02 
 4.99000000e-01  7.43782788e-08  1.71087959e-10  4.34737073e+02 
 5.00000000e-01  7.67478045e-08  1.76157845e-10  4.35676336e+02 
 5.01000000e-01  7.91928122e-08  1.81380752e-10  4.36610893e+02 
 5.02000000e-01  8.17157060e-08  1.86761342e-10  4.37540794e+02 
 5.03000000e-01  8.43189665e-08  1.92304430e-10  4.38466065e+02 
 5.04000000e-01  8.70051532e-08  1.98014971e-10  4.39386743e+02 
 5.05000000e-01  8.97769073e-08  2.03898072e-10  4.40302875e+02 
 5.06000000e-01  9.26369538e-08  2.09958995e-10  4.41214504e+02 
 5.07000000e-01  9.55881048e-08  2.16203182e-10  4.42121638e+02 
 5.08000000e-01  9.86332616e-08  2.22636204e-10  4.43024358e+02 
 5.09000000e-01  1.01775418e-07  2.29263837e-10  4.43922684e+02 
 5.10000000e-01  1.05017663e-07  2.36092012e-10  4.44816673e+02 
 5.11000000e-01  1.08363185e-07  2.43126874e-10  4.45706322e+02 
 5.12000000e-01  1.11815271e-07  2.50374708e-10  4.46591718e+02 
 5.13000000e-01  1.15377316e-07  2.57842024e-10  4.47472893e+02 
 5.14000000e-01  1.19052822e-07  2.65535541e-10  4.48349857e+02 
 5.15000000e-01  1.22845401e-07  2.73462157e-10  4.49222671e+02 
 5.16000000e-01  1.26758781e-07  2.81628997e-10  4.50091369e+02 
 5.17000000e-01  1.30796809e-07  2.90043397e-10  4.50955996e+02 
 5.18000000e-01  1.34963455e-07  2.98712932e-10  4.51816577e+02 
 5.19000000e-01  1.39262813e-07  3.07645395e-10  4.52673160e+02 
 5.20000000e-01  1.43699110e-07  3.16848821e-10  4.53525784e+02 
 5.21000000e-01  1.48276706e-07  3.26331485e-10  4.54374500e+02 
 5.22000000e-01  1.53000099e-07  3.36101951e-10  4.55219313e+02 
 5.23000000e-01  1.57873932e-07  3.46168985e-10  4.56060304e+02 
 5.24000000e-01  1.62902996e-07  3.56541687e-10  4.56897473e+02 
 5.25000000e-01  1.68092232e-07  3.67229384e-10  4.57730886e+02 
 5.26000000e-01  1.73446739e-07  3.78241735e-10  4.58560552e+02 
 5.27000000e-01  1.78971780e-07  3.89588640e-10  4.59386547e+02 
 5.28000000e-01  1.84672784e-07  4.01280365e-10  4.60208871e+02 
 5.29000000e-01  1.90555352e-07  4.13327441e-10  4.61027587e+02 
 5.30000000e-01  1.96625266e-07  4.25740753e-10  4.61842716e+02 
 5.31000000e-01  2.02888488e-07  4.38531507e-10  4.62654302e+02 
 5.32000000e-01  2.09351173e-07  4.51711250e-10  4.63462385e+02 
 5.33000000e-01  2.16019670e-07  4.65291904e-10  4.64266986e+02 
 5.34000000e-01  2.22900530e-07  4.79285721e-10  4.65068164e+02 
 5.35000000e-01  2.30000514e-07  4.93705360e-10  4.65865945e+02 
 5.36000000e-01  2.37326596e-07  5.08563871e-10  4.66660353e+02 
 5.37000000e-01  2.44885971e-07  5.23874675e-10  4.67451441e+02 
 5.38000000e-01  2.52686067e-07  5.39651630e-10  4.68239236e+02 
 5.39000000e-01  2.60734544e-07  5.55909011e-10  4.69023777e+02 
 5.40000000e-01  2.69039307e-07  5.72661547e-10  4.69805086e+02 
 5.41000000e-01  2.77608513e-07  5.89924377e-10  4.70583220e+02 
 5.42000000e-01  2.86450578e-07  6.07713159e-10  4.71358195e+02 
 5.43000000e-01  2.95574184e-07  6.26043995e-10  4.72130051e+02 
 5.44000000e-01  3.04988290e-07  6.44933503e-10  4.72898817e+02 
 5.45000000e-01  3.14702141e-07  6.64398789e-10  4.73664532e+02 
 5.46000000e-01  3.24725275e-07  6.84457493e-10  4.74427234e+02 
 5.47000000e-01  3.35067532e-07  7.05127808e-10  4.75186950e+02 
 5.48000000e-01  3.45739066e-07  7.26428487e-10  4.75943706e+02 
 5.49000000e-01  3.56750353e-07  7.48378847e-10  4.76697537e+02 
 5.50000000e-01  3.68112202e-07  7.70998791e-10  4.77448482e+02 
 5.51000000e-01  3.79835766e-07  7.94308843e-10  4.78196572e+02 
 5.52000000e-01  3.91932550e-07  8.18330179e-10  4.78941826e+02 
 5.53000000e-01  4.04414428e-07  8.43084575e-10  4.79684293e+02 
 5.54000000e-01  4.17293649e-07  8.68594526e-10  4.80423991e+02 
 5.55000000e-01  4.30582850e-07  8.94883199e-10  4.81160949e+02 
 5.56000000e-01  4.44295071e-07  9.21974462e-10  4.81895204e+02 
 5.57000000e-01  4.58443766e-07  9.49892913e-10  4.82626789e+02 
 5.58000000e-01  4.73042816e-07  9.78663943e-10  4.83355721e+02 
 5.59000000e-01  4.88106541e-07  1.00831369e-09  4.84082031e+02 
 5.60000000e-01  5.03649717e-07  1.03886910e-09  4.84805755e+02 
 5.61000000e-01  5.19687590e-07  1.07035794e-09  4.85526918e+02 
 5.62000000e-01  5.36235887e-07  1.10280884e-09  4.86245544e+02 
 5.63000000e-01  5.53310836e-07  1.13625132e-09  4.86961668e+02 
 5.64000000e-01  5.70929180e-07  1.17071578e-09  4.87675311e+02 
 5.65000000e-01  5.89108192e-07  1.20623357e-09  4.88386498e+02 
 5.66000000e-01  6.07865693e-07  1.24283701e-09  4.89095260e+02 
 5.67000000e-01  6.27220069e-07  1.28055939e-09  4.89801624e+02 
 5.68000000e-01  6.47190289e-07  1.31943504e-09  4.90505610e+02 
 5.69000000e-01  6.67795925e-07  1.35949935e-09  4.91207241e+02 
 5.70000000e-01  6.89057167e-07  1.40078874e-09  4.91906556e+02 
 5.71000000e-01  7.10994847e-07  1.44334087e-09  4.92603558e+02 
 5.72000000e-01  7.33630454e-07  1.48719439e-09  4.93298292e+02 
 5.73000000e-01  7.56986161e-07  1.53238930e-09  4.93990764e+02 
 5.74000000e-01  7.81084842e-07  1.57896670e-09  4.94681009e+02 
 5.75000000e-01  8.05950095e-07  1.62696904e-09  4.95369043e+02 
 5.76000000e-01  8.31606266e-07  1.67644002e-09  4.96054886e+02 
 5.77000000e-01  8.58078471e-07  1.72742470e-09  4.96738568e+02 
 5.78000000e-01  8.85392621e-07  1.77996951e-09  4.97420104e+02 
 5.79000000e-01  9.13575448e-07  1.83412233e-09  4.98099519e+02 
 5.80000000e-01  9.42654530e-07  1.88993249e-09  4.98776826e+02 
 5.81000000e-01  9.72658314e-07  1.94745083e-09  4.99452051e+02 
 5.82000000e-01  1.00361615e-06  2.00672977e-09  5.00125211e+02 
 5.83000000e-01  1.03555831e-06  2.06782331e-09  5.00796326e+02 
 5.84000000e-01  1.06851604e-06  2.13078712e-09  5.01465412e+02 
 5.85000000e-01  1.10252155e-06  2.19567859e-09  5.02132487e+02 
 5.86000000e-01  1.13760808e-06  2.26255684e-09  5.02797572e+02 
 5.87000000e-01  1.17380993e-06  2.33148282e-09  5.03460680e+02 
 5.88000000e-01  1.21116245e-06  2.40251936e-09  5.04121827e+02 
 5.89000000e-01  1.24970214e-06  2.47573119e-09  5.04781033e+02 
 5.90000000e-01  1.28946665e-06  2.55118504e-09  5.05438307e+02 
 5.91000000e-01  1.33049478e-06  2.62894967e-09  5.06093669e+02 
 5.92000000e-01  1.37282661e-06  2.70909597e-09  5.06747129e+02 
 5.93000000e-01  1.41650343e-06  2.79169698e-09  5.07398704e+02 
 5.94000000e-01  1.46156787e-06  2.87682799e-09  5.08048404e+02 
 5.95000000e-01  1.50806388e-06  2.96456658e-09  5.08696243e+02 
 5.96000000e-01  1.55603681e-06  3.05499273e-09  5.09342231e+02 
 5.97000000e-01  1.60553343e-06  3.14818885e-09  5.09986379e+02 
 5.98000000e-01  1.65660198e-06  3.24423984e-09  5.10628702e+02 
 5.99000000e-01  1.70929222e-06  3.34323327e-09  5.11269205e+02 
 6.00000000e-01  1.76365547e-06  3.44525935e-09  5.11907898e+02 
 6.01000000e-01  1.81974468e-06  3.55041102e-09  5.12544792e+02 
 6.02000000e-01  1.87761444e-06  3.65878412e-09  5.13179893e+02 
 6.03000000e-01  1.93732108e-06  3.77047739e-09  5.13813206e+02 
 6.04000000e-01  1.99892267e-06  3.88559257e-09  5.14444741e+02 
 6.05000000e-01  2.06247912e-06  4.00423454e-09  5.15074503e+02 
 6.06000000e-01  2.12805222e-06  4.12651137e-09  5.15702498e+02 
 6.07000000e-01  2.19570569e-06  4.25253444e-09  5.16328727e+02 
 6.08000000e-01  2.26550526e-06  4.38241850e-09  5.16953197e+02 
 6.09000000e-01  2.33751868e-06  4.51628186e-09  5.17575908e+02 
 6.10000000e-01  2.41181588e-06  4.65424636e-09  5.18196867e+02 
 6.11000000e-01  2.48846892e-06  4.79643764e-09  5.18816068e+02 
 6.12000000e-01  2.56755215e-06  4.94298512e-09  5.19433518e+02 
 6.13000000e-01  2.64914223e-06  5.09402217e-09  5.20049214e+02 
 6.14000000e-01  2.73331820e-06  5.24968627e-09  5.20663152e+02 
 6.15000000e-01  2.82016160e-06  5.41011899e-09  5.21275336e+02 
 6.16000000e-01  2.90975647e-06  5.57546633e-09  5.21885758e+02 
 6.17000000e-01  3.00218951e-06  5.74587865e-09  5.22494417e+02 
 6.18000000e-01  3.09755010e-06  5.92151093e-09  5.23101306e+02 
 6.19000000e-01  3.19593038e-06  6.10252283e-09  5.23706420e+02 
 6.20000000e-01  3.29742540e-06  6.28907888e-09  5.24309754e+02 
 6.21000000e-01  3.40213313e-06  6.48134865e-09  5.24911298e+02 
 6.22000000e-01  3.51015459e-06  6.67950679e-09  5.25511044e+02 
 6.23000000e-01  3.62159393e-06  6.88373331e-09  5.26108983e+02 
 6.24000000e-01  3.73655853e-06  7.09421364e-09  5.26705103e+02 
 6.25000000e-01  3.85515910e-06  7.31113889e-09  5.27299393e+02 
 6.26000000e-01  3.97750977e-06  7.53470592e-09  5.27891840e+02 
 6.27000000e-01  4.10372820e-06  7.76511758e-09  5.28482430e+02 
 6.28000000e-01  4.23393640e-06  8.00258433e-09  5.29071138e+02 
 6.29000000e-01  4.36825802e-06  8.24731865e-09  5.29657965e+02 
 6.30000000e-01  4.50682260e-06  8.49954374e-09  5.30242885e+02 
 6.31000000e-01  4.64976299e-06  8.75948814e-09  5.30825880e+02 
 6.32000000e-01  4.79721614e-06  9.02738728e-09  5.31406928e+02 
 6.33000000e-01  4.94932317e-06  9.30348373e-09  5.31986008e+02 
 6.34000000e-01  5.10622956e-06  9.58802737e-09  5.32563098e+02 
 6.35000000e-01  5.26808523e-06  9.88127562e-09  5.33138173e+02 
 6.36000000e-01  5.43504469e-06  1.01834936e-08  5.33711207e+02 
 6.37000000e-01  5.60726717e-06  1.04949546e-08  5.34282174e+02 
 6.38000000e-01  5.78491676e-06  1.08159399e-08  5.34851044e+02 
 6.39000000e-01  5.96816257e-06  1.11467394e-08  5.35417788e+02 
 6.40000000e-01  6.15717881e-06  1.14876517e-08  5.35982374e+02 
 6.41000000e-01  6.35214503e-06  1.18389842e-08  5.36544768e+02 
 6.42000000e-01  6.55324620e-06  1.22010538e-08  5.37104936e+02 
 6.43000000e-01  6.76067290e-06  1.25741866e-08  5.37662841e+02 
 6.44000000e-01  6.97462148e-06  1.29587188e-08  5.38218444e+02 
 6.45000000e-01  7.19529420e-06  1.33549964e-08  5.38771707e+02 
 6.46000000e-01  7.42289943e-06  1.37633758e-08  5.39322586e+02 
 6.47000000e-01  7.65765180e-06  1.41842241e-08  5.39871038e+02 
 6.48000000e-01  7.89977240e-06  1.46179194e-08  5.40417018e+02 
 6.49000000e-01  8.14948893e-06  1.50648509e-08  5.40960477e+02 
 6.50000000e-01  8.40703590e-06  1.55254196e-08  5.41501366e+02 
 6.51000000e-01  8.67265483e-06  1.60000381e-08  5.42039635e+02 
 6.52000000e-01  8.94659442e-06  1.64891318e-08  5.42575228e+02 
 6.53000000e-01  9.22911078e-06  1.69931381e-08  5.43108090e+02 
 6.54000000e-01  9.52046760e-06  1.75125078e-08  5.43638164e+02 
 6.55000000e-01  9.82093638e-06  1.80477050e-08  5.44165388e+02 
 6.56000000e-01  1.01307966e-05  1.85992072e-08  5.44689701e+02 
 6.57000000e-01  1.04503361e-05  1.91675064e-08  5.45211037e+02 
 6.58000000e-01  1.07798509e-05  1.97531089e-08  5.45729330e+02 
 6.59000000e-01  1.11196460e-05  2.03565359e-08  5.46244508e+02 
 6.60000000e-01  1.14700350e-05  2.09783240e-08  5.46756502e+02 
 6.61000000e-01  1.18313410e-05  2.16190255e-08  5.47265233e+02 
 6.62000000e-01  1.22038962e-05  2.22792089e-08  5.47770627e+02 
 6.63000000e-01  1.25880425e-05  2.29594593e-08  5.48272602e+02 
 6.64000000e-01  1.29841316e-05  2.36603790e-08  5.48771075e+02 
 6.65000000e-01  1.33925255e-05  2.43825877e-08  5.49265960e+02 
 6.66000000e-01  1.38135963e-05  2.51267234e-08  5.49757170e+02 
 6.67000000e-01  1.42477271e-05  2.58934423e-08  5.50244611e+02 
 6.68000000e-01  1.46953115e-05  2.66834199e-08  5.50728190e+02 
 6.69000000e-01  1.51567546e-05  2.74973511e-08  5.51207808e+02 
 6.70000000e-01  1.56324728e-05  2.83359510e-08  5.51683364e+02 
 6.71000000e-01  1.61228941e-05  2.91999552e-08  5.52154755e+02 
 6.72000000e-01  1.66284588e-05  3.00901206e-08  5.52621873e+02 
 6.73000000e-01  1.71496192e-05  3.10072256e-08  5.53084607e+02 
 6.74000000e-01  1.76868404e-05  3.19520713e-08  5.53542843e+02 
 6.75000000e-01  1.82406001e-05  3.29254812e-08  5.53996462e+02 
 6.76000000e-01  1.88113894e-05  3.39283026e-08  5.54445345e+02 
 6.77000000e-01  1.93997129e-05  3.49614069e-08  5.54889365e+02 
 6.78000000e-01  2.00060886e-05  3.60256900e-08  5.55328394e+02 
 6.79000000e-01  2.06310489e-05  3.71220734e-08  5.55762300e+02 
 6.80000000e-01  2.12751404e-05  3.82515044e-08  5.56190947e+02 
 6.81000000e-01  2.19389245e-05  3.94149570e-08  5.56614194e+02 
 6.82000000e-01  2.26229775e-05  4.06134327e-08  5.57031898e+02 
 6.83000000e-01  2.33278909e-05  4.18479608e-08  5.57443910e+02 
 6.84000000e-01  2.40542719e-05  4.31195995e-08  5.57850078e+02 
 6.85000000e-01  2.48027436e-05  4.44294362e-08  5.58250245e+02 
 6.86000000e-01  2.55739454e-05  4.57785886e-08  5.58644252e+02 
 6.87000000e-01  2.63685330e-05  4.71682052e-08  5.59031934e+02 
 6.88000000e-01  2.71871791e-05  4.85994662e-08  5.59413121e+02 
 6.89000000e-01  2.80305735e-05  5.00735842e-08  5.59787640e+02 
 6.90000000e-01  2.88994235e-05  5.15918047e-08  5.60155313e+02 
 6.91000000e-01  2.97944541e-05  5.31554074e-08  5.60515957e+02 
 6.92000000e-01  3.07164082e-05  5.47657066e-08  5.60869386e+02 
 6.93000000e-01  3.16660474e-05  5.64240521e-08  5.61215408e+02 
 6.94000000e-01  3.26441517e-05  5.81318301e-08  5.61553827e+02 
 6.95000000e-01  3.36515199e-05  5.98904638e-08  5.61884442e+02 
 6.96000000e-01  3.46889702e-05  6.17014146e-08  5.62207049e+02 
 6.97000000e-01  3.57573402e-05  6.35661825e-08  5.62521435e+02 
 6.98000000e-01  3.68574873e-05  6.54863074e-08  5.62827387e+02 
 6.99000000e-01  3.79902888e-05  6.74633696e-08  5.63124685e+02 
 7.00000000e-01  3.91566422e-05  6.94989907e-08  5.63413105e+02 
 7.01000000e-01  4.03574655e-05  7.15948348e-08  5.63692418e+02 
 7.02000000e-01  4.15936976e-05  7.37526090e-08  5.63962389e+02 
 7.03000000e-01  4.28662979e-05  7.59740646e-08  5.64222779e+02 
 7.04000000e-01  4.41762473e-05  7.82609976e-08  5.64473347e+02 
 7.05000000e-01  4.55245477e-05  8.06152502e-08  5.64713842e+02 
 7.06000000e-01  4.69122228e-05  8.30387110e-08  5.64944014e+02 
 7.07000000e-01  4.83403175e-05  8.55333165e-08  5.65163605e+02 
 7.08000000e-01  4.98098989e-05  8.81010516e-08  5.65372354e+02 
 7.09000000e-01  5.13220556e-05  9.07439508e-08  5.65569993e+02 
 7.10000000e-01  5.28778984e-05  9.34640990e-08  5.65756252e+02 
 7.11000000e-01  5.44785599e-05  9.62636324e-08  5.65930857e+02 
 7.12000000e-01  5.61251950e-05  9.91447393e-08  5.66093526e+02 
 7.13000000e-01  5.78189807e-05  1.02109661e-07  5.66243977e+02 
 7.14000000e-01  5.95611159e-05  1.05160694e-07  5.66381920e+02 
 7.15000000e-01  6.13528218e-05  1.08300188e-07  5.66507065e+02 
 7.16000000e-01  6.31953417e-05  1.11530550e-07  5.66619115e+02 
 7.17000000e-01  6.50899407e-05  1.14854243e-07  5.66717771e+02 
 7.18000000e-01  6.70379059e-05  1.18273788e-07  5.66802728e+02 
 7.19000000e-01  6.90405459e-05  1.21791765e-07  5.66873680e+02 
 7.20000000e-01  7.10991911e-05  1.25410812e-07  5.66930317e+02 
 7.21000000e-01  7.32151933e-05  1.29133628e-07  5.66972325e+02 
 7.22000000e-01  7.53899250e-05  1.32962974e-07  5.66999388e+02 
 7.23000000e-01  7.76247801e-05  1.36901673e-07  5.67011188e+02 
 7.24000000e-01  7.99211725e-05  1.40952609e-07  5.67007403e+02 
 7.25000000e-01  8.22805367e-05  1.45118731e-07  5.66987709e+02 
 7.26000000e-01  8.47043268e-05  1.49403052e-07  5.66951782e+02 
 7.27000000e-01  8.71940163e-05  1.53808652e-07  5.66899294e+02 
 7.28000000e-01  8.97510976e-05  1.58338675e-07  5.66829916e+02 
 7.29000000e-01  9.23770816e-05  1.62996331e-07  5.66743319e+02 
 7.30000000e-01  9.50734969e-05  1.67784900e-07  5.66639173e+02 
 7.31000000e-01  9.78421282e-05  1.72708237e-07  5.66516862e+02 
 7.32000000e-01  1.00684086e-04  1.77768795e-07  5.66376601e+02 
 7.33000000e-01  1.03601165e-04  1.82970520e-07  5.66217796e+02 
 7.34000000e-01  1.06594959e-04  1.88316967e-07  5.66040119e+02 
 7.35000000e-01  1.09667077e-04  1.93811764e-07  5.65843239e+02 
 7.36000000e-01  1.12819141e-04  1.99458609e-07  5.65626830e+02 
 7.37000000e-01  1.16052787e-04  2.05261273e-07  5.65390565e+02 
 7.38000000e-01  1.19369662e-04  2.11223598e-07  5.65134122e+02 
 7.39000000e-01  1.22771425e-04  2.17349500e-07  5.64857179e+02 
 7.40000000e-01  1.26259745e-04  2.23642969e-07  5.64559419e+02 
 7.41000000e-01  1.29836299e-04  2.30108069e-07  5.64240529e+02 
 7.42000000e-01  1.33502773e-04  2.36748938e-07  5.63900198e+02 
 7.43000000e-01  1.37260861e-04  2.43569789e-07  5.63538121e+02 
 7.44000000e-01  1.41112262e-04  2.50574910e-07  5.63153997e+02 
 7.45000000e-01  1.45058680e-04  2.57768665e-07  5.62747533e+02 
 7.46000000e-01  1.49101823e-04  2.65155492e-07  5.62318439e+02 
 7.47000000e-01  1.53243400e-04  2.72739909e-07  5.61866433e+02 
 7.48000000e-01  1.57485124e-04  2.80526507e-07  5.61391239e+02 
 7.49000000e-01  1.61828705e-04  2.88519955e-07  5.60892590e+02 
 7.50000000e-01  1.66275855e-04  2.96724999e-07  5.60370226e+02 
 7.51000000e-01  1.70828281e-04  3.05146462e-07  5.59823895e+02 
 7.52000000e-01  1.75487687e-04  3.13789242e-07  5.59253355e+02 
 7.53000000e-01  1.80255771e-04  3.22658318e-07  5.58658373e+02 
 7.54000000e-01  1.85134226e-04  3.31758744e-07  5.58038725e+02 
 7.55000000e-01  1.90124737e-04  3.41095651e-07  5.57394199e+02 
 7.56000000e-01  1.95228978e-04  3.50674249e-07  5.56724592e+02 
 7.57000000e-01  2.00448615e-04  3.60499825e-07  5.56029715e+02 
 7.58000000e-01  2.05785299e-04  3.70577743e-07  5.55309387e+02 
 7.59000000e-01  2.11240672e-04  3.80913445e-07  5.54563443e+02 
 7.60000000e-01  2.16816356e-04  3.91512450e-07  5.53791728e+02 
 7.61000000e-01  2.22513962e-04  4.02380354e-07  5.52994101e+02 
 7.62000000e-01  2.28335081e-04  4.13522831e-07  5.52170434e+02 
 7.63000000e-01  2.34281286e-04  4.24945632e-07  5.51320612e+02 
 7.64000000e-01  2.40354130e-04  4.36654585e-07  5.50444535e+02 
 7.65000000e-01  2.46555146e-04  4.48655595e-07  5.49542118e+02 
 7.66000000e-01  2.52885843e-04  4.60954643e-07  5.48613289e+02 
 7.67000000e-01  2.59347708e-04  4.73557789e-07  5.47657992e+02 
 7.68000000e-01  2.65942201e-04  4.86471166e-07  5.46676185e+02 
 7.69000000e-01  2.72670759e-04  4.99700986e-07  5.45667843e+02 
 7.70000000e-01  2.79534790e-04  5.13253536e-07  5.44632956e+02 
 7.71000000e-01  2.86535675e-04  5.27135180e-07  5.43571527e+02 
 7.72000000e-01  2.93674765e-04  5.41352357e-07  5.42483579e+02 
 7.73000000e-01  3.00953381e-04  5.55911583e-07  5.41369149e+02 
 7.74000000e-01  3.08372814e-04  5.70819447e-07  5.40228290e+02 
 7.75000000e-01  3.15934322e-04  5.86082616e-07  5.39061071e+02 
 7.76000000e-01  3.23639132e-04  6.01707830e-07  5.37867576e+02 
 7.77000000e-01  3.31488436e-04  6.17701907e-07  5.36647908e+02 
 7.78000000e-01  3.39483392e-04  6.34071737e-07  5.35402183e+02 
 7.79000000e-01  3.47625124e-04  6.50824287e-07  5.34130534e+02 
 7.80000000e-01  3.55914720e-04  6.67966597e-07  5.32833110e+02 
 7.81000000e-01  3.64353231e-04  6.85505783e-07  5.31510076e+02 
 7.82000000e-01  3.72941674e-04  7.03449034e-07  5.30161612e+02 
 7.83000000e-01  3.81681027e-04  7.21803616e-07  5.28787912e+02 
 7.84000000e-01  3.90572231e-04  7.40576866e-07  5.27389187e+02 
 7.85000000e-01  3.99616191e-04  7.59776197e-07  5.25965663e+02 
 7.86000000e-01  4.08813773e-04  7.79409098e-07  5.24517578e+02 
 7.87000000e-01  4.18165803e-04  7.99483129e-07  5.23045188e+02 
 7.88000000e-01  4.27676149e-04  8.20014367e-07  5.21547141e+02 
 7.89000000e-01  4.37339642e-04  8.40994344e-07  5.20026853e+02 
 7.90000000e-01  4.47159854e-04  8.62438633e-07  5.18483098e+02 
 7.91000000e-01  4.57137460e-04  8.84355093e-07  5.16916184e+02 
 7.92000000e-01  4.67273097e-04  9.06751663e-07  5.15326429e+02 
 7.93000000e-01  4.77567364e-04  9.29636354e-07  5.13714166e+02 
 7.94000000e-01  4.88020824e-04  9.53017250e-07  5.12079738e+02 
 7.95000000e-01  4.98634000e-04  9.76902514e-07  5.10423499e+02 
 7.96000000e-01  5.09407378e-04  1.00130038e-06  5.08745815e+02 
 7.97000000e-01  5.20341408e-04  1.02621916e-06  5.07047060e+02 
 7.98000000e-01  5.31436503e-04  1.05166724e-06  5.05327619e+02 
 7.99000000e-01  5.42693039e-04  1.07765309e-06  5.03587886e+02 
 8.00000000e-01  5.54111356e-04  1.10418523e-06  5.01828263e+02 
 8.01000000e-01  5.65691761e-04  1.13127229e-06  5.00049162e+02 
 8.02000000e-01  5.77434523e-04  1.15892296e-06  4.98251000e+02 
 8.03000000e-01  5.89339878e-04  1.18714600e-06  4.96434204e+02 
 8.04000000e-01  6.01408029e-04  1.21595026e-06  4.94599204e+02 
 8.05000000e-01  6.13639146e-04  1.24534466e-06  4.92746438e+02 
 8.06000000e-01  6.26033363e-04  1.27533820e-06  4.90876351e+02 
 8.07000000e-01  6.38590788e-04  1.30593996e-06  4.88989391e+02 
 8.08000000e-01  6.51311493e-04  1.33715910e-06  4.87086011e+02 
 8.09000000e-01  6.64195521e-04  1.36900485e-06  4.85166667e+02 
 8.10000000e-01  6.77242886e-04  1.40148653e-06  4.83231821e+02 
 8.11000000e-01  6.90453573e-04  1.43461353e-06  4.81281934e+02 
 8.12000000e-01  7.03827537e-04  1.46839532e-06  4.79317474e+02 
 8.13000000e-01  7.17364707e-04  1.50284147e-06  4.77338908e+02 
 8.14000000e-01  7.31064984e-04  1.53796161e-06  4.75346705e+02 
 8.15000000e-01  7.44928244e-04  1.57376546e-06  4.73341336e+02 
 8.16000000e-01  7.58954338e-04  1.61026282e-06  4.71323271e+02 
 8.17000000e-01  7.73143091e-04  1.64746357e-06  4.69292981e+02 
 8.18000000e-01  7.87494305e-04  1.68537769e-06  4.67250937e+02 
 8.19000000e-01  8.02007759e-04  1.72401522e-06  4.65197610e+02 
 8.20000000e-01  8.16683210e-04  1.76338630e-06  4.63133468e+02 
 8.21000000e-01  8.31520394e-04  1.80350115e-06  4.61058978e+02 
 8.22000000e-01  8.46519025e-04  1.84437007e-06  4.58974605e+02 
 8.23000000e-01  8.61678799e-04  1.88600347e-06  4.56880814e+02 
 8.24000000e-01  8.76999390e-04  1.92841181e-06  4.54778064e+02 
 8.25000000e-01  8.92480457e-04  1.97160567e-06  4.52666813e+02 
 8.26000000e-01  9.08121639e-04  2.01559571e-06  4.50547515e+02 
 8.27000000e-01  9.23922559e-04  2.06039266e-06  4.48420622e+02 
 8.28000000e-01  9.39882823e-04  2.10600736e-06  4.46286580e+02 
 8.29000000e-01  9.56002022e-04  2.15245074e-06  4.44145831e+02 
 8.30000000e-01  9.72279734e-04  2.19973381e-06  4.41998814e+02 
 8.31000000e-01  9.88715519e-04  2.24786767e-06  4.39845963e+02 
 8.32000000e-01  1.00530893e-03  2.29686353e-06  4.37687705e+02 
 8.33000000e-01  1.02205949e-03  2.34673267e-06  4.35524466e+02 
 8.34000000e-01  1.03896674e-03  2.39748649e-06  4.33356663e+02 
 8.35000000e-01  1.05603019e-03  2.44913645e-06  4.31184708e+02 
 8.36000000e-01  1.07324933e-03  2.50169415e-06  4.29009009e+02 
 8.37000000e-01  1.09062366e-03  2.55517124e-06  4.26829967e+02 
 8.38000000e-01  1.10815265e-03  2.60957950e-06  4.24647977e+02 
 8.39000000e-01  1.12583579e-03  2.66493078e-06  4.22463428e+02 
 8.40000000e-01  1.14367254e-03  2.72123706e-06  4.20276702e+02 
 8.41000000e-01  1.16166235e-03  2.77851040e-06  4.18088177e+02 
 8.42000000e-01  1.17980467e-03  2.83676296e-06  4.15898221e+02 
 8.43000000e-01  1.19809894e-03  2.89600699e-06  4.13707198e+02 
 8.44000000e-01  1.21654460e-03  2.95625487e-06  4.11515464e+02 
 8.45000000e-01  1.23514107e-03  3.01751907e-06  4.09323369e+02 
 8.46000000e-01  1.25388779e-03  3.07981214e-06  4.07131257e+02 
 8.47000000e-01  1.27278417e-03  3.14314677e-06  4.04939463e+02 
 8.48000000e-01  1.29182962e-03  3.20753574e-06  4.02748316e+02 
 8.49000000e-01  1.31102355e-03  3.27299192e-06  4.00558139e+02 
 8.50000000e-01  1.33036537e-03  3.33952830e-06  3.98369247e+02 
 8.51000000e-01  1.34985449e-03  3.40715800e-06  3.96181948e+02 
 8.52000000e-01  1.36949030e-03  3.47589420e-06  3.93996545e+02 
 8.53000000e-01  1.38929017e-03  3.54583834e-06  3.91808660e+02 
 8.54000000e-01  1.40921825e-03  3.61683196e-06  3.89627793e+02 
 8.55000000e-01  1.42929124e-03  3.68897255e-06  3.87449682e+02 
 8.56000000e-01  1.44950851e-03  3.76227373e-06  3.85274602e+02 
 8.57000000e-01  1.46986946e-03  3.83674928e-06  3.83102819e+02 
 8.58000000e-01  1.49037349e-03  3.91241309e-06  3.80934593e+02 
 8.59000000e-01  1.51101997e-03  3.98927916e-06  3.78770178e+02 
 8.60000000e-01  1.53180831e-03  4.06736158e-06  3.76609819e+02 
 8.61000000e-01  1.55273788e-03  4.14667459e-06  3.74453758e+02 
 8.62000000e-01  1.57380809e-03  4.22723254e-06  3.72302227e+02 
 8.63000000e-01  1.59501831e-03  4.30904988e-06  3.70155452e+02 
 8.64000000e-01  1.61636794e-03  4.39214120e-06  3.68013655e+02 
 8.65000000e-01  1.63785636e-03  4.47652120e-06  3.65877049e+02 
 8.66000000e-01  1.65948298e-03  4.56220470e-06  3.63745840e+02 
 8.67000000e-01  1.68124719e-03  4.64920666e-06  3.61620231e+02 
 8.68000000e-01  1.70314837e-03  4.73754213e-06  3.59500417e+02 
 8.69000000e-01  1.72518593e-03  4.82722633e-06  3.57386585e+02 
 8.70000000e-01  1.74735927e-03  4.91827456e-06  3.55278919e+02 
 8.71000000e-01  1.76966779e-03  5.01070228e-06  3.53177596e+02 
 8.72000000e-01  1.79211088e-03  5.10452506e-06  3.51082787e+02 
 8.73000000e-01  1.81468796e-03  5.19975860e-06  3.48994656e+02 
 8.74000000e-01  1.83739843e-03  5.29641873e-06  3.46913363e+02 
 8.75000000e-01  1.86024171e-03  5.39452143e-06  3.44839062e+02 
 8.76000000e-01  1.88321720e-03  5.49408279e-06  3.42771901e+02 
 8.77000000e-01  1.90632433e-03  5.59511903e-06  3.40712024e+02 
 8.78000000e-01  1.92956251e-03  5.69764652e-06  3.38659568e+02 
 8.79000000e-01  1.95293116e-03  5.80168176e-06  3.36614665e+02 
 8.80000000e-01  1.97642972e-03  5.90724139e-06  3.34577443e+02 
 8.81000000e-01  2.00005760e-03  6.01434217e-06  3.32548024e+02 
 8.82000000e-01  2.02381425e-03  6.12300102e-06  3.30526525e+02 
 8.83000000e-01  2.04769909e-03  6.23323499e-06  3.28513059e+02 
 8.84000000e-01  2.07171158e-03  6.34506127e-06  3.26507734e+02 
 8.85000000e-01  2.09585114e-03  6.45849719e-06  3.24510652e+02 
 8.86000000e-01  2.12011723e-03  6.57356024e-06  3.22521914e+02 
 8.87000000e-01  2.14450930e-03  6.69026803e-06  3.20541611e+02 
 8.88000000e-01  2.16902680e-03  6.80863833e-06  3.18569836e+02 
 8.89000000e-01  2.19366919e-03  6.92868906e-06  3.16606672e+02 
 8.90000000e-01  2.21843593e-03  7.05043828e-06  3.14652203e+02 
 8.91000000e-01  2.24332650e-03  7.17390420e-06  3.12706504e+02 
 8.92000000e-01  2.26834035e-03  7.29910518e-06  3.10769649e+02 
 8.93000000e-01  2.29347697e-03  7.42605973e-06  3.08841708e+02 
 8.94000000e-01  2.31873584e-03  7.55478653e-06  3.06922747e+02 
 8.95000000e-01  2.34411643e-03  7.68530440e-06  3.05012828e+02 
 8.96000000e-01  2.36961823e-03  7.81763231e-06  3.03112008e+02 
 8.97000000e-01  2.39524074e-03  7.95178939e-06  3.01220344e+02 
 8.98000000e-01  2.42098344e-03  8.08779494e-06  2.99337886e+02 
 8.99000000e-01  2.44684585e-03  8.22566841e-06  2.97464683e+02 
 9.00000000e-01  2.47282745e-03  8.36542941e-06  2.95600779e+02 
 9.01000000e-01  2.49892777e-03  8.50709772e-06  2.93746217e+02 
 9.02000000e-01  2.52514631e-03  8.65069326e-06  2.91901034e+02 
 9.03000000e-01  2.55148258e-03  8.79623616e-06  2.90065266e+02 
 9.04000000e-01  2.57793612e-03  8.94374667e-06  2.88238947e+02 
 9.05000000e-01  2.60450644e-03  9.09324523e-06  2.86422105e+02 
 9.06000000e-01  2.63119307e-03  9.24475245e-06  2.84614768e+02 
 9.07000000e-01  2.65799555e-03  9.39828910e-06  2.82816959e+02 
 9.08000000e-01  2.68491341e-03  9.55387614e-06  2.81028702e+02 
 9.09000000e-01  2.71194619e-03  9.71153468e-06  2.79250013e+02 
 9.10000000e-01  2.73909344e-03  9.87128602e-06  2.77480911e+02 
 9.11000000e-01  2.76635471e-03  1.00331516e-05  2.75721409e+02 
 9.12000000e-01  2.79372955e-03  1.01971532e-05  2.73971519e+02 
 9.13000000e-01  2.82121753e-03  1.03633125e-05  2.72231251e+02 
 9.14000000e-01  2.84881820e-03  1.05316515e-05  2.70500613e+02 
 9.15000000e-01  2.87653113e-03  1.07021925e-05  2.68779610e+02 
 9.16000000e-01  2.90435590e-03  1.08749578e-05  2.67068246e+02 
 9.17000000e-01  2.93229208e-03  1.10499699e-05  2.65366522e+02 
 9.18000000e-01  2.96033926e-03  1.12272516e-05  2.63674439e+02 
 9.19000000e-01  2.98849701e-03  1.14068257e-05  2.61991993e+02 
 9.20000000e-01  3.01676493e-03  1.15887155e-05  2.60319182e+02 
 9.21000000e-01  3.04514262e-03  1.17729441e-05  2.58655998e+02 
 9.22000000e-01  3.07362966e-03  1.19595352e-05  2.57002435e+02 
 9.23000000e-01  3.10222567e-03  1.21485122e-05  2.55358484e+02 
 9.24000000e-01  3.13093023e-03  1.23398992e-05  2.53724133e+02 
 9.25000000e-01  3.15974298e-03  1.25337202e-05  2.52099370e+02 
 9.26000000e-01  3.18866350e-03  1.27299995e-05  2.50484182e+02 
 9.27000000e-01  3.21769144e-03  1.29287615e-05  2.48878552e+02 
 9.28000000e-01  3.24682639e-03  1.31300309e-05  2.47282465e+02 
 9.29000000e-01  3.27606800e-03  1.33338325e-05  2.45695901e+02 
 9.30000000e-01  3.30541588e-03  1.35401915e-05  2.44118843e+02 
 9.31000000e-01  3.33486967e-03  1.37491331e-05  2.42551268e+02 
 9.32000000e-01  3.36442901e-03  1.39606828e-05  2.40993156e+02 
 9.33000000e-01  3.39409353e-03  1.41748663e-05  2.39444482e+02 
 9.34000000e-01  3.42386287e-03  1.43917095e-05  2.37905223e+02 
 9.35000000e-01  3.45373668e-03  1.46112385e-05  2.36375354e+02 
 9.36000000e-01  3.48371461e-03  1.48334797e-05  2.34854847e+02 
 9.37000000e-01  3.51379631e-03  1.50584596e-05  2.33343675e+02 
 9.38000000e-01  3.54398144e-03  1.52862050e-05  2.31841810e+02 
 9.39000000e-01  3.57426965e-03  1.55167429e-05  2.30349222e+02 
 9.40000000e-01  3.60466060e-03  1.57501004e-05  2.28865881e+02 
 9.41000000e-01  3.63515397e-03  1.59863051e-05  2.27391754e+02 
 9.42000000e-01  3.66574941e-03  1.62253847e-05  2.25926811e+02 
 9.43000000e-01  3.69644659e-03  1.64673669e-05  2.24471017e+02 
 9.44000000e-01  3.72724520e-03  1.67122800e-05  2.23024339e+02 
 9.45000000e-01  3.75814489e-03  1.69601524e-05  2.21586741e+02 
 9.46000000e-01  3.78914534e-03  1.72110126e-05  2.20158188e+02 
 9.47000000e-01  3.82024624e-03  1.74648895e-05  2.18738643e+02 
 9.48000000e-01  3.85144726e-03  1.77218123e-05  2.17328070e+02 
 9.49000000e-01  3.88274808e-03  1.79818103e-05  2.15926429e+02 
 9.50000000e-01  3.91414839e-03  1.82449132e-05  2.14533681e+02 
 9.51000000e-01  3.94564786e-03  1.85111507e-05  2.13149788e+02 
 9.52000000e-01  3.97724618e-03  1.87805532e-05  2.11774709e+02 
 9.53000000e-01  4.00894303e-03  1.90531509e-05  2.10408402e+02 
 9.54000000e-01  4.04073810e-03  1.93289747e-05  2.09050825e+02 
 9.55000000e-01  4.07263106e-03  1.96080555e-05  2.07701935e+02 
 9.56000000e-01  4.10462160e-03  1.98904245e-05  2.06361689e+02 
 9.57000000e-01  4.13670939e-03  2.01761135e-05  2.05030042e+02 
 9.58000000e-01  4.16889412e-03  2.04651543e-05  2.03706948e+02 
 9.59000000e-01  4.20117545e-03  2.07575790e-05  2.02392362e+02 
 9.60000000e-01  4.23355305e-03  2.10534204e-05  2.01086235e+02 
 9.61000000e-01  4.26602659e-03  2.13527113e-05  1.99788520e+02 
 9.62000000e-01  4.29859573e-03  2.16554850e-05  1.98499167e+02 
 9.63000000e-01  4.33126011e-03  2.19617751e-05  1.97218126e+02 
 9.64000000e-01  4.36401939e-03  2.22716157e-05  1.95945344e+02 
 9.65000000e-01  4.39687319e-03  2.25850412e-05  1.94680769e+02 
 9.66000000e-01  4.42982113e-03  2.29020867e-05  1.93424346e+02 
 9.67000000e-01  4.46286283e-03  2.32227875e-05  1.92176018e+02 
 9.68000000e-01  4.49599789e-03  2.35471794e-05  1.90935730e+02 
 9.69000000e-01  4.52922587e-03  2.38752990e-05  1.89703420e+02 
 9.70000000e-01  4.56254634e-03  2.42071831e-05  1.88479028e+02 
 9.71000000e-01  4.59595883e-03  2.45428695e-05  1.87262489e+02 
 9.72000000e-01  4.62946286e-03  2.48823963e-05  1.86053738e+02 
 9.73000000e-01  4.66315136e-03  2.52272750e-05  1.84845623e+02 
 9.74000000e-01  4.69683841e-03  2.55746385e-05  1.83652191e+02 
 9.75000000e-01  4.73061540e-03  2.59259635e-05  1.82466329e+02 
 9.76000000e-01  4.76448155e-03  2.62812892e-05  1.81287969e+02 
 9.77000000e-01  4.79843628e-03  2.66406596e-05  1.80117022e+02 
 9.78000000e-01  4.83247887e-03  2.70041184e-05  1.78953402e+02 
 9.79000000e-01  4.86660851e-03  2.73717105e-05  1.77797018e+02 
 9.80000000e-01  4.90082435e-03  2.77434821e-05  1.76647774e+02 
 9.81000000e-01  4.93512546e-03  2.81194809e-05  1.75505568e+02 
 9.82000000e-01  4.96951081e-03  2.84997563e-05  1.74370291e+02 
 9.83000000e-01  5.00397930e-03  2.88843596e-05  1.73241830e+02 
 9.84000000e-01  5.03852971e-03  2.92733439e-05  1.72120060e+02 
 9.85000000e-01  5.07316069e-03  2.96667645e-05  1.71004852e+02 
 9.86000000e-01  5.10787078e-03  3.00646796e-05  1.69896066e+02 
 9.87000000e-01  5.14265835e-03  3.04671496e-05  1.68793551e+02 
 9.88000000e-01  5.17752164e-03  3.08742382e-05  1.67697146e+02 
 9.89000000e-01  5.21245867e-03  3.12860126e-05  1.66606679e+02 
 9.90000000e-01  5.24746729e-03  3.17025435e-05  1.65521965e+02 
 9.91000000e-01  5.28254511e-03  3.21239057e-05  1.64442804e+02 
 9.92000000e-01  5.31768953e-03  3.25501786e-05  1.63368982e+02 
 9.93000000e-01  5.35289767e-03  3.29814466e-05  1.62300269e+02 
 9.94000000e-01  5.38816635e-03  3.34177996e-05  1.61236419e+02 
 9.95000000e-01  5.42349211e-03  3.38593334e-05  1.60177168e+02 
 9.96000000e-01  5.45887116e-03  3.43061502e-05  1.59122231e+02 
 9.97000000e-01  5.49429932e-03  3.47583593e-05  1.58071308e+02 
 9.98000000e-01  5.52977209e-03  3.52160777e-05  1.57024077e+02 
 9.99000000e-01  5.56528453e-03  3.56794303e-05  1.55980196e+02 
 1.00000000e+00  5.60083133e-03  3.61485509e-05  1.54939304e+02 
