 v-sweep         ic              ib              beta           
 3.00000000e-01  4.69242700e-16  8.28330460e-16  5.66492147e-01 
 3.01000000e-01  4.80518403e-16  8.34401992e-16  5.75883576e-01 
 3.02000000e-01  4.90926744e-16  8.41340886e-16  5.83505155e-01 
 3.03000000e-01  5.01335085e-16  8.53483950e-16  5.87398374e-01 
 3.04000000e-01  5.13478149e-16  8.63892291e-16  5.94377510e-01 
 3.05000000e-01  5.23886490e-16  8.67361738e-16  6.04000000e-01 
 3.06000000e-01  5.35162192e-16  8.80372164e-16  6.07881773e-01 
 3.07000000e-01  5.48172618e-16  8.86443696e-16  6.18395303e-01 
 3.08000000e-01  5.63785130e-16  8.96852037e-16  6.28626692e-01 
 3.09000000e-01  5.75928194e-16  9.05525654e-16  6.36015326e-01 
 3.10000000e-01  5.91540705e-16  9.10729825e-16  6.49523810e-01 
 3.11000000e-01  6.07153217e-16  9.26342336e-16  6.55430712e-01 
 3.12000000e-01  6.23633090e-16  9.28944421e-16  6.71335201e-01 
 3.13000000e-01  6.40112963e-16  9.41954847e-16  6.79558011e-01 
 3.14000000e-01  6.57460197e-16  9.55832635e-16  6.87840290e-01 
 3.15000000e-01  6.76542156e-16  9.59302082e-16  7.05244123e-01 
 3.16000000e-01  6.91287305e-16  9.72312508e-16  7.10972346e-01 
 3.17000000e-01  7.12103987e-16  9.79251402e-16  7.27192205e-01 
 3.18000000e-01  7.33788030e-16  9.93996552e-16  7.38219895e-01 
 3.19000000e-01  7.57206797e-16  1.00353753e-15  7.54537597e-01 
 3.20000000e-01  7.77156117e-16  1.01654796e-15  7.64505119e-01 
 3.21000000e-01  8.00574884e-16  1.02955838e-15  7.77590564e-01 
 3.22000000e-01  8.28330460e-16  1.03823200e-15  7.97827903e-01 
 3.23000000e-01  8.55218674e-16  1.04950770e-15  8.14876033e-01 
 3.24000000e-01  8.82974249e-16  1.05991604e-15  8.33060556e-01 
 3.25000000e-01  9.14199272e-16  1.07379383e-15  8.51373183e-01 
 3.26000000e-01  9.43689571e-16  1.08940634e-15  8.66242038e-01 
 3.27000000e-01  9.78384040e-16  1.10328413e-15  8.86792453e-01 
 3.28000000e-01  1.01221115e-15  1.11802928e-15  9.05352987e-01 
 3.29000000e-01  1.04343617e-15  1.12843762e-15  9.24673328e-01 
 3.30000000e-01  1.08246745e-15  1.14491749e-15  9.45454545e-01 
 3.31000000e-01  1.12323345e-15  1.15619320e-15  9.71492873e-01 
 3.32000000e-01  1.16573418e-15  1.16920362e-15  9.97032641e-01 
 3.33000000e-01  1.20736754e-15  1.19348975e-15  1.01162791e+00 
 3.34000000e-01  1.25247035e-15  1.20389809e-15  1.04034582e+00 
 3.35000000e-01  1.29757316e-15  1.22124533e-15  1.06250000e+00 
 3.36000000e-01  1.34788014e-15  1.23338839e-15  1.09282700e+00 
 3.37000000e-01  1.40165657e-15  1.24900090e-15  1.12222222e+00 
 3.38000000e-01  1.45543300e-15  1.26461341e-15  1.15089163e+00 
 3.39000000e-01  1.51354623e-15  1.28629746e-15  1.17666891e+00 
 3.40000000e-01  1.57079211e-15  1.29497107e-15  1.21299397e+00 
 3.41000000e-01  1.63671160e-15  1.31925720e-15  1.24063116e+00 
 3.42000000e-01  1.70176373e-15  1.33747180e-15  1.27237354e+00 
 3.43000000e-01  1.77288739e-15  1.35308431e-15  1.31025641e+00 
 3.44000000e-01  1.84314369e-15  1.37303363e-15  1.34238787e+00 
 3.45000000e-01  1.92294097e-15  1.39038087e-15  1.38303182e+00 
 3.46000000e-01  2.00447298e-15  1.41293227e-15  1.41866176e+00 
 3.47000000e-01  2.09034179e-15  1.43461631e-15  1.45707376e+00 
 3.48000000e-01  2.17707796e-15  1.44849410e-15  1.50299401e+00 
 3.49000000e-01  2.27162039e-15  1.47885176e-15  1.53607038e+00 
 3.50000000e-01  2.36529546e-15  1.49619900e-15  1.58086957e+00 
 3.51000000e-01  2.47111359e-15  1.52221985e-15  1.62336182e+00 
 3.52000000e-01  2.57866645e-15  1.53956708e-15  1.67492958e+00 
 3.53000000e-01  2.69489292e-15  1.56905738e-15  1.71752349e+00 
 3.54000000e-01  2.81285412e-15  1.58640462e-15  1.77310005e+00 
 3.55000000e-01  2.93948893e-15  1.61242547e-15  1.82302313e+00 
 3.56000000e-01  3.06699111e-15  1.64104841e-15  1.86892178e+00 
 3.57000000e-01  3.20750371e-15  1.66359981e-15  1.92805005e+00 
 3.58000000e-01  3.35235312e-15  1.68875330e-15  1.98510529e+00 
 3.59000000e-01  3.50587614e-15  1.71217207e-15  2.04761905e+00 
 3.60000000e-01  3.66373598e-15  1.74513182e-15  2.09940358e+00 
 3.61000000e-01  3.83460624e-15  1.77202003e-15  2.16397455e+00 
 3.62000000e-01  4.00807859e-15  1.80324505e-15  2.22270322e+00 
 3.63000000e-01  4.19369400e-15  1.82579646e-15  2.29691211e+00 
 3.64000000e-01  4.38885039e-15  1.86309301e-15  2.35567970e+00 
 3.65000000e-01  4.59181304e-15  1.89258331e-15  2.42621448e+00 
 3.66000000e-01  4.80518403e-15  1.91860416e-15  2.50452080e+00 
 3.67000000e-01  5.02722863e-15  1.95676808e-15  2.56914894e+00 
 3.68000000e-01  5.26922256e-15  1.98886047e-15  2.64936764e+00 
 3.69000000e-01  5.51642065e-15  2.01921813e-15  2.73195876e+00 
 3.70000000e-01  5.77923126e-15  2.05824940e-15  2.80783818e+00 
 3.71000000e-01  6.04898076e-15  2.09381124e-15  2.88898094e+00 
 3.72000000e-01  6.33521013e-15  2.13370988e-15  2.96910569e+00 
 3.73000000e-01  6.64052147e-15  2.16493490e-15  3.06730769e+00 
 3.74000000e-01  6.95884322e-15  2.20049673e-15  3.16239653e+00 
 3.75000000e-01  7.29017541e-15  2.24386482e-15  3.24893699e+00 
 3.76000000e-01  7.63885483e-15  2.28029401e-15  3.34994294e+00 
 3.77000000e-01  8.01008565e-15  2.32539682e-15  3.44461022e+00 
 3.78000000e-01  8.39259218e-15  2.36963227e-15  3.54172767e+00 
 3.79000000e-01  8.79938483e-15  2.40692882e-15  3.65585586e+00 
 3.80000000e-01  9.22525945e-15  2.44942955e-15  3.76628895e+00 
 3.81000000e-01  9.67455283e-15  2.49626708e-15  3.87560806e+00 
 3.82000000e-01  1.01411934e-14  2.54657406e-15  3.98228883e+00 
 3.83000000e-01  1.06390591e-14  2.58994215e-15  4.10783657e+00 
 3.84000000e-01  1.11560067e-14  2.63504496e-15  4.23370639e+00 
 3.85000000e-01  1.16989751e-14  2.68535194e-15  4.35658915e+00 
 3.86000000e-01  1.22662297e-14  2.74259782e-15  4.47248577e+00 
 3.87000000e-01  1.28681787e-14  2.79290480e-15  4.60745342e+00 
 3.88000000e-01  1.34996181e-14  2.84147705e-15  4.75091575e+00 
 3.89000000e-01  1.41622825e-14  2.89698820e-15  4.88862275e+00 
 3.90000000e-01  1.48561718e-14  2.95596880e-15  5.02582160e+00 
 3.91000000e-01  1.55916946e-14  3.01494940e-15  5.17146145e+00 
 3.92000000e-01  1.63549729e-14  3.07046055e-15  5.32655367e+00 
 3.93000000e-01  1.71633541e-14  3.13291060e-15  5.47840532e+00 
 3.94000000e-01  1.80098991e-14  3.19883009e-15  5.63015184e+00 
 3.95000000e-01  1.88998123e-14  3.25607596e-15  5.80447523e+00 
 3.96000000e-01  1.98330935e-14  3.32893435e-15  5.95779052e+00 
 3.97000000e-01  2.08166817e-14  3.38964967e-15  6.14124872e+00 
 3.98000000e-01  2.18436380e-14  3.45903861e-15  6.31494483e+00 
 3.99000000e-01  2.29261055e-14  3.52842755e-15  6.49754179e+00 
 4.00000000e-01  2.40675535e-14  3.60128594e-15  6.68304432e+00 
 4.01000000e-01  2.52627780e-14  3.67240960e-15  6.87907416e+00 
 4.02000000e-01  2.65187178e-14  3.75220688e-15  7.06749884e+00 
 4.03000000e-01  2.78371076e-14  3.82853471e-15  7.27095605e+00 
 4.04000000e-01  2.92162128e-14  3.91006671e-15  7.47204969e+00 
 4.05000000e-01  3.06733805e-14  3.98986399e-15  7.68782609e+00 
 4.06000000e-01  3.22034066e-14  4.06619183e-15  7.91979522e+00 
 4.07000000e-01  3.38045564e-14  4.15813217e-15  8.12974552e+00 
 4.08000000e-01  3.54907076e-14  4.24486835e-15  8.36085002e+00 
 4.09000000e-01  3.72618603e-14  4.33680869e-15  8.59200000e+00 
 4.10000000e-01  3.91232186e-14  4.42874903e-15  8.83392088e+00 
 4.11000000e-01  4.10765172e-14  4.51895465e-15  9.08982726e+00 
 4.12000000e-01  4.31234909e-14  4.61956862e-15  9.33496057e+00 
 4.13000000e-01  4.52814869e-14  4.71671313e-15  9.60022067e+00 
 4.14000000e-01  4.75470358e-14  4.81732709e-15  9.87000360e+00 
 4.15000000e-01  4.99270764e-14  4.92487995e-15  1.01377246e+01 
 4.16000000e-01  5.24233434e-14  5.03069808e-15  1.04206897e+01 
 4.17000000e-01  5.50462453e-14  5.14865928e-15  1.06913747e+01 
 4.18000000e-01  5.77992515e-14  5.25447741e-15  1.10000000e+01 
 4.19000000e-01  6.06979744e-14  5.36723443e-15  1.13089851e+01 
 4.20000000e-01  6.37389447e-14  5.48693035e-15  1.16165033e+01 
 4.21000000e-01  6.69325706e-14  5.61009572e-15  1.19307359e+01 
 4.22000000e-01  7.02909952e-14  5.73846526e-15  1.22490931e+01 
 4.23000000e-01  7.38124839e-14  5.86336535e-15  1.25887574e+01 
 4.24000000e-01  7.75161185e-14  5.99346961e-15  1.29334298e+01 
 4.25000000e-01  8.14088380e-14  6.13224749e-15  1.32755304e+01 
 4.26000000e-01  8.54889076e-14  6.27102537e-15  1.36323651e+01 
 4.27000000e-01  8.97771441e-14  6.40980324e-15  1.40062246e+01 
 4.28000000e-01  9.42856904e-14  6.56072419e-15  1.43712322e+01 
 4.29000000e-01  9.90266896e-14  6.71164513e-15  1.47544585e+01 
 4.30000000e-01  1.03996672e-13  6.85562718e-15  1.51695344e+01 
 4.31000000e-01  1.09218190e-13  7.01869118e-15  1.55610479e+01 
 4.32000000e-01  1.14712059e-13  7.17308157e-15  1.59920193e+01 
 4.33000000e-01  1.20473076e-13  7.34134975e-15  1.64102079e+01 
 4.34000000e-01  1.26530730e-13  7.52176099e-15  1.68219557e+01 
 4.35000000e-01  1.32891961e-13  7.69349862e-15  1.72732807e+01 
 4.36000000e-01  1.39574116e-13  7.86697096e-15  1.77417861e+01 
 4.37000000e-01  1.46584134e-13  8.05605582e-15  1.81955211e+01 
 4.38000000e-01  1.53956708e-13  8.24340596e-15  1.86763468e+01 
 4.39000000e-01  1.61707453e-13  8.43769499e-15  1.91648849e+01 
 4.40000000e-01  1.69838102e-13  8.63371874e-15  1.96714888e+01 
 4.41000000e-01  1.78379880e-13  8.83841611e-15  2.01823356e+01 
 4.42000000e-01  1.87362278e-13  9.04658293e-15  2.07108341e+01 
 4.43000000e-01  1.96785296e-13  9.26168864e-15  2.12472373e+01 
 4.44000000e-01  2.06688833e-13  9.48546797e-15  2.17900512e+01 
 4.45000000e-01  2.17095439e-13  9.71618619e-15  2.23436886e+01 
 4.46000000e-01  2.28024197e-13  9.94170024e-15  2.29361368e+01 
 4.47000000e-01  2.39497658e-13  1.01880310e-14  2.35077473e+01 
 4.48000000e-01  2.51557455e-13  1.04274228e-14  2.41246049e+01 
 4.49000000e-01  2.64219202e-13  1.06858966e-14  2.47259740e+01 
 4.50000000e-01  2.77522796e-13  1.09443704e-14  2.53575844e+01 
 4.51000000e-01  2.91495994e-13  1.12097831e-14  2.60037140e+01 
 4.52000000e-01  3.06176959e-13  1.14786652e-14  2.66735681e+01 
 4.53000000e-01  3.21596916e-13  1.17614252e-14  2.73433628e+01 
 4.54000000e-01  3.37792294e-13  1.20493893e-14  2.80339764e+01 
 4.55000000e-01  3.54806462e-13  1.23477617e-14  2.87344760e+01 
 4.56000000e-01  3.72681053e-13  1.26426647e-14  2.94780461e+01 
 4.57000000e-01  3.91450761e-13  1.29583844e-14  3.02082999e+01 
 4.58000000e-01  4.11174567e-13  1.32775735e-14  3.09675986e+01 
 4.59000000e-01  4.31890634e-13  1.36106404e-14  3.17318379e+01 
 4.60000000e-01  4.53647536e-13  1.39506462e-14  3.25180303e+01 
 4.61000000e-01  4.76505987e-13  1.42923867e-14  3.33398471e+01 
 4.62000000e-01  5.00511091e-13  1.46532092e-14  3.41570972e+01 
 4.63000000e-01  5.25733970e-13  1.50209706e-14  3.50000000e+01 
 4.64000000e-01  5.52228402e-13  1.53939361e-14  3.58731125e+01 
 4.65000000e-01  5.80055101e-13  1.57842489e-14  3.67489834e+01 
 4.66000000e-01  6.09283457e-13  1.61849700e-14  3.76450161e+01 
 4.67000000e-01  6.39988063e-13  1.65943648e-14  3.85665900e+01 
 4.68000000e-01  6.72241776e-13  1.70159026e-14  3.95066775e+01 
 4.69000000e-01  7.06122660e-13  1.74443793e-14  4.04785203e+01 
 4.70000000e-01  7.41715717e-13  1.78919379e-14  4.14553035e+01 
 4.71000000e-01  7.79093803e-13  1.83481702e-14  4.24616621e+01 
 4.72000000e-01  8.18367943e-13  1.88165455e-14  4.34919332e+01 
 4.73000000e-01  8.59616198e-13  1.92987987e-14  4.45424719e+01 
 4.74000000e-01  9.02944386e-13  1.97931949e-14  4.56189308e+01 
 4.75000000e-01  9.48461795e-13  2.03049383e-14  4.67108928e+01 
 4.76000000e-01  9.96269039e-13  2.08270901e-14  4.78352490e+01 
 4.77000000e-01  1.04648928e-12  2.13683238e-14  4.89738594e+01 
 4.78000000e-01  1.09924916e-12  2.19269047e-14  5.01324367e+01 
 4.79000000e-01  1.15465970e-12  2.24889551e-14  5.13434125e+01 
 4.80000000e-01  1.21287008e-12  2.30857000e-14  5.25377217e+01 
 4.81000000e-01  1.27401041e-12  2.36911185e-14  5.37758658e+01 
 4.82000000e-01  1.33823681e-12  2.43017412e-14  5.50675280e+01 
 4.83000000e-01  1.40570715e-12  2.49435889e-14  5.63554489e+01 
 4.84000000e-01  1.47657928e-12  2.56010491e-14  5.76765144e+01 
 4.85000000e-01  1.55102320e-12  2.62810607e-14  5.90167656e+01 
 4.86000000e-01  1.62921933e-12  2.69697459e-14  6.04091464e+01 
 4.87000000e-01  1.71135849e-12  2.76844520e-14  6.18165925e+01 
 4.88000000e-01  1.79764016e-12  2.84269136e-14  6.32372612e+01 
 4.89000000e-01  1.88828120e-12  2.91849878e-14  6.47004279e+01 
 4.90000000e-01  1.98348456e-12  2.99638786e-14  6.61958548e+01 
 4.91000000e-01  2.08349483e-12  3.07653209e-14  6.77221877e+01 
 4.92000000e-01  2.18854275e-12  3.15945187e-14  6.92696974e+01 
 4.93000000e-01  2.29889371e-12  3.24427985e-14  7.08599080e+01 
 4.94000000e-01  2.41480620e-12  3.33118949e-14  7.24908087e+01 
 4.95000000e-01  2.53656471e-12  3.42226248e-14  7.41195255e+01 
 4.96000000e-01  2.66446934e-12  3.51489671e-14  7.58050537e+01 
 4.97000000e-01  2.79882020e-12  3.61030650e-14  7.75230635e+01 
 4.98000000e-01  2.93994516e-12  3.70866532e-14  7.92723232e+01 
 4.99000000e-01  3.08818943e-12  3.81049359e-14  8.10443411e+01 
 5.00000000e-01  3.24391035e-12  3.91475047e-14  8.28637833e+01 
 5.01000000e-01  3.40747569e-12  4.02247680e-14  8.47108848e+01 
 5.02000000e-01  3.57930179e-12  4.13263174e-14  8.66107122e+01 
 5.03000000e-01  3.75979109e-12  4.24695002e-14  8.85292050e+01 
 5.04000000e-01  3.94938075e-12  4.36439080e-14  9.04909971e+01 
 5.05000000e-01  4.14852527e-12  4.48634186e-14  9.24701104e+01 
 5.06000000e-01  4.35772078e-12  4.60968070e-14  9.45341134e+01 
 5.07000000e-01  4.57745994e-12  4.73961149e-14  9.65788007e+01 
 5.08000000e-01  4.80828745e-12  4.87231784e-14  9.86858330e+01 
 5.09000000e-01  5.05075669e-12  5.00866711e-14  1.00840335e+02 
 5.10000000e-01  5.30544879e-12  5.14952665e-14  1.03027893e+02 
 5.11000000e-01  5.57299172e-12  5.29454954e-14  1.05259034e+02 
 5.12000000e-01  5.85401519e-12  5.44495007e-14  1.07512743e+02 
 5.13000000e-01  6.14922696e-12  5.59968740e-14  1.09813754e+02 
 5.14000000e-01  6.45931225e-12  5.75928196e-14  1.12154819e+02 
 5.15000000e-01  6.78504648e-12  5.92286639e-14  1.14556805e+02 
 5.16000000e-01  7.12719987e-12  6.09182846e-14  1.16996070e+02 
 5.17000000e-01  7.48661549e-12  6.26720901e-14  1.19456930e+02 
 5.18000000e-01  7.86414857e-12  6.44744678e-14  1.21973067e+02 
 5.19000000e-01  8.26072717e-12  6.63340914e-14  1.24532152e+02 
 5.20000000e-01  8.67730193e-12  6.82544303e-14  1.27131703e+02 
 5.21000000e-01  9.11489113e-12  7.02372193e-14  1.29772950e+02 
 5.22000000e-01  9.57454255e-12  7.22824583e-14  1.32460112e+02 
 5.23000000e-01  1.00573751e-11  7.43953516e-14  1.35188219e+02 
 5.24000000e-01  1.05645579e-11  7.65758991e-14  1.37961918e+02 
 5.25000000e-01  1.10973192e-11  7.88171619e-14  1.40798260e+02 
 5.26000000e-01  1.16569532e-11  8.11399567e-14  1.43664770e+02 
 5.27000000e-01  1.22448024e-11  8.35408140e-14  1.46572697e+02 
 5.28000000e-01  1.28622998e-11  8.60162645e-14  1.49533345e+02 
 5.29000000e-01  1.35109406e-11  8.85767165e-14  1.52533771e+02 
 5.30000000e-01  1.41922880e-11  9.12169657e-14  1.55588249e+02 
 5.31000000e-01  1.49080054e-11  9.39456859e-14  1.58687493e+02 
 5.32000000e-01  1.56598033e-11  9.67663464e-14  1.61831090e+02 
 5.33000000e-01  1.64495310e-11  9.96789473e-14  1.65025127e+02 
 5.34000000e-01  1.72790757e-11  1.02686958e-13  1.68269429e+02 
 5.35000000e-01  1.81504551e-11  1.05802521e-13  1.71550307e+02 
 5.36000000e-01  1.90657819e-11  1.09022168e-13  1.74879863e+02 
 5.37000000e-01  2.00272715e-11  1.12344164e-13  1.78267128e+02 
 5.38000000e-01  2.10372449e-11  1.15785856e-13  1.81690974e+02 
 5.39000000e-01  2.20981566e-11  1.19335100e-13  1.85177342e+02 
 5.40000000e-01  2.32125708e-11  1.23009245e-13  1.88705904e+02 
 5.41000000e-01  2.43831847e-11  1.26813494e-13  1.92275948e+02 
 5.42000000e-01  2.56128278e-11  1.30742643e-13  1.95902632e+02 
 5.43000000e-01  2.69044908e-11  1.34807100e-13  1.99577698e+02 
 5.44000000e-01  2.82612839e-11  1.39012071e-13  2.03300935e+02 
 5.45000000e-01  2.96865102e-11  1.43367962e-13  2.07065162e+02 
 5.46000000e-01  3.11836095e-11  1.47869570e-13  2.10885915e+02 
 5.47000000e-01  3.27562075e-11  1.52541181e-13  2.14736816e+02 
 5.48000000e-01  3.44081187e-11  1.57367182e-13  2.18648630e+02 
 5.49000000e-01  3.61433244e-11  1.62359717e-13  2.22612635e+02 
 5.50000000e-01  3.79660487e-11  1.67523990e-13  2.26630519e+02 
 5.51000000e-01  3.98806873e-11  1.72880817e-13  2.30683126e+02 
 5.52000000e-01  4.18918875e-11  1.78424994e-13  2.34787103e+02 
 5.53000000e-01  4.40045118e-11  1.84172134e-13  2.38931433e+02 
 5.54000000e-01  4.62236759e-11  1.90120502e-13  2.43128308e+02 
 5.55000000e-01  4.85547557e-11  1.96278772e-13  2.47376500e+02 
 5.56000000e-01  5.10033907e-11  2.02662556e-13  2.51666572e+02 
 5.57000000e-01  5.35755086e-11  2.09280528e-13  2.55998536e+02 
 5.58000000e-01  5.62773404e-11  2.16132687e-13  2.60383291e+02 
 5.59000000e-01  5.91154313e-11  2.23234647e-13  2.64812976e+02 
 5.60000000e-01  6.20966490e-11  2.30598551e-13  2.69284646e+02 
 5.61000000e-01  6.52282134e-11  2.38238275e-13  2.73794013e+02 
 5.62000000e-01  6.85176898e-11  2.46148617e-13  2.78359028e+02 
 5.63000000e-01  7.19730646e-11  2.54353862e-13  2.82964308e+02 
 5.64000000e-01  7.56026942e-11  2.62859215e-13  2.87616678e+02 
 5.65000000e-01  7.94153753e-11  2.71676818e-13  2.92315611e+02 
 5.66000000e-01  8.34203279e-11  2.80836163e-13  2.97042685e+02 
 5.67000000e-01  8.76272440e-11  2.90338982e-13  3.01810123e+02 
 5.68000000e-01  9.20463150e-11  3.00183543e-13  3.06633448e+02 
 5.69000000e-01  9.66882459e-11  3.10409744e-13  3.11485860e+02 
 5.70000000e-01  1.01564273e-10  3.21015850e-13  3.16383981e+02 
 5.71000000e-01  1.06686200e-10  3.32038290e-13  3.21306919e+02 
 5.72000000e-01  1.12066417e-10  3.43452778e-13  3.26293523e+02 
 5.73000000e-01  1.17717959e-10  3.55318295e-13  3.31302835e+02 
 5.74000000e-01  1.23654519e-10  3.67641780e-13  3.36345121e+02 
 5.75000000e-01  1.29890456e-10  3.80435376e-13  3.41425809e+02 
 5.76000000e-01  1.36440864e-10  3.93711226e-13  3.46550605e+02 
 5.77000000e-01  1.43321618e-10  4.07507495e-13  3.51703024e+02 
 5.78000000e-01  1.50549366e-10  4.21831121e-13  3.56894878e+02 
 5.79000000e-01  1.58141606e-10  4.36718533e-13  3.62113338e+02 
 5.80000000e-01  1.66116724e-10  4.52190549e-13  3.67360010e+02 
 5.81000000e-01  1.74494021e-10  4.68266250e-13  3.72638475e+02 
 5.82000000e-01  1.83293800e-10  4.84952576e-13  3.77962318e+02 
 5.83000000e-01  1.92537333e-10  5.02320651e-13  3.83295675e+02 
 5.84000000e-01  2.02247028e-10  5.20354862e-13  3.88671352e+02 
 5.85000000e-01  2.12446371e-10  5.39105517e-13  3.94071966e+02 
 5.86000000e-01  2.23160070e-10  5.58598636e-13  3.99499848e+02 
 5.87000000e-01  2.34414050e-10  5.78867179e-13  4.04953085e+02 
 5.88000000e-01  2.46235575e-10  5.99949312e-13  4.10427298e+02 
 5.89000000e-01  2.58653246e-10  6.21876259e-13  4.15923975e+02 
 5.90000000e-01  2.71697142e-10  6.44677511e-13  4.21446594e+02 
 5.91000000e-01  2.85398834e-10  6.68387764e-13  4.26995899e+02 
 5.92000000e-01  2.99791491e-10  6.93062528e-13  4.32560526e+02 
 5.93000000e-01  3.14909981e-10  7.18729559e-13  4.38148086e+02 
 5.94000000e-01  3.30790875e-10  7.45451310e-13  4.43745783e+02 
 5.95000000e-01  3.47472631e-10  7.73241657e-13  4.49371329e+02 
 5.96000000e-01  3.64995647e-10  8.02175195e-13  4.55007397e+02 
 5.97000000e-01  3.83402331e-10  8.32281416e-13  4.60664295e+02 
 5.98000000e-01  4.02737259e-10  8.63633178e-13  4.66329073e+02 
 5.99000000e-01  4.23047226e-10  8.96265176e-13  4.72011228e+02 
 6.00000000e-01  4.44381419e-10  9.30232924e-13  4.77709838e+02 
 6.01000000e-01  4.66791477e-10  9.65609281e-13  4.83416519e+02 
 6.02000000e-01  4.90331659e-10  1.00245323e-12  4.89131707e+02 
 6.03000000e-01  5.15058943e-10  1.04082028e-12  4.94858674e+02 
 6.04000000e-01  5.41033221e-10  1.08077809e-12  5.00596030e+02 
 6.05000000e-01  5.68317348e-10  1.12240126e-12  5.06340620e+02 
 6.06000000e-01  5.96977385e-10  1.16576437e-12  5.12090951e+02 
 6.07000000e-01  6.27082723e-10  1.21094724e-12  5.17844795e+02 
 6.08000000e-01  6.58706255e-10  1.25801924e-12  5.23605867e+02 
 6.09000000e-01  6.91924520e-10  1.30706713e-12  5.29371832e+02 
 6.10000000e-01  7.26817949e-10  1.35818804e-12  5.35137940e+02 
 6.11000000e-01  7.63471012e-10  1.41146872e-12  5.40905371e+02 
 6.12000000e-01  8.01972453e-10  1.46700111e-12  5.46674741e+02 
 6.13000000e-01  8.42415473e-10  1.52488583e-12  5.52444947e+02 
 6.14000000e-01  8.84897993e-10  1.58523391e-12  5.58212884e+02 
 6.15000000e-01  9.29522842e-10  1.64814596e-12  5.63980899e+02 
 6.16000000e-01  9.76398070e-10  1.71374690e-12  5.69744617e+02 
 6.17000000e-01  1.02563715e-09  1.78216683e-12  5.75500081e+02 
 6.18000000e-01  1.07735929e-09  1.85349596e-12  5.81257967e+02 
 6.19000000e-01  1.13168972e-09  1.92790084e-12  5.87006186e+02 
 6.20000000e-01  1.18875993e-09  2.00549596e-12  5.92751098e+02 
 6.21000000e-01  1.24870813e-09  2.08644614e-12  5.98485675e+02 
 6.22000000e-01  1.31167940e-09  2.17088149e-12  6.04215114e+02 
 6.23000000e-01  1.37782623e-09  2.25897375e-12  6.09934590e+02 
 6.24000000e-01  1.44730874e-09  2.35087560e-12  6.15646669e+02 
 6.25000000e-01  1.52029512e-09  2.44676400e-12  6.21349308e+02 
 6.26000000e-01  1.59696209e-09  2.54684191e-12  6.27036205e+02 
 6.27000000e-01  1.67749522e-09  2.65126723e-12  6.32714502e+02 
 6.28000000e-01  1.76208951e-09  2.76024986e-12  6.38380435e+02 
 6.29000000e-01  1.85094973e-09  2.87399626e-12  6.44033449e+02 
 6.30000000e-01  1.94429100e-09  2.99271636e-12  6.49674331e+02 
 6.31000000e-01  2.04233928e-09  3.11665304e-12  6.55298889e+02 
 6.32000000e-01  2.14533194e-09  3.24602318e-12  6.60910851e+02 
 6.33000000e-01  2.25351832e-09  3.38108700e-12  6.66507047e+02 
 6.34000000e-01  2.36716028e-09  3.52210477e-12  6.72086847e+02 
 6.35000000e-01  2.48653299e-09  3.66935232e-12  6.77649015e+02 
 6.36000000e-01  2.61192539e-09  3.82308992e-12  6.83197476e+02 
 6.37000000e-01  2.74364103e-09  3.98365415e-12  6.88724704e+02 
 6.38000000e-01  2.88199879e-09  4.15131394e-12  6.94237736e+02 
 6.39000000e-01  3.02733360e-09  4.32642496e-12  6.99730984e+02 
 6.40000000e-01  3.17999728e-09  4.50932730e-12  7.05204363e+02 
 6.41000000e-01  3.34035941e-09  4.70036621e-12  7.10659396e+02 
 6.42000000e-01  3.50880819e-09  4.89990782e-12  7.16096776e+02 
 6.43000000e-01  3.68575140e-09  5.10836506e-12  7.21512921e+02 
 6.44000000e-01  3.87161736e-09  5.32613876e-12  7.26908842e+02 
 6.45000000e-01  4.06685604e-09  5.55366790e-12  7.32282900e+02 
 6.46000000e-01  4.27194006e-09  5.79137587e-12  7.37638197e+02 
 6.47000000e-01  4.48736585e-09  6.03975199e-12  7.42971872e+02 
 6.48000000e-01  4.71365492e-09  6.29928733e-12  7.48283842e+02 
 6.49000000e-01  4.95135506e-09  6.57049551e-12  7.53574073e+02 
 6.50000000e-01  5.20104168e-09  6.85391795e-12  7.58842127e+02 
 6.51000000e-01  5.46331919e-09  7.15011687e-12  7.64088096e+02 
 6.52000000e-01  5.73882249e-09  7.45966323e-12  7.69313883e+02 
 6.53000000e-01  6.02821849e-09  7.78321643e-12  7.74515079e+02 
 6.54000000e-01  6.33220774e-09  8.12139778e-12  7.79694322e+02 
 6.55000000e-01  6.65152609e-09  8.47489796e-12  7.84850286e+02 
 6.56000000e-01  6.98694650e-09  8.84443200e-12  7.89982499e+02 
 6.57000000e-01  7.33928092e-09  9.23070628e-12  7.95094189e+02 
 6.58000000e-01  7.70938222e-09  9.63454516e-12  8.00181232e+02 
 6.59000000e-01  8.09814628e-09  1.00567297e-11  8.05246489e+02 
 6.60000000e-01  8.50651416e-09  1.04981537e-11  8.10286682e+02 
 6.61000000e-01  8.93547436e-09  1.09596852e-11  8.15303928e+02 
 6.62000000e-01  9.38606521e-09  1.14422266e-11  8.20300591e+02 
 6.63000000e-01  9.85937741e-09  1.19468351e-11  8.25271075e+02 
 6.64000000e-01  1.03565567e-08  1.24744862e-11  8.30219095e+02 
 6.65000000e-01  1.08788064e-08  1.30262633e-11  8.35144057e+02 
 6.66000000e-01  1.14273907e-08  1.36032982e-11  8.40045596e+02 
 6.67000000e-01  1.20036376e-08  1.42067575e-11  8.44924505e+02 
 6.68000000e-01  1.26089417e-08  1.48378810e-11  8.49780485e+02 
 6.69000000e-01  1.32447683e-08  1.54979776e-11  8.54612684e+02 
 6.70000000e-01  1.39126563e-08  1.61883620e-11  8.59423350e+02 
 6.71000000e-01  1.46142223e-08  1.69105133e-11  8.64209267e+02 
 6.72000000e-01  1.53511645e-08  1.76658627e-11  8.68973386e+02 
 6.73000000e-01  1.61252665e-08  1.84559868e-11  8.73714675e+02 
 6.74000000e-01  1.69384021e-08  1.92825079e-11  8.78433558e+02 
 6.75000000e-01  1.77925392e-08  2.01471385e-11  8.83129841e+02 
 6.76000000e-01  1.86897452e-08  2.10516571e-11  8.87803992e+02 
 6.77000000e-01  1.96321918e-08  2.19979416e-11  8.92455852e+02 
 6.78000000e-01  2.06221598e-08  2.29879291e-11  8.97086454e+02 
 6.79000000e-01  2.16620453e-08  2.40237128e-11  9.01694317e+02 
 6.80000000e-01  2.27543651e-08  2.51073988e-11  9.06281265e+02 
 6.81000000e-01  2.39017629e-08  2.62412563e-11  9.10846746e+02 
 6.82000000e-01  2.51070156e-08  2.74276522e-11  9.15390622e+02 
 6.83000000e-01  2.63730403e-08  2.86690459e-11  9.19913428e+02 
 6.84000000e-01  2.77029008e-08  2.99680027e-11  9.24415985e+02 
 6.85000000e-01  2.90998156e-08  3.13272537e-11  9.28897752e+02 
 6.86000000e-01  3.05671653e-08  3.27496431e-11  9.33358731e+02 
 6.87000000e-01  3.21085011e-08  3.42381128e-11  9.37799968e+02 
 6.88000000e-01  3.37275530e-08  3.57957947e-11  9.42221098e+02 
 6.89000000e-01  3.54282391e-08  3.74259447e-11  9.46622441e+02 
 6.90000000e-01  3.72146750e-08  3.91319668e-11  9.51004462e+02 
 6.91000000e-01  3.90911837e-08  4.09174604e-11  9.55366812e+02 
 6.92000000e-01  4.10623062e-08  4.27861406e-11  9.59710448e+02 
 6.93000000e-01  4.31328121e-08  4.47419524e-11  9.64035089e+02 
 6.94000000e-01  4.53077117e-08  4.67889759e-11  9.68341598e+02 
 6.95000000e-01  4.75922676e-08  4.89315389e-11  9.72629693e+02 
 6.96000000e-01  4.99920078e-08  5.11741442e-11  9.76899734e+02 
 6.97000000e-01  5.25127388e-08  5.35215185e-11  9.81151884e+02 
 6.98000000e-01  5.51605596e-08  5.59785866e-11  9.85386786e+02 
 6.99000000e-01  5.79418766e-08  5.85505493e-11  9.89604321e+02 
 7.00000000e-01  6.08634193e-08  6.12428304e-11  9.93804809e+02 
 7.01000000e-01  6.39322560e-08  6.40611057e-11  9.97988644e+02 
 7.02000000e-01  6.71558111e-08  6.70113302e-11  1.00215607e+03 
 7.03000000e-01  7.05418834e-08  7.00997445e-11  1.00630728e+03 
 7.04000000e-01  7.40986644e-08  7.33328638e-11  1.01044280e+03 
 7.05000000e-01  7.78347584e-08  7.67175659e-11  1.01456241e+03 
 7.06000000e-01  8.17592031e-08  8.02610003e-11  1.01866663e+03 
 7.07000000e-01  8.58814916e-08  8.39706458e-11  1.02275612e+03 
 7.08000000e-01  9.02115951e-08  8.78544129e-11  1.02683055e+03 
 7.09000000e-01  9.47599873e-08  9.19205114e-11  1.03089056e+03 
 7.10000000e-01  9.95376691e-08  9.61775947e-11  1.03493615e+03 
 7.11000000e-01  1.04556196e-07  1.00634684e-10  1.03896780e+03 
 7.12000000e-01  1.09827705e-07  1.05301277e-10  1.04298550e+03 
 7.13000000e-01  1.15364945e-07  1.10187245e-10  1.04699001e+03 
 7.14000000e-01  1.21181305e-07  1.15303015e-10  1.05098123e+03 
 7.15000000e-01  1.27290852e-07  1.20659475e-10  1.05495944e+03 
 7.16000000e-01  1.33708357e-07  1.26268019e-10  1.05892496e+03 
 7.17000000e-01  1.40449338e-07  1.32140577e-10  1.06287820e+03 
 7.18000000e-01  1.47530092e-07  1.38289679e-10  1.06681926e+03 
 7.19000000e-01  1.54967738e-07  1.44728440e-10  1.07074835e+03 
 7.20000000e-01  1.62780256e-07  1.51470590e-10  1.07466575e+03 
 7.21000000e-01  1.70986531e-07  1.58530482e-10  1.07857195e+03 
 7.22000000e-01  1.79606398e-07  1.65923227e-10  1.08246688e+03 
 7.23000000e-01  1.88660690e-07  1.73664581e-10  1.08635100e+03 
 7.24000000e-01  1.98171291e-07  1.81771085e-10  1.09022450e+03 
 7.25000000e-01  2.08161182e-07  1.90260052e-10  1.09408770e+03 
 7.26000000e-01  2.18654504e-07  1.99149652e-10  1.09794068e+03 
 7.27000000e-01  2.29676608e-07  2.08458859e-10  1.10178387e+03 
 7.28000000e-01  2.41254123e-07  2.18207620e-10  1.10561732e+03 
 7.29000000e-01  2.53415018e-07  2.28416769e-10  1.10944139e+03 
 7.30000000e-01  2.66188664e-07  2.39108153e-10  1.11325633e+03 
 7.31000000e-01  2.79605914e-07  2.50304663e-10  1.11706235e+03 
 7.32000000e-01  2.93699168e-07  2.62030299e-10  1.12085957e+03 
 7.33000000e-01  3.08502456e-07  2.74310127e-10  1.12464844e+03 
 7.34000000e-01  3.24051518e-07  2.87170504e-10  1.12842897e+03 
 7.35000000e-01  3.40383887e-07  3.00638974e-10  1.13220147e+03 
 7.36000000e-01  3.57538986e-07  3.14744392e-10  1.13596618e+03 
 7.37000000e-01  3.75558214e-07  3.29517021e-10  1.13972326e+03 
 7.38000000e-01  3.94485052e-07  3.44988548e-10  1.14347289e+03 
 7.39000000e-01  4.14365160e-07  3.61192143e-10  1.14721532e+03 
 7.40000000e-01  4.35246492e-07  3.78162565e-10  1.15095076e+03 
 7.41000000e-01  4.57179409e-07  3.95936222e-10  1.15467942e+03 
 7.42000000e-01  4.80216796e-07  4.14551287e-10  1.15840141e+03 
 7.43000000e-01  5.04414193e-07  4.34047678e-10  1.16211702e+03 
 7.44000000e-01  5.29829923e-07  4.54467263e-10  1.16582638e+03 
 7.45000000e-01  5.56525232e-07  4.75853897e-10  1.16952963e+03 
 7.46000000e-01  5.84564436e-07  4.98253490e-10  1.17322698e+03 
 7.47000000e-01  6.14015073e-07  5.21714122e-10  1.17691864e+03 
 7.48000000e-01  6.44948062e-07  5.46286202e-10  1.18060471e+03 
 7.49000000e-01  6.77437874e-07  5.72022496e-10  1.18428537e+03 
 7.50000000e-01  7.11562704e-07  5.98978271e-10  1.18796080e+03 
 7.51000000e-01  7.47404660e-07  6.27211451e-10  1.19163108e+03 
 7.52000000e-01  7.85049956e-07  6.56782648e-10  1.19529643e+03 
 7.53000000e-01  8.24589113e-07  6.87755384e-10  1.19895697e+03 
 7.54000000e-01  8.66117176e-07  7.20196236e-10  1.20261275e+03 
 7.55000000e-01  9.09733935e-07  7.54174809e-10  1.20626402e+03 
 7.56000000e-01  9.55544160e-07  7.89764154e-10  1.20991078e+03 
 7.57000000e-01  1.00365785e-06  8.27040672e-10  1.21355319e+03 
 7.58000000e-01  1.05419048e-06  8.66084404e-10  1.21719139e+03 
 7.59000000e-01  1.10726329e-06  9.06979204e-10  1.22082544e+03 
 7.60000000e-01  1.16300355e-06  9.49812873e-10  1.22445545e+03 
 7.61000000e-01  1.22154486e-06  9.94677364e-10  1.22808149e+03 
 7.62000000e-01  1.28302747e-06  1.04166900e-09  1.23170361e+03 
 7.63000000e-01  1.34759860e-06  1.09088862e-09  1.23532189e+03 
 7.64000000e-01  1.41541278e-06  1.14244179e-09  1.23893645e+03 
 7.65000000e-01  1.48663220e-06  1.19643915e-09  1.24254727e+03 
 7.66000000e-01  1.56142710e-06  1.25299648e-09  1.24615442e+03 
 7.67000000e-01  1.63997616e-06  1.31223505e-09  1.24975793e+03 
 7.68000000e-01  1.72246688e-06  1.37428183e-09  1.25335782e+03 
 7.69000000e-01  1.80909604e-06  1.43926977e-09  1.25695410e+03 
 7.70000000e-01  1.90007015e-06  1.50733806e-09  1.26054679e+03 
 7.71000000e-01  1.99560590e-06  1.57863244e-09  1.26413587e+03 
 7.72000000e-01  2.09593066e-06  1.65330551e-09  1.26772133e+03 
 7.73000000e-01  2.20128299e-06  1.73151700e-09  1.27130314e+03 
 7.74000000e-01  2.31191365e-06  1.81343455e-09  1.27488122e+03 
 7.75000000e-01  2.42808436e-06  1.89923247e-09  1.27845559e+03 
 7.76000000e-01  2.55007100e-06  1.98909437e-09  1.28202615e+03 
 7.77000000e-01  2.67816250e-06  2.08321210e-09  1.28559281e+03 
 7.78000000e-01  2.81266195e-06  2.18178642e-09  1.28915549e+03 
 7.79000000e-01  2.95388722e-06  2.28502747e-09  1.29271409e+03 
 7.80000000e-01  3.10217166e-06  2.39315520e-09  1.29626848e+03 
 7.81000000e-01  3.25786486e-06  2.50639977e-09  1.29981853e+03 
 7.82000000e-01  3.42133337e-06  2.62500206e-09  1.30336407e+03 
 7.83000000e-01  3.59296151e-06  2.74921409e-09  1.30690495e+03 
 7.84000000e-01  3.77315219e-06  2.87929961e-09  1.31044097e+03 
 7.85000000e-01  3.96232774e-06  3.01553454e-09  1.31397193e+03 
 7.86000000e-01  4.16093086e-06  3.15820755e-09  1.31749759e+03 
 7.87000000e-01  4.36942549e-06  3.30762062e-09  1.32101773e+03 
 7.88000000e-01  4.58829781e-06  3.46408964e-09  1.32453207e+03 
 7.89000000e-01  4.81805724e-06  3.62794499e-09  1.32804032e+03 
 7.90000000e-01  5.05923745e-06  3.79953228e-09  1.33154217e+03 
 7.91000000e-01  5.31239750e-06  3.97921281e-09  1.33503729e+03 
 7.92000000e-01  5.57812291e-06  4.16736448e-09  1.33852533e+03 
 7.93000000e-01  5.85702685e-06  4.36438238e-09  1.34200589e+03 
 7.94000000e-01  6.14975134e-06  4.57067953e-09  1.34547857e+03 
 7.95000000e-01  6.45696852e-06  4.78668772e-09  1.34894292e+03 
 7.96000000e-01  6.77938188e-06  5.01285818e-09  1.35239850e+03 
 7.97000000e-01  7.11772768e-06  5.24966263e-09  1.35584478e+03 
 7.98000000e-01  7.47277627e-06  5.49759385e-09  1.35928126e+03 
 7.99000000e-01  7.84533352e-06  5.75716679e-09  1.36270735e+03 
 8.00000000e-01  8.23624231e-06  6.02891937e-09  1.36612248e+03 
 8.01000000e-01  8.64638399e-06  6.31341345e-09  1.36952602e+03 
 8.02000000e-01  9.07668000e-06  6.61123586e-09  1.37291729e+03 
 8.03000000e-01  9.52809339e-06  6.92299929e-09  1.37629559e+03 
 8.04000000e-01  1.00016305e-05  7.24934347e-09  1.37966018e+03 
 8.05000000e-01  1.04983426e-05  7.59093612e-09  1.38301027e+03 
 8.06000000e-01  1.10193277e-05  7.94847413e-09  1.38634504e+03 
 8.07000000e-01  1.15657320e-05  8.32268464e-09  1.38966362e+03 
 8.08000000e-01  1.21387521e-05  8.71432623e-09  1.39296508e+03 
 8.09000000e-01  1.27396364e-05  9.12419006e-09  1.39624847e+03 
 8.10000000e-01  1.33696872e-05  9.55310123e-09  1.39951278e+03 
 8.11000000e-01  1.40302624e-05  1.00019199e-08  1.40275693e+03 
 8.12000000e-01  1.47227774e-05  1.04715424e-08  1.40597982e+03 
 8.13000000e-01  1.54487070e-05  1.09629032e-08  1.40918028e+03 
 8.14000000e-01  1.62095873e-05  1.14769752e-08  1.41235709e+03 
 8.15000000e-01  1.70070175e-05  1.20147721e-08  1.41550895e+03 
 8.16000000e-01  1.78426619e-05  1.25773491e-08  1.41863455e+03 
 8.17000000e-01  1.87182517e-05  1.31658044e-08  1.42173247e+03 
 8.18000000e-01  1.96355866e-05  1.37812811e-08  1.42480126e+03 
 8.19000000e-01  2.05965373e-05  1.44249679e-08  1.42783939e+03 
 8.20000000e-01  2.16030462e-05  1.50981008e-08  1.43084527e+03 
 8.21000000e-01  2.26571300e-05  1.58019649e-08  1.43381726e+03 
 8.22000000e-01  2.37608811e-05  1.65378952e-08  1.43675364e+03 
 8.23000000e-01  2.49164688e-05  1.73072787e-08  1.43965260e+03 
 8.24000000e-01  2.61261411e-05  1.81115551e-08  1.44251231e+03 
 8.25000000e-01  2.73922261e-05  1.89522188e-08  1.44533083e+03 
 8.26000000e-01  2.87171328e-05  1.98308202e-08  1.44810615e+03 
 8.27000000e-01  3.01033527e-05  2.07489667e-08  1.45083623e+03 
 8.28000000e-01  3.15534603e-05  2.17083246e-08  1.45351891e+03 
 8.29000000e-01  3.30701142e-05  2.27106200e-08  1.45615198e+03 
 8.30000000e-01  3.46560574e-05  2.37576400e-08  1.45873316e+03 
 8.31000000e-01  3.63141176e-05  2.48512346e-08  1.46126010e+03 
 8.32000000e-01  3.80472075e-05  2.59933170e-08  1.46373037e+03 
 8.33000000e-01  3.98583246e-05  2.71858652e-08  1.46614148e+03 
 8.34000000e-01  4.17505507e-05  2.84309231e-08  1.46849086e+03 
 8.35000000e-01  4.37270512e-05  2.97306010e-08  1.47077589e+03 
 8.36000000e-01  4.57910742e-05  3.10870770e-08  1.47299388e+03 
 8.37000000e-01  4.79459488e-05  3.25025975e-08  1.47514207e+03 
 8.38000000e-01  5.01952015e-05  3.39795714e-08  1.47721703e+03 
 8.39000000e-01  5.25421037e-05  3.55202128e-08  1.47921703e+03 
 8.40000000e-01  5.49903174e-05  3.71270566e-08  1.48113862e+03 
 8.41000000e-01  5.75434763e-05  3.88026286e-08  1.48297882e+03 
 8.42000000e-01  6.02052836e-05  4.05495251e-08  1.48473462e+03 
 8.43000000e-01  6.29795075e-05  4.23704133e-08  1.48640295e+03 
 8.44000000e-01  6.58699774e-05  4.42680307e-08  1.48798075e+03 
 8.45000000e-01  6.88805796e-05  4.62451855e-08  1.48946488e+03 
 8.46000000e-01  7.20152520e-05  4.83047555e-08  1.49085222e+03 
 8.47000000e-01  7.52779789e-05  5.04496885e-08  1.49213962e+03 
 8.48000000e-01  7.86727852e-05  5.26830009e-08  1.49332392e+03 
 8.49000000e-01  8.22037300e-05  5.50077769e-08  1.49440197e+03 
 8.50000000e-01  8.58749003e-05  5.74271680e-08  1.49537063e+03 
 8.51000000e-01  8.96904035e-05  5.99443916e-08  1.49622677e+03 
 8.52000000e-01  9.36543606e-05  6.25627295e-08  1.49696731e+03 
 8.53000000e-01  9.77708980e-05  6.52855267e-08  1.49758917e+03 
 8.54000000e-01  1.02044140e-04  6.81161901e-08  1.49808936e+03 
 8.55000000e-01  1.06478199e-04  7.10581862e-08  1.49846491e+03 
 8.56000000e-01  1.11077169e-04  7.41150397e-08  1.49871294e+03 
 8.57000000e-01  1.15845117e-04  7.72903315e-08  1.49883064e+03 
 8.58000000e-01  1.20786072e-04  8.05876966e-08  1.49881529e+03 
 8.59000000e-01  1.25904016e-04  8.40108219e-08  1.49866426e+03 
 8.60000000e-01  1.31202879e-04  8.75634444e-08  1.49837503e+03 
 8.61000000e-01  1.36686524e-04  9.12493482e-08  1.49794521e+03 
 8.62000000e-01  1.42358745e-04  9.50723632e-08  1.49737253e+03 
 8.63000000e-01  1.48223251e-04  9.90363616e-08  1.49665485e+03 
 8.64000000e-01  1.54283662e-04  1.03145256e-07  1.49579019e+03 
 8.65000000e-01  1.60543501e-04  1.07402999e-07  1.49477671e+03 
 8.66000000e-01  1.67006182e-04  1.11813577e-07  1.49361274e+03 
 8.67000000e-01  1.73675007e-04  1.16381010e-07  1.49229679e+03 
 8.68000000e-01  1.80553154e-04  1.21109350e-07  1.49082753e+03 
 8.69000000e-01  1.87643673e-04  1.26002679e-07  1.48920384e+03 
 8.70000000e-01  1.94949482e-04  1.31065105e-07  1.48742475e+03 
 8.71000000e-01  2.02473353e-04  1.36300761e-07  1.48548953e+03 
 8.72000000e-01  2.10219313e-04  1.41715057e-07  1.48339434e+03 
 8.73000000e-01  2.18187235e-04  1.47309843e-07  1.48114499e+03 
 8.74000000e-01  2.26380672e-04  1.53090412e-07  1.47873840e+03 
 8.75000000e-01  2.34801790e-04  1.59060984e-07  1.47617463e+03 
 8.76000000e-01  2.43452593e-04  1.65225792e-07  1.47345393e+03 
 8.77000000e-01  2.52334926e-04  1.71589089e-07  1.47057676e+03 
 8.78000000e-01  2.61450465e-04  1.78155139e-07  1.46754378e+03 
 8.79000000e-01  2.70800723e-04  1.84928222e-07  1.46435584e+03 
 8.80000000e-01  2.80387047e-04  1.91912632e-07  1.46101402e+03 
 8.81000000e-01  2.90210617e-04  1.99112674e-07  1.45751956e+03 
 8.82000000e-01  3.00272452e-04  2.06532666e-07  1.45387389e+03 
 8.83000000e-01  3.10573406e-04  2.14176938e-07  1.45007865e+03 
 8.84000000e-01  3.21114173e-04  2.22049831e-07  1.44613564e+03 
 8.85000000e-01  3.31895292e-04  2.30155700e-07  1.44204681e+03 
 8.86000000e-01  3.42917144e-04  2.38498911e-07  1.43781430e+03 
 8.87000000e-01  3.54179961e-04  2.47083842e-07  1.43344040e+03 
 8.88000000e-01  3.65683829e-04  2.55914885e-07  1.42892755e+03 
 8.89000000e-01  3.77428689e-04  2.64996446e-07  1.42427830e+03 
 8.90000000e-01  3.89414347e-04  2.74332945e-07  1.41949538e+03 
 8.91000000e-01  4.01640475e-04  2.83928816e-07  1.41458159e+03 
 8.92000000e-01  4.14106618e-04  2.93788510e-07  1.40953987e+03 
 8.93000000e-01  4.26812199e-04  3.03916496e-07  1.40437326e+03 
 8.94000000e-01  4.39756524e-04  3.14317258e-07  1.39908488e+03 
 8.95000000e-01  4.52938788e-04  3.24995303e-07  1.39367795e+03 
 8.96000000e-01  4.66358084e-04  3.35955157e-07  1.38815575e+03 
 8.97000000e-01  4.80013403e-04  3.47201366e-07  1.38252164e+03 
 8.98000000e-01  4.93903643e-04  3.58738501e-07  1.37677902e+03 
 8.99000000e-01  5.08027615e-04  3.70571156e-07  1.37093135e+03 
 9.00000000e-01  5.22384050e-04  3.82703953e-07  1.36498211e+03 
 9.01000000e-01  5.36971602e-04  3.95141537e-07  1.35893484e+03 
 9.02000000e-01  5.51788855e-04  4.07888585e-07  1.35279308e+03 
 9.03000000e-01  5.66834327e-04  4.20949801e-07  1.34656039e+03 
 9.04000000e-01  5.82106479e-04  4.34329923e-07  1.34024033e+03 
 9.05000000e-01  5.97603717e-04  4.48033720e-07  1.33383647e+03 
 9.06000000e-01  6.13324400e-04  4.62065995e-07  1.32735238e+03 
 9.07000000e-01  6.29266840e-04  4.76431587e-07  1.32079160e+03 
 9.08000000e-01  6.45437048e-04  4.91145226e-07  1.31414705e+03 
 9.09000000e-01  6.61818350e-04  5.06192954e-07  1.30744283e+03 
 9.10000000e-01  6.78416162e-04  5.21588797e-07  1.30067242e+03 
 9.11000000e-01  6.95228666e-04  5.37337749e-07  1.29383924e+03 
 9.12000000e-01  7.12254028e-04  5.53444851e-07  1.28694671e+03 
 9.13000000e-01  7.29490391e-04  5.69915185e-07  1.27999816e+03 
 9.14000000e-01  7.46935886e-04  5.86753879e-07  1.27299693e+03 
 9.15000000e-01  7.64588631e-04  6.03966107e-07  1.26594626e+03 
 9.16000000e-01  7.82446739e-04  6.21557090e-07  1.25884935e+03 
 9.17000000e-01  8.00508316e-04  6.39532096e-07  1.25170937e+03 
 9.18000000e-01  8.18771465e-04  6.57896447e-07  1.24452939e+03 
 9.19000000e-01  8.37234292e-04  6.76655513e-07  1.23731245e+03 
 9.20000000e-01  8.55894904e-04  6.95814716e-07  1.23006152e+03 
 9.21000000e-01  8.74751416e-04  7.15379533e-07  1.22277948e+03 
 9.22000000e-01  8.93801949e-04  7.35355495e-07  1.21546919e+03 
 9.23000000e-01  9.13044632e-04  7.55748188e-07  1.20813341e+03 
 9.24000000e-01  9.32477608e-04  7.76563255e-07  1.20077483e+03 
 9.25000000e-01  9.52099033e-04  7.97806397e-07  1.19339609e+03 
 9.26000000e-01  9.71907075e-04  8.19483374e-07  1.18599975e+03 
 9.27000000e-01  9.91899920e-04  8.41600005e-07  1.17858830e+03 
 9.28000000e-01  1.01207577e-03  8.64162171e-07  1.17116417e+03 
 9.29000000e-01  1.03243285e-03  8.87175814e-07  1.16372971e+03 
 9.30000000e-01  1.05296940e-03  9.10646939e-07  1.15628720e+03 
 9.31000000e-01  1.07368368e-03  9.34581616e-07  1.14883886e+03 
 9.32000000e-01  1.09457397e-03  9.58985979e-07  1.14138684e+03 
 9.33000000e-01  1.11563858e-03  9.83866228e-07  1.13393320e+03 
 9.34000000e-01  1.13687584e-03  1.00922863e-06  1.12647997e+03 
 9.35000000e-01  1.15828409e-03  1.03507952e-06  1.11902909e+03 
 9.36000000e-01  1.17986172e-03  1.06142530e-06  1.11158243e+03 
 9.37000000e-01  1.20160711e-03  1.08827244e-06  1.10414182e+03 
 9.38000000e-01  1.22351870e-03  1.11562749e-06  1.09670899e+03 
 9.39000000e-01  1.24559492e-03  1.14349706e-06  1.08928564e+03 
 9.40000000e-01  1.26783427e-03  1.17188784e-06  1.08187339e+03 
 9.41000000e-01  1.29023523e-03  1.20080659e-06  1.07447381e+03 
 9.42000000e-01  1.31279632e-03  1.23026014e-06  1.06708839e+03 
 9.43000000e-01  1.33551611e-03  1.26025542e-06  1.05971860e+03 
 9.44000000e-01  1.35839315e-03  1.29079939e-06  1.05236581e+03 
 9.45000000e-01  1.38142606e-03  1.32189913e-06  1.04503137e+03 
 9.46000000e-01  1.40461346e-03  1.35356177e-06  1.03771655e+03 
 9.47000000e-01  1.42795400e-03  1.38579455e-06  1.03042258e+03 
 9.48000000e-01  1.45144635e-03  1.41860475e-06  1.02315064e+03 
 9.49000000e-01  1.47508923e-03  1.45199976e-06  1.01590184e+03 
 9.50000000e-01  1.49888135e-03  1.48598704e-06  1.00867727e+03 
 9.51000000e-01  1.52282147e-03  1.52057413e-06  1.00147795e+03 
 9.52000000e-01  1.54690836e-03  1.55576867e-06  9.94304865e+02 
 9.53000000e-01  1.57114083e-03  1.59157837e-06  9.87158947e+02 
 9.54000000e-01  1.59551770e-03  1.62801103e-06  9.80041089e+02 
 9.55000000e-01  1.62003782e-03  1.66507453e-06  9.72952138e+02 
 9.56000000e-01  1.64470006e-03  1.70277684e-06  9.65892903e+02 
 9.57000000e-01  1.66950332e-03  1.74112602e-06  9.58864150e+02 
 9.58000000e-01  1.69444652e-03  1.78013023e-06  9.51866606e+02 
 9.59000000e-01  1.71952860e-03  1.81979770e-06  9.44900961e+02 
 9.60000000e-01  1.74474852e-03  1.86013677e-06  9.37967868e+02 
 9.61000000e-01  1.77010527e-03  1.90115585e-06  9.31067944e+02 
 9.62000000e-01  1.79559786e-03  1.94286347e-06  9.24201772e+02 
 9.63000000e-01  1.82122532e-03  1.98526823e-06  9.17369902e+02 
 9.64000000e-01  1.84698671e-03  2.02837884e-06  9.10572852e+02 
 9.65000000e-01  1.87288108e-03  2.07220410e-06  9.03811106e+02 
 9.66000000e-01  1.89890755e-03  2.11675292e-06  8.97085122e+02 
 9.67000000e-01  1.92506522e-03  2.16203428e-06  8.90395327e+02 
 9.68000000e-01  1.95135322e-03  2.20805728e-06  8.83742118e+02 
 9.69000000e-01  1.97777071e-03  2.25483112e-06  8.77125868e+02 
 9.70000000e-01  2.00431686e-03  2.30236510e-06  8.70546923e+02 
 9.71000000e-01  2.03099086e-03  2.35066862e-06  8.64005603e+02 
 9.72000000e-01  2.05779193e-03  2.39975118e-06  8.57502203e+02 
 9.73000000e-01  2.08471928e-03  2.44962239e-06  8.51036997e+02 
 9.74000000e-01  2.11177218e-03  2.50029196e-06  8.44610234e+02 
 9.75000000e-01  2.13894988e-03  2.55176972e-06  8.38222141e+02 
 9.76000000e-01  2.16625166e-03  2.60406558e-06  8.31872927e+02 
 9.77000000e-01  2.19367683e-03  2.65718960e-06  8.25562778e+02 
 9.78000000e-01  2.22122469e-03  2.71115191e-06  8.19291862e+02 
 9.79000000e-01  2.24893660e-03  2.76609455e-06  8.13036777e+02 
 9.80000000e-01  2.27672904e-03  2.82176962e-06  8.06844408e+02 
 9.81000000e-01  2.30464231e-03  2.87831446e-06  8.00691633e+02 
 9.82000000e-01  2.33267567e-03  2.93573933e-06  7.94578608e+02 
 9.83000000e-01  2.36082858e-03  2.99405510e-06  7.88505387e+02 
 9.84000000e-01  2.38910044e-03  3.05327262e-06  7.82472036e+02 
 9.85000000e-01  2.41749069e-03  3.11340283e-06  7.76478606e+02 
 9.86000000e-01  2.44599875e-03  3.17445680e-06  7.70525133e+02 
 9.87000000e-01  2.47462409e-03  3.23644574e-06  7.64611642e+02 
 9.88000000e-01  2.50336617e-03  3.29938096e-06  7.58738142e+02 
 9.89000000e-01  2.53222449e-03  3.36327389e-06  7.52904631e+02 
 9.90000000e-01  2.56119852e-03  3.42813611e-06  7.47111095e+02 
 9.91000000e-01  2.59028778e-03  3.49397929e-06  7.41357509e+02 
 9.92000000e-01  2.61949180e-03  3.56081527e-06  7.35643836e+02 
 9.93000000e-01  2.64881011e-03  3.62865597e-06  7.29970029e+02 
 9.94000000e-01  2.67824225e-03  3.69751349e-06  7.24336033e+02 
 9.95000000e-01  2.70778779e-03  3.76740001e-06  7.18741779e+02 
 9.96000000e-01  2.73744629e-03  3.83832788e-06  7.13187194e+02 
 9.97000000e-01  2.76721734e-03  3.91030957e-06  7.07672192e+02 
 9.98000000e-01  2.79710054e-03  3.98335768e-06  7.02196681e+02 
 9.99000000e-01  2.82709549e-03  4.05748496e-06  6.96760561e+02 
 1.00000000e+00  2.85720182e-03  4.13270428e-06  6.91363723e+02 
