 v-sweep         ic              ib              beta           
 3.00000000e-01  6.60006683e-09  3.38494828e-11  1.94982797e+02 
 3.01000000e-01  6.75712144e-09  3.46628287e-11  1.94938546e+02 
 3.02000000e-01  6.91835499e-09  3.54963840e-11  1.94903091e+02 
 3.03000000e-01  7.08387867e-09  3.63506620e-11  1.94876194e+02 
 3.04000000e-01  7.25380667e-09  3.72261854e-11  1.94857641e+02 
 3.05000000e-01  7.42825616e-09  3.81234955e-11  1.94847195e+02 
 3.06000000e-01  7.60734748e-09  3.90431474e-11  1.94844627e+02 
 3.07000000e-01  7.79120416e-09  3.99857152e-11  1.94849689e+02 
 3.08000000e-01  7.97995300e-09  4.09517664e-11  1.94862242e+02 
 3.09000000e-01  8.17372418e-09  4.19419114e-11  1.94882014e+02 
 3.10000000e-01  8.37265136e-09  4.29567558e-11  1.94908838e+02 
 3.11000000e-01  8.57687173e-09  4.39969301e-11  1.94942504e+02 
 3.12000000e-01  8.78652615e-09  4.50630763e-11  1.94982830e+02 
 3.13000000e-01  9.00175921e-09  4.61558673e-11  1.95029575e+02 
 3.14000000e-01  9.22271936e-09  4.72759651e-11  1.95082625e+02 
 3.15000000e-01  9.44955902e-09  4.84240791e-11  1.95141739e+02 
 3.16000000e-01  9.68243462e-09  4.96009102e-11  1.95206793e+02 
 3.17000000e-01  9.92150679e-09  5.08072018e-11  1.95277568e+02 
 3.18000000e-01  1.01669404e-08  5.20436972e-11  1.95353923e+02 
 3.19000000e-01  1.04189047e-08  5.33111684e-11  1.95435685e+02 
 3.20000000e-01  1.06775736e-08  5.46104109e-11  1.95522675e+02 
 3.21000000e-01  1.09431253e-08  5.59422311e-11  1.95614746e+02 
 3.22000000e-01  1.12157432e-08  5.73074586e-11  1.95711753e+02 
 3.23000000e-01  1.14956150e-08  5.87069458e-11  1.95813543e+02 
 3.24000000e-01  1.17829340e-08  6.01415705e-11  1.95919959e+02 
 3.25000000e-01  1.20778983e-08  6.16122272e-11  1.96030867e+02 
 3.26000000e-01  1.23807113e-08  6.31198360e-11  1.96146126e+02 
 3.27000000e-01  1.26915818e-08  6.46653469e-11  1.96265580e+02 
 3.28000000e-01  1.30107243e-08  6.62497208e-11  1.96389118e+02 
 3.29000000e-01  1.33383588e-08  6.78739562e-11  1.96516595e+02 
 3.30000000e-01  1.36747113e-08  6.95390688e-11  1.96647892e+02 
 3.31000000e-01  1.40200138e-08  7.12461004e-11  1.96782894e+02 
 3.32000000e-01  1.43745045e-08  7.29961318e-11  1.96921455e+02 
 3.33000000e-01  1.47384278e-08  7.47902619e-11  1.97063460e+02 
 3.34000000e-01  1.51120347e-08  7.66296080e-11  1.97208821e+02 
 3.35000000e-01  1.54955828e-08  7.85153403e-11  1.97357392e+02 
 3.36000000e-01  1.58893368e-08  8.04486411e-11  1.97509076e+02 
 3.37000000e-01  1.62935681e-08  8.24307307e-11  1.97663759e+02 
 3.38000000e-01  1.67085555e-08  8.44628471e-11  1.97821362e+02 
 3.39000000e-01  1.71345853e-08  8.65462896e-11  1.97981743e+02 
 3.40000000e-01  1.75719512e-08  8.86823594e-11  1.98144832e+02 
 3.41000000e-01  1.80209548e-08  9.08724052e-11  1.98310530e+02 
 3.42000000e-01  1.84819059e-08  9.31178229e-11  1.98478716e+02 
 3.43000000e-01  1.89551224e-08  9.54200210e-11  1.98649321e+02 
 3.44000000e-01  1.94409305e-08  9.77804587e-11  1.98822246e+02 
 3.45000000e-01  1.99396653e-08  1.00200625e-10  1.98997413e+02 
 3.46000000e-01  2.04516707e-08  1.02682057e-10  1.99174727e+02 
 3.47000000e-01  2.09772999e-08  1.05226325e-10  1.99354106e+02 
 3.48000000e-01  2.15169153e-08  1.07835045e-10  1.99535461e+02 
 3.49000000e-01  2.20708892e-08  1.10509860e-10  1.99718732e+02 
 3.50000000e-01  2.26396034e-08  1.13252479e-10  1.99903822e+02 
 3.51000000e-01  2.32234502e-08  1.16064631e-10  2.00090674e+02 
 3.52000000e-01  2.38228323e-08  1.18948107e-10  2.00279204e+02 
 3.53000000e-01  2.44381629e-08  1.21904743e-10  2.00469336e+02 
 3.54000000e-01  2.50698664e-08  1.24936412e-10  2.00661008e+02 
 3.55000000e-01  2.57183785e-08  1.28045039e-10  2.00854158e+02 
 3.56000000e-01  2.63841464e-08  1.31232612e-10  2.01048703e+02 
 3.57000000e-01  2.70676291e-08  1.34501145e-10  2.01244600e+02 
 3.58000000e-01  2.77692980e-08  1.37852734e-10  2.01441765e+02 
 3.59000000e-01  2.84896370e-08  1.41289502e-10  2.01640154e+02 
 3.60000000e-01  2.92291428e-08  1.44813647e-10  2.01839698e+02 
 3.61000000e-01  2.99883254e-08  1.48427406e-10  2.02040352e+02 
 3.62000000e-01  3.07677082e-08  1.52133094e-10  2.02242047e+02 
 3.63000000e-01  3.15678288e-08  1.55933070e-10  2.02444733e+02 
 3.64000000e-01  3.23892388e-08  1.59829763e-10  2.02648357e+02 
 3.65000000e-01  3.32325047e-08  1.63825654e-10  2.02852874e+02 
 3.66000000e-01  3.40982079e-08  1.67923305e-10  2.03058224e+02 
 3.67000000e-01  3.49869455e-08  1.72125327e-10  2.03264366e+02 
 3.68000000e-01  3.58993302e-08  1.76434411e-10  2.03471250e+02 
 3.69000000e-01  3.68359912e-08  1.80853312e-10  2.03678831e+02 
 3.70000000e-01  3.77975743e-08  1.85384859e-10  2.03887063e+02 
 3.71000000e-01  3.87847426e-08  1.90031950e-10  2.04095904e+02 
 3.72000000e-01  3.97981768e-08  1.94797562e-10  2.04305312e+02 
 3.73000000e-01  4.08385756e-08  1.99684741e-10  2.04515254e+02 
 3.74000000e-01  4.19066565e-08  2.04696639e-10  2.04725670e+02 
 3.75000000e-01  4.30031559e-08  2.09836443e-10  2.04936546e+02 
 3.76000000e-01  4.41288299e-08  2.15107462e-10  2.05147834e+02 
 3.77000000e-01  4.52844546e-08  2.20513079e-10  2.05359495e+02 
 3.78000000e-01  4.64708268e-08  2.26056768e-10  2.05571491e+02 
 3.79000000e-01  4.76887645e-08  2.31742072e-10  2.05783801e+02 
 3.80000000e-01  4.89391074e-08  2.37572657e-10  2.05996380e+02 
 3.81000000e-01  5.02227177e-08  2.43552256e-10  2.06209208e+02 
 3.82000000e-01  5.15404804e-08  2.49684720e-10  2.06422245e+02 
 3.83000000e-01  5.28933039e-08  2.55973993e-10  2.06635461e+02 
 3.84000000e-01  5.42821211e-08  2.62424120e-10  2.06848826e+02 
 3.85000000e-01  5.57078895e-08  2.69039236e-10  2.07062324e+02 
 3.86000000e-01  5.71715920e-08  2.75823612e-10  2.07275917e+02 
 3.87000000e-01  5.86742378e-08  2.82781615e-10  2.07489578e+02 
 3.88000000e-01  6.02168629e-08  2.89917719e-10  2.07703286e+02 
 3.89000000e-01  6.18005307e-08  2.97236521e-10  2.07917017e+02 
 3.90000000e-01  6.34263331e-08  3.04742743e-10  2.08130741e+02 
 3.91000000e-01  6.50953909e-08  3.12441217e-10  2.08344442e+02 
 3.92000000e-01  6.68088548e-08  3.20336911e-10  2.08558092e+02 
 3.93000000e-01  6.85679060e-08  3.28434904e-10  2.08771678e+02 
 3.94000000e-01  7.03737572e-08  3.36740435e-10  2.08985170e+02 
 3.95000000e-01  7.22276532e-08  3.45258862e-10  2.09198550e+02 
 3.96000000e-01  7.41308722e-08  3.53995671e-10  2.09411804e+02 
 3.97000000e-01  7.60847260e-08  3.62956510e-10  2.09624911e+02 
 3.98000000e-01  7.80905616e-08  3.72147169e-10  2.09837849e+02 
 3.99000000e-01  8.01497616e-08  3.81573584e-10  2.10050604e+02 
 4.00000000e-01  8.22637456e-08  3.91241832e-10  2.10263164e+02 
 4.01000000e-01  8.44339707e-08  4.01158193e-10  2.10475498e+02 
 4.02000000e-01  8.66619328e-08  4.11329049e-10  2.10687607e+02 
 4.03000000e-01  8.89491678e-08  4.21760989e-10  2.10899467e+02 
 4.04000000e-01  9.12972521e-08  4.32460757e-10  2.11111068e+02 
 4.05000000e-01  9.37078042e-08  4.43435288e-10  2.11322389e+02 
 4.06000000e-01  9.61824857e-08  4.54691667e-10  2.11533425e+02 
 4.07000000e-01  9.87230021e-08  4.66237191e-10  2.11744160e+02 
 4.08000000e-01  1.01331105e-07  4.78079339e-10  2.11954578e+02 
 4.09000000e-01  1.04008591e-07  4.90225767e-10  2.12164675e+02 
 4.10000000e-01  1.06757306e-07  5.02684352e-10  2.12374436e+02 
 4.11000000e-01  1.09579144e-07  5.15463174e-10  2.12583846e+02 
 4.12000000e-01  1.12476050e-07  5.28570503e-10  2.12792900e+02 
 4.13000000e-01  1.15450021e-07  5.42014842e-10  2.13001587e+02 
 4.14000000e-01  1.18503107e-07  5.55804908e-10  2.13209896e+02 
 4.15000000e-01  1.21637410e-07  5.69949641e-10  2.13417820e+02 
 4.16000000e-01  1.24855092e-07  5.84458224e-10  2.13625348e+02 
 4.17000000e-01  1.28158369e-07  5.99340071e-10  2.13832472e+02 
 4.18000000e-01  1.31549517e-07  6.14604831e-10  2.14039185e+02 
 4.19000000e-01  1.35030875e-07  6.30262420e-10  2.14245480e+02 
 4.20000000e-01  1.38604839e-07  6.46323000e-10  2.14451349e+02 
 4.21000000e-01  1.42273874e-07  6.62797004e-10  2.14656786e+02 
 4.22000000e-01  1.46040507e-07  6.79695126e-10  2.14861784e+02 
 4.23000000e-01  1.49907334e-07  6.97028357e-10  2.15066334e+02 
 4.24000000e-01  1.53877018e-07  7.14807952e-10  2.15270434e+02 
 4.25000000e-01  1.57952295e-07  7.33045457e-10  2.15474079e+02 
 4.26000000e-01  1.62135972e-07  7.51752750e-10  2.15677259e+02 
 4.27000000e-01  1.66430933e-07  7.70941976e-10  2.15879973e+02 
 4.28000000e-01  1.70840135e-07  7.90625616e-10  2.16082216e+02 
 4.29000000e-01  1.75366616e-07  8.10816474e-10  2.16283982e+02 
 4.30000000e-01  1.80013495e-07  8.31527687e-10  2.16485269e+02 
 4.31000000e-01  1.84783972e-07  8.52772727e-10  2.16686072e+02 
 4.32000000e-01  1.89681334e-07  8.74565423e-10  2.16886386e+02 
 4.33000000e-01  1.94708954e-07  8.96919958e-10  2.17086210e+02 
 4.34000000e-01  1.99870295e-07  9.19850887e-10  2.17285538e+02 
 4.35000000e-01  2.05168912e-07  9.43373131e-10  2.17484371e+02 
 4.36000000e-01  2.10608455e-07  9.67502021e-10  2.17682703e+02 
 4.37000000e-01  2.16192670e-07  9.92253264e-10  2.17880533e+02 
 4.38000000e-01  2.21925402e-07  1.01764299e-09  2.18077858e+02 
 4.39000000e-01  2.27810600e-07  1.04368772e-09  2.18274677e+02 
 4.40000000e-01  2.33852317e-07  1.07040445e-09  2.18470987e+02 
 4.41000000e-01  2.40054713e-07  1.09781058e-09  2.18666787e+02 
 4.42000000e-01  2.46422059e-07  1.12592398e-09  2.18862076e+02 
 4.43000000e-01  2.52958739e-07  1.15476298e-09  2.19056849e+02 
 4.44000000e-01  2.59669254e-07  1.18434636e-09  2.19251109e+02 
 4.45000000e-01  2.66558225e-07  1.21469344e-09  2.19444853e+02 
 4.46000000e-01  2.73630394e-07  1.24582400e-09  2.19638081e+02 
 4.47000000e-01  2.80890630e-07  1.27775835e-09  2.19830792e+02 
 4.48000000e-01  2.88343931e-07  1.31051731e-09  2.20022986e+02 
 4.49000000e-01  2.95995429e-07  1.34412227e-09  2.20214660e+02 
 4.50000000e-01  3.03850389e-07  1.37859514e-09  2.20405817e+02 
 4.51000000e-01  3.11914218e-07  1.41395844e-09  2.20596455e+02 
 4.52000000e-01  3.20192468e-07  1.45023523e-09  2.20786573e+02 
 4.53000000e-01  3.28690834e-07  1.48744921e-09  2.20976173e+02 
 4.54000000e-01  3.37415166e-07  1.52562466e-09  2.21165254e+02 
 4.55000000e-01  3.46371468e-07  1.56478652e-09  2.21353817e+02 
 4.56000000e-01  3.55565902e-07  1.60496035e-09  2.21541860e+02 
 4.57000000e-01  3.65004796e-07  1.64617239e-09  2.21729387e+02 
 4.58000000e-01  3.74694643e-07  1.68844957e-09  2.21916396e+02 
 4.59000000e-01  3.84642111e-07  1.73181949e-09  2.22102888e+02 
 4.60000000e-01  3.94854043e-07  1.77631049e-09  2.22288865e+02 
 4.61000000e-01  4.05337463e-07  1.82195164e-09  2.22474326e+02 
 4.62000000e-01  4.16099583e-07  1.86877276e-09  2.22659273e+02 
 4.63000000e-01  4.27147806e-07  1.91680445e-09  2.22843706e+02 
 4.64000000e-01  4.38489731e-07  1.96607809e-09  2.23027627e+02 
 4.65000000e-01  4.50133156e-07  2.01662590e-09  2.23211035e+02 
 4.66000000e-01  4.62086090e-07  2.06848092e-09  2.23393935e+02 
 4.67000000e-01  4.74356752e-07  2.12167704e-09  2.23576324e+02 
 4.68000000e-01  4.86953578e-07  2.17624903e-09  2.23758205e+02 
 4.69000000e-01  4.99885229e-07  2.23223260e-09  2.23939579e+02 
 4.70000000e-01  5.13160596e-07  2.28966433e-09  2.24120448e+02 
 4.71000000e-01  5.26788803e-07  2.34858179e-09  2.24300812e+02 
 4.72000000e-01  5.40779218e-07  2.40902350e-09  2.24480674e+02 
 4.73000000e-01  5.55141457e-07  2.47102900e-09  2.24660033e+02 
 4.74000000e-01  5.69885389e-07  2.53463884e-09  2.24838892e+02 
 4.75000000e-01  5.85021147e-07  2.59989462e-09  2.25017253e+02 
 4.76000000e-01  6.00559129e-07  2.66683904e-09  2.25195117e+02 
 4.77000000e-01  6.16510012e-07  2.73551589e-09  2.25372484e+02 
 4.78000000e-01  6.32884752e-07  2.80597010e-09  2.25549357e+02 
 4.79000000e-01  6.49694597e-07  2.87824775e-09  2.25725738e+02 
 4.80000000e-01  6.66951094e-07  2.95239616e-09  2.25901626e+02 
 4.81000000e-01  6.84666091e-07  3.02846382e-09  2.26077025e+02 
 4.82000000e-01  7.02851755e-07  3.10650052e-09  2.26251936e+02 
 4.83000000e-01  7.21520571e-07  3.18655731e-09  2.26426359e+02 
 4.84000000e-01  7.40685356e-07  3.26868659e-09  2.26600298e+02 
 4.85000000e-01  7.60359264e-07  3.35294211e-09  2.26773752e+02 
 4.86000000e-01  7.80555800e-07  3.43937901e-09  2.26946725e+02 
 4.87000000e-01  8.01288823e-07  3.52805384e-09  2.27119216e+02 
 4.88000000e-01  8.22572560e-07  3.61902466e-09  2.27291228e+02 
 4.89000000e-01  8.44421613e-07  3.71235101e-09  2.27462762e+02 
 4.90000000e-01  8.66850971e-07  3.80809395e-09  2.27633820e+02 
 4.91000000e-01  8.89876018e-07  3.90631616e-09  2.27804402e+02 
 4.92000000e-01  9.13512544e-07  4.00708193e-09  2.27974511e+02 
 4.93000000e-01  9.37776756e-07  4.11045721e-09  2.28144147e+02 
 4.94000000e-01  9.62685292e-07  4.21650968e-09  2.28313313e+02 
 4.95000000e-01  9.88255224e-07  4.32530872e-09  2.28482009e+02 
 4.96000000e-01  1.01450408e-06  4.43692557e-09  2.28650236e+02 
 4.97000000e-01  1.04144984e-06  4.55143329e-09  2.28817996e+02 
 4.98000000e-01  1.06911098e-06  4.66890682e-09  2.28985290e+02 
 4.99000000e-01  1.09750644e-06  4.78942304e-09  2.29152118e+02 
 5.00000000e-01  1.12665566e-06  4.91306085e-09  2.29318483e+02 
 5.01000000e-01  1.15657862e-06  5.03990115e-09  2.29484386e+02 
 5.02000000e-01  1.18729580e-06  5.17002697e-09  2.29649826e+02 
 5.03000000e-01  1.21882822e-06  5.30352349e-09  2.29814806e+02 
 5.04000000e-01  1.25119747e-06  5.44047804e-09  2.29979325e+02 
 5.05000000e-01  1.28442569e-06  5.58098027e-09  2.30143385e+02 
 5.06000000e-01  1.31853563e-06  5.72512211e-09  2.30306988e+02 
 5.07000000e-01  1.35355060e-06  5.87299791e-09  2.30470132e+02 
 5.08000000e-01  1.38949456e-06  6.02470441e-09  2.30632818e+02 
 5.09000000e-01  1.42639207e-06  6.18034089e-09  2.30795048e+02 
 5.10000000e-01  1.46426837e-06  6.34000916e-09  2.30956823e+02 
 5.11000000e-01  1.50314933e-06  6.50381370e-09  2.31118141e+02 
 5.12000000e-01  1.54306152e-06  6.67186167e-09  2.31279004e+02 
 5.13000000e-01  1.58403220e-06  6.84426298e-09  2.31439412e+02 
 5.14000000e-01  1.62608934e-06  7.02113043e-09  2.31599364e+02 
 5.15000000e-01  1.66926167e-06  7.20257969e-09  2.31758862e+02 
 5.16000000e-01  1.71357864e-06  7.38872941e-09  2.31917905e+02 
 5.17000000e-01  1.75907050e-06  7.57970135e-09  2.32076492e+02 
 5.18000000e-01  1.80576828e-06  7.77562037e-09  2.32234625e+02 
 5.19000000e-01  1.85370381e-06  7.97661456e-09  2.32392301e+02 
 5.20000000e-01  1.90290980e-06  8.18281534e-09  2.32549522e+02 
 5.21000000e-01  1.95341976e-06  8.39435749e-09  2.32706286e+02 
 5.22000000e-01  2.00526811e-06  8.61137929e-09  2.32862593e+02 
 5.23000000e-01  2.05849017e-06  8.83402255e-09  2.33018442e+02 
 5.24000000e-01  2.11312218e-06  9.06243278e-09  2.33173832e+02 
 5.25000000e-01  2.16920132e-06  9.29675920e-09  2.33328762e+02 
 5.26000000e-01  2.22676575e-06  9.53715490e-09  2.33483232e+02 
 5.27000000e-01  2.28585463e-06  9.78377691e-09  2.33637240e+02 
 5.28000000e-01  2.34650813e-06  1.00367863e-08  2.33790784e+02 
 5.29000000e-01  2.40876748e-06  1.02963482e-08  2.33943863e+02 
 5.30000000e-01  2.47267499e-06  1.05626322e-08  2.34096476e+02 
 5.31000000e-01  2.53827405e-06  1.08358121e-08  2.34248621e+02 
 5.32000000e-01  2.60560920e-06  1.11160662e-08  2.34400296e+02 
 5.33000000e-01  2.67472613e-06  1.14035773e-08  2.34551499e+02 
 5.34000000e-01  2.74567174e-06  1.16985330e-08  2.34702227e+02 
 5.35000000e-01  2.81849412e-06  1.20011257e-08  2.34852479e+02 
 5.36000000e-01  2.89324264e-06  1.23115528e-08  2.35002252e+02 
 5.37000000e-01  2.96996792e-06  1.26300167e-08  2.35151543e+02 
 5.38000000e-01  3.04872192e-06  1.29567250e-08  2.35300350e+02 
 5.39000000e-01  3.12955794e-06  1.32918905e-08  2.35448669e+02 
 5.40000000e-01  3.21253066e-06  1.36357318e-08  2.35596498e+02 
 5.41000000e-01  3.29769618e-06  1.39884727e-08  2.35743833e+02 
 5.42000000e-01  3.38511205e-06  1.43503430e-08  2.35890671e+02 
 5.43000000e-01  3.47483731e-06  1.47215784e-08  2.36037008e+02 
 5.44000000e-01  3.56693254e-06  1.51024204e-08  2.36182839e+02 
 5.45000000e-01  3.66145986e-06  1.54931170e-08  2.36328162e+02 
 5.46000000e-01  3.75848301e-06  1.58939222e-08  2.36472972e+02 
 5.47000000e-01  3.85806738e-06  1.63050968e-08  2.36617264e+02 
 5.48000000e-01  3.96028002e-06  1.67269080e-08  2.36761033e+02 
 5.49000000e-01  4.06518973e-06  1.71596300e-08  2.36904276e+02 
 5.50000000e-01  4.17286708e-06  1.76035441e-08  2.37046986e+02 
 5.51000000e-01  4.28338443e-06  1.80589385e-08  2.37189159e+02 
 5.52000000e-01  4.39681604e-06  1.85261089e-08  2.37330788e+02 
 5.53000000e-01  4.51323804e-06  1.90053586e-08  2.37471869e+02 
 5.54000000e-01  4.63272852e-06  1.94969986e-08  2.37612395e+02 
 5.55000000e-01  4.75536825e-06  2.00013507e-08  2.37752356e+02 
 5.56000000e-01  4.88123808e-06  2.05187360e-08  2.37891753e+02 
 5.57000000e-01  5.01042288e-06  2.10494927e-08  2.38030576e+02 
 5.58000000e-01  5.14300904e-06  2.15939647e-08  2.38168817e+02 
 5.59000000e-01  5.27908515e-06  2.21525045e-08  2.38306470e+02 
 5.60000000e-01  5.41874208e-06  2.27254736e-08  2.38443527e+02 
 5.61000000e-01  5.56207297e-06  2.33132428e-08  2.38579979e+02 
 5.62000000e-01  5.70917337e-06  2.39161920e-08  2.38715819e+02 
 5.63000000e-01  5.86014123e-06  2.45347111e-08  2.38851039e+02 
 5.64000000e-01  6.01507700e-06  2.51691995e-08  2.38985630e+02 
 5.65000000e-01  6.17408365e-06  2.58200670e-08  2.39119583e+02 
 5.66000000e-01  6.33726677e-06  2.64877337e-08  2.39252888e+02 
 5.67000000e-01  6.50473462e-06  2.71726301e-08  2.39385536e+02 
 5.68000000e-01  6.67659818e-06  2.78751979e-08  2.39517517e+02 
 5.69000000e-01  6.85297121e-06  2.85958896e-08  2.39648821e+02 
 5.70000000e-01  7.03397037e-06  2.93351693e-08  2.39779436e+02 
 5.71000000e-01  7.21971521e-06  3.00935129e-08  2.39909353e+02 
 5.72000000e-01  7.41032830e-06  3.08714079e-08  2.40038560e+02 
 5.73000000e-01  7.60593526e-06  3.16693543e-08  2.40167045e+02 
 5.74000000e-01  7.80666485e-06  3.24878648e-08  2.40294797e+02 
 5.75000000e-01  8.01264906e-06  3.33274645e-08  2.40421801e+02 
 5.76000000e-01  8.22402315e-06  3.41886922e-08  2.40548047e+02 
 5.77000000e-01  8.44092573e-06  3.50720997e-08  2.40673521e+02 
 5.78000000e-01  8.66349888e-06  3.59782530e-08  2.40798209e+02 
 5.79000000e-01  8.89188817e-06  3.69077319e-08  2.40922097e+02 
 5.80000000e-01  9.12624277e-06  3.78611309e-08  2.41045171e+02 
 5.81000000e-01  9.36671555e-06  3.88390593e-08  2.41167416e+02 
 5.82000000e-01  9.61346312e-06  3.98421413e-08  2.41288816e+02 
 5.83000000e-01  9.86664593e-06  4.08710171e-08  2.41409357e+02 
 5.84000000e-01  1.01264284e-05  4.19263422e-08  2.41529021e+02 
 5.85000000e-01  1.03929789e-05  4.30087890e-08  2.41647792e+02 
 5.86000000e-01  1.06664700e-05  4.41190460e-08  2.41765654e+02 
 5.87000000e-01  1.09470784e-05  4.52578191e-08  2.41882588e+02 
 5.88000000e-01  1.12349852e-05  4.64258314e-08  2.41998577e+02 
 5.89000000e-01  1.15303756e-05  4.76238241e-08  2.42113602e+02 
 5.90000000e-01  1.18334396e-05  4.88525564e-08  2.42227644e+02 
 5.91000000e-01  1.21443717e-05  5.01128063e-08  2.42340682e+02 
 5.92000000e-01  1.24633709e-05  5.14053709e-08  2.42452699e+02 
 5.93000000e-01  1.27906411e-05  5.27310668e-08  2.42563671e+02 
 5.94000000e-01  1.31263912e-05  5.40907307e-08  2.42673579e+02 
 5.95000000e-01  1.34708348e-05  5.54852197e-08  2.42782401e+02 
 5.96000000e-01  1.38241908e-05  5.69154118e-08  2.42890114e+02 
 5.97000000e-01  1.41866832e-05  5.83822063e-08  2.42996695e+02 
 5.98000000e-01  1.45585412e-05  5.98865247e-08  2.43102121e+02 
 5.99000000e-01  1.49399995e-05  6.14293105e-08  2.43206368e+02 
 6.00000000e-01  1.53312983e-05  6.30115302e-08  2.43309411e+02 
 6.01000000e-01  1.57326835e-05  6.46341738e-08  2.43411225e+02 
 6.02000000e-01  1.61444064e-05  6.62982551e-08  2.43511784e+02 
 6.03000000e-01  1.65667245e-05  6.80048122e-08  2.43611062e+02 
 6.04000000e-01  1.69999011e-05  6.97549084e-08  2.43709030e+02 
 6.05000000e-01  1.74442054e-05  7.15496324e-08  2.43805661e+02 
 6.06000000e-01  1.78999132e-05  7.33900990e-08  2.43900927e+02 
 6.07000000e-01  1.83673061e-05  7.52774496e-08  2.43994799e+02 
 6.08000000e-01  1.88466725e-05  7.72128527e-08  2.44087245e+02 
 6.09000000e-01  1.93383071e-05  7.91975049e-08  2.44178237e+02 
 6.10000000e-01  1.98425113e-05  8.12326309e-08  2.44267742e+02 
 6.11000000e-01  2.03595934e-05  8.33194846e-08  2.44355728e+02 
 6.12000000e-01  2.08898682e-05  8.54593493e-08  2.44442163e+02 
 6.13000000e-01  2.14336580e-05  8.76535387e-08  2.44527013e+02 
 6.14000000e-01  2.19912919e-05  8.99033974e-08  2.44610244e+02 
 6.15000000e-01  2.25631064e-05  9.22103012e-08  2.44691820e+02 
 6.16000000e-01  2.31494452e-05  9.45756584e-08  2.44771706e+02 
 6.17000000e-01  2.37506597e-05  9.70009099e-08  2.44849865e+02 
 6.18000000e-01  2.43671086e-05  9.94875302e-08  2.44926259e+02 
 6.19000000e-01  2.49991587e-05  1.02037028e-07  2.45000852e+02 
 6.20000000e-01  2.56471844e-05  1.04650946e-07  2.45073602e+02 
 6.21000000e-01  2.63115681e-05  1.07330865e-07  2.45144471e+02 
 6.22000000e-01  2.69927003e-05  1.10078398e-07  2.45213419e+02 
 6.23000000e-01  2.76909797e-05  1.12895198e-07  2.45280402e+02 
 6.24000000e-01  2.84068134e-05  1.15782956e-07  2.45345380e+02 
 6.25000000e-01  2.91406167e-05  1.18743399e-07  2.45408309e+02 
 6.26000000e-01  2.98928138e-05  1.21778294e-07  2.45469145e+02 
 6.27000000e-01  3.06638372e-05  1.24889450e-07  2.45527842e+02 
 6.28000000e-01  3.14541283e-05  1.28078713e-07  2.45584357e+02 
 6.29000000e-01  3.22641376e-05  1.31347973e-07  2.45638640e+02 
 6.30000000e-01  3.30943243e-05  1.34699162e-07  2.45690646e+02 
 6.31000000e-01  3.39451567e-05  1.38134254e-07  2.45740326e+02 
 6.32000000e-01  3.48171125e-05  1.41655267e-07  2.45787631e+02 
 6.33000000e-01  3.57106785e-05  1.45264264e-07  2.45832510e+02 
 6.34000000e-01  3.66263509e-05  1.48963351e-07  2.45874912e+02 
 6.35000000e-01  3.75646356e-05  1.52754684e-07  2.45914787e+02 
 6.36000000e-01  3.85260478e-05  1.56640464e-07  2.45952080e+02 
 6.37000000e-01  3.95111124e-05  1.60622937e-07  2.45986738e+02 
 6.38000000e-01  4.05203641e-05  1.64704402e-07  2.46018707e+02 
 6.39000000e-01  4.15543475e-05  1.68887205e-07  2.46047932e+02 
 6.40000000e-01  4.26136169e-05  1.73173742e-07  2.46074355e+02 
 6.41000000e-01  4.36987367e-05  1.77566460e-07  2.46097921e+02 
 6.42000000e-01  4.48102811e-05  1.82067859e-07  2.46118571e+02 
 6.43000000e-01  4.59488347e-05  1.86680489e-07  2.46136246e+02 
 6.44000000e-01  4.71149918e-05  1.91406956e-07  2.46150886e+02 
 6.45000000e-01  4.83093573e-05  1.96249920e-07  2.46162431e+02 
 6.46000000e-01  4.95325460e-05  2.01212093e-07  2.46170820e+02 
 6.47000000e-01  5.07851830e-05  2.06296247e-07  2.46175991e+02 
 6.48000000e-01  5.20679037e-05  2.11505208e-07  2.46177880e+02 
 6.49000000e-01  5.33813538e-05  2.16841861e-07  2.46176423e+02 
 6.50000000e-01  5.47261891e-05  2.22309148e-07  2.46171557e+02 
 6.51000000e-01  5.61030758e-05  2.27910070e-07  2.46163216e+02 
 6.52000000e-01  5.75126904e-05  2.33647689e-07  2.46151334e+02 
 6.53000000e-01  5.89557197e-05  2.39525128e-07  2.46135845e+02 
 6.54000000e-01  6.04328606e-05  2.45545570e-07  2.46116680e+02 
 6.55000000e-01  6.19448201e-05  2.51712262e-07  2.46093772e+02 
 6.56000000e-01  6.34923157e-05  2.58028513e-07  2.46067052e+02 
 6.57000000e-01  6.50760746e-05  2.64497696e-07  2.46036451e+02 
 6.58000000e-01  6.66968343e-05  2.71123249e-07  2.46001899e+02 
 6.59000000e-01  6.83553421e-05  2.77908676e-07  2.45963326e+02 
 6.60000000e-01  7.00523551e-05  2.84857544e-07  2.45920659e+02 
 6.61000000e-01  7.17886405e-05  2.91973492e-07  2.45873829e+02 
 6.62000000e-01  7.35649746e-05  2.99260222e-07  2.45822763e+02 
 6.63000000e-01  7.53821438e-05  3.06721507e-07  2.45767389e+02 
 6.64000000e-01  7.72409436e-05  3.14361188e-07  2.45707633e+02 
 6.65000000e-01  7.91421786e-05  3.22183177e-07  2.45643424e+02 
 6.66000000e-01  8.10866630e-05  3.30191453e-07  2.45574687e+02 
 6.67000000e-01  8.30752194e-05  3.38390071e-07  2.45501350e+02 
 6.68000000e-01  8.51086795e-05  3.46783153e-07  2.45423339e+02 
 6.69000000e-01  8.71878835e-05  3.55374897e-07  2.45340580e+02 
 6.70000000e-01  8.93136797e-05  3.64169571e-07  2.45253000e+02 
 6.71000000e-01  9.14869248e-05  3.73171518e-07  2.45160524e+02 
 6.72000000e-01  9.37084830e-05  3.82385155e-07  2.45063078e+02 
 6.73000000e-01  9.59792266e-05  3.91814973e-07  2.44960589e+02 
 6.74000000e-01  9.83000347e-05  4.01465539e-07  2.44852983e+02 
 6.75000000e-01  1.00671794e-04  4.11341494e-07  2.44740187e+02 
 6.76000000e-01  1.03095398e-04  4.21447557e-07  2.44622126e+02 
 6.77000000e-01  1.05571745e-04  4.31788522e-07  2.44498729e+02 
 6.78000000e-01  1.08101742e-04  4.42369262e-07  2.44369923e+02 
 6.79000000e-01  1.10686301e-04  4.53194725e-07  2.44235635e+02 
 6.80000000e-01  1.13326339e-04  4.64269937e-07  2.44095794e+02 
 6.81000000e-01  1.16022777e-04  4.75600005e-07  2.43950328e+02 
 6.82000000e-01  1.18776544e-04  4.87190111e-07  2.43799168e+02 
 6.83000000e-01  1.21588843e-04  4.99046898e-07  2.43642118e+02 
 6.84000000e-01  1.24460086e-04  5.11173065e-07  2.43479351e+02 
 6.85000000e-01  1.27391464e-04  5.23575305e-07  2.43310682e+02 
 6.86000000e-01  1.30383920e-04  5.36259117e-07  2.43136043e+02 
 6.87000000e-01  1.33438397e-04  5.49230083e-07  2.42955369e+02 
 6.88000000e-01  1.36555844e-04  5.62493863e-07  2.42768594e+02 
 6.89000000e-01  1.39737210e-04  5.76056199e-07  2.42575654e+02 
 6.90000000e-01  1.42983443e-04  5.89922911e-07  2.42376487e+02 
 6.91000000e-01  1.46295496e-04  6.04099901e-07  2.42171032e+02 
 6.92000000e-01  1.49674321e-04  6.18593152e-07  2.41959227e+02 
 6.93000000e-01  1.53120868e-04  6.33408724e-07  2.41741015e+02 
 6.94000000e-01  1.56636088e-04  6.48552762e-07  2.41516338e+02 
 6.95000000e-01  1.60220932e-04  6.64031489e-07  2.41285142e+02 
 6.96000000e-01  1.63876347e-04  6.79851210e-07  2.41047372e+02 
 6.97000000e-01  1.67603280e-04  6.96018308e-07  2.40802976e+02 
 6.98000000e-01  1.71402674e-04  7.12539250e-07  2.40551905e+02 
 6.99000000e-01  1.75275469e-04  7.29420580e-07  2.40294110e+02 
 7.00000000e-01  1.79222602e-04  7.46668924e-07  2.40029545e+02 
 7.01000000e-01  1.83245006e-04  7.64290988e-07  2.39758166e+02 
 7.02000000e-01  1.87343607e-04  7.82293557e-07  2.39479931e+02 
 7.03000000e-01  1.91519329e-04  8.00683496e-07  2.39194800e+02 
 7.04000000e-01  1.95773088e-04  8.19467751e-07  2.38902736e+02 
 7.05000000e-01  2.00105794e-04  8.38653346e-07  2.38603703e+02 
 7.06000000e-01  2.04518351e-04  8.58247383e-07  2.38297669e+02 
 7.07000000e-01  2.09011655e-04  8.78257045e-07  2.37984604e+02 
 7.08000000e-01  2.13586594e-04  8.98689593e-07  2.37664479e+02 
 7.09000000e-01  2.18244047e-04  9.19552365e-07  2.37337269e+02 
 7.10000000e-01  2.22984886e-04  9.40852777e-07  2.37002953e+02 
 7.11000000e-01  2.27809972e-04  9.62598326e-07  2.36661509e+02 
 7.12000000e-01  2.32720157e-04  9.84796582e-07  2.36312921e+02 
 7.13000000e-01  2.37716280e-04  1.00745519e-06  2.35957174e+02 
 7.14000000e-01  2.42799174e-04  1.03058189e-06  2.35594257e+02 
 7.15000000e-01  2.47969656e-04  1.05418447e-06  2.35224161e+02 
 7.16000000e-01  2.53228533e-04  1.07827080e-06  2.34846879e+02 
 7.17000000e-01  2.58576601e-04  1.10284886e-06  2.34462410e+02 
 7.18000000e-01  2.64014642e-04  1.12792665e-06  2.34070753e+02 
 7.19000000e-01  2.69543423e-04  1.15351230e-06  2.33671911e+02 
 7.20000000e-01  2.75163702e-04  1.17961396e-06  2.33265890e+02 
 7.21000000e-01  2.80876218e-04  1.20623991e-06  2.32852699e+02 
 7.22000000e-01  2.86681701e-04  1.23339845e-06  2.32432350e+02 
 7.23000000e-01  2.92580861e-04  1.26109800e-06  2.32004857e+02 
 7.24000000e-01  2.98574397e-04  1.28934702e-06  2.31570239e+02 
 7.25000000e-01  3.04662992e-04  1.31815405e-06  2.31128517e+02 
 7.26000000e-01  3.10847311e-04  1.34752772e-06  2.30679715e+02 
 7.27000000e-01  3.17128005e-04  1.37747671e-06  2.30223860e+02 
 7.28000000e-01  3.23505709e-04  1.40800978e-06  2.29760981e+02 
 7.29000000e-01  3.29981042e-04  1.43913577e-06  2.29291113e+02 
 7.30000000e-01  3.36554603e-04  1.47086357e-06  2.28814291e+02 
 7.31000000e-01  3.43226979e-04  1.50320215e-06  2.28330553e+02 
 7.32000000e-01  3.49998735e-04  1.53616056e-06  2.27839943e+02 
 7.33000000e-01  3.56870422e-04  1.56974791e-06  2.27342505e+02 
 7.34000000e-01  3.63842573e-04  1.60397339e-06  2.26838285e+02 
 7.35000000e-01  3.70915701e-04  1.63884623e-06  2.26327336e+02 
 7.36000000e-01  3.78090305e-04  1.67437576e-06  2.25809710e+02 
 7.37000000e-01  3.85366863e-04  1.71057137e-06  2.25285463e+02 
 7.38000000e-01  3.92745837e-04  1.74744252e-06  2.24754653e+02 
 7.39000000e-01  4.00227670e-04  1.78499872e-06  2.24217343e+02 
 7.40000000e-01  4.07812787e-04  1.82324957e-06  2.23673595e+02 
 7.41000000e-01  4.15501595e-04  1.86220473e-06  2.23123477e+02 
 7.42000000e-01  4.23294483e-04  1.90187393e-06  2.22567057e+02 
 7.43000000e-01  4.31191822e-04  1.94226695e-06  2.22004407e+02 
 7.44000000e-01  4.39193964e-04  1.98339366e-06  2.21435599e+02 
 7.45000000e-01  4.47301245e-04  2.02526399e-06  2.20860711e+02 
 7.46000000e-01  4.55513980e-04  2.06788792e-06  2.20279820e+02 
 7.47000000e-01  4.63832468e-04  2.11127553e-06  2.19693006e+02 
 7.48000000e-01  4.72256991e-04  2.15543693e-06  2.19100352e+02 
 7.49000000e-01  4.80787810e-04  2.20038232e-06  2.18501942e+02 
 7.50000000e-01  4.89425172e-04  2.24612196e-06  2.17897862e+02 
 7.51000000e-01  4.98169305e-04  2.29266617e-06  2.17288200e+02 
 7.52000000e-01  5.07020418e-04  2.34002534e-06  2.16673046e+02 
 7.53000000e-01  5.15978706e-04  2.38820993e-06  2.16052492e+02 
 7.54000000e-01  5.25044344e-04  2.43723046e-06  2.15426630e+02 
 7.55000000e-01  5.34217492e-04  2.48709752e-06  2.14795555e+02 
 7.56000000e-01  5.43498292e-04  2.53782176e-06  2.14159363e+02 
 7.57000000e-01  5.52886870e-04  2.58941391e-06  2.13518151e+02 
 7.58000000e-01  5.62383337e-04  2.64188475e-06  2.12872018e+02 
 7.59000000e-01  5.71987787e-04  2.69524513e-06  2.12221063e+02 
 7.60000000e-01  5.81700297e-04  2.74950596e-06  2.11565389e+02 
 7.61000000e-01  5.91524992e-04  2.80470775e-06  2.10904324e+02 
 7.62000000e-01  6.01454008e-04  2.86080428e-06  2.10239481e+02 
 7.63000000e-01  6.11491236e-04  2.91783450e-06  2.09570226e+02 
 7.64000000e-01  6.21636692e-04  2.97580959e-06  2.08896662e+02 
 7.65000000e-01  6.31890380e-04  3.03474082e-06  2.08218895e+02 
 7.66000000e-01  6.42252289e-04  3.09463949e-06  2.07537030e+02 
 7.67000000e-01  6.52722393e-04  3.15551700e-06  2.06851173e+02 
 7.68000000e-01  6.63300655e-04  3.21738479e-06  2.06161432e+02 
 7.69000000e-01  6.73987021e-04  3.28025438e-06  2.05467913e+02 
 7.70000000e-01  6.84781426e-04  3.34413736e-06  2.04770723e+02 
 7.71000000e-01  6.95683792e-04  3.40904539e-06  2.04069971e+02 
 7.72000000e-01  7.06694029e-04  3.47499017e-06  2.03365764e+02 
 7.73000000e-01  7.17812033e-04  3.54198350e-06  2.02658209e+02 
 7.74000000e-01  7.29037690e-04  3.61003724e-06  2.01947415e+02 
 7.75000000e-01  7.40370873e-04  3.67916330e-06  2.01233490e+02 
 7.76000000e-01  7.51811445e-04  3.74937369e-06  2.00516541e+02 
 7.77000000e-01  7.63359256e-04  3.82068046e-06  1.99796676e+02 
 7.78000000e-01  7.75014148e-04  3.89309574e-06  1.99074002e+02 
 7.79000000e-01  7.86775950e-04  3.96663173e-06  1.98348625e+02 
 7.80000000e-01  7.98644481e-04  4.04130069e-06  1.97620653e+02 
 7.81000000e-01  8.10619553e-04  4.11711497e-06  1.96890191e+02 
 7.82000000e-01  8.22700966e-04  4.19408698e-06  1.96157345e+02 
 7.83000000e-01  8.34888511e-04  4.27222918e-06  1.95422220e+02 
 7.84000000e-01  8.47181970e-04  4.35155413e-06  1.94684921e+02 
 7.85000000e-01  8.59581118e-04  4.43207444e-06  1.93945551e+02 
 7.86000000e-01  8.72085719e-04  4.51380280e-06  1.93204213e+02 
 7.87000000e-01  8.84695530e-04  4.59675198e-06  1.92461010e+02 
 7.88000000e-01  8.97410302e-04  4.68093481e-06  1.91716044e+02 
 7.89000000e-01  9.10229777e-04  4.76636418e-06  1.90969414e+02 
 7.90000000e-01  9.23153688e-04  4.85305308e-06  1.90221222e+02 
 7.91000000e-01  9.36181763e-04  4.94101456e-06  1.89471566e+02 
 7.92000000e-01  9.49313724e-04  5.03026173e-06  1.88720543e+02 
 7.93000000e-01  9.62549285e-04  5.12080779e-06  1.87968251e+02 
 7.94000000e-01  9.75888154e-04  5.21266600e-06  1.87214787e+02 
 7.95000000e-01  9.89330034e-04  5.30584972e-06  1.86460244e+02 
 7.96000000e-01  1.00287462e-03  5.40037235e-06  1.85704717e+02 
 7.97000000e-01  1.01652161e-03  5.49624739e-06  1.84948299e+02 
 7.98000000e-01  1.03027067e-03  5.59348840e-06  1.84191081e+02 
 7.99000000e-01  1.04412151e-03  5.69210903e-06  1.83433154e+02 
 8.00000000e-01  1.05807378e-03  5.79212298e-06  1.82674606e+02 
 8.01000000e-01  1.07212717e-03  5.89354405e-06  1.81915527e+02 
 8.02000000e-01  1.08628134e-03  5.99638612e-06  1.81156003e+02 
 8.03000000e-01  1.10053595e-03  6.10066312e-06  1.80396120e+02 
 8.04000000e-01  1.11489067e-03  6.20638908e-06  1.79635961e+02 
 8.05000000e-01  1.12934514e-03  6.31357809e-06  1.78875611e+02 
 8.06000000e-01  1.14389902e-03  6.42224435e-06  1.78115151e+02 
 8.07000000e-01  1.15855197e-03  6.53240209e-06  1.77354662e+02 
 8.08000000e-01  1.17330361e-03  6.64406567e-06  1.76594223e+02 
 8.09000000e-01  1.18815361e-03  6.75724949e-06  1.75833912e+02 
 8.10000000e-01  1.20310159e-03  6.87196804e-06  1.75073805e+02 
 8.11000000e-01  1.21814720e-03  6.98823590e-06  1.74313978e+02 
 8.12000000e-01  1.23329007e-03  7.10606773e-06  1.73554505e+02 
 8.13000000e-01  1.24852983e-03  7.22547826e-06  1.72795458e+02 
 8.14000000e-01  1.26386611e-03  7.34648230e-06  1.72036910e+02 
 8.15000000e-01  1.27929855e-03  7.46909476e-06  1.71278929e+02 
 8.16000000e-01  1.29482677e-03  7.59333060e-06  1.70521585e+02 
 8.17000000e-01  1.31045039e-03  7.71920491e-06  1.69764944e+02 
 8.18000000e-01  1.32616904e-03  7.84673281e-06  1.69009073e+02 
 8.19000000e-01  1.34198234e-03  7.97592954e-06  1.68254037e+02 
 8.20000000e-01  1.35788992e-03  8.10681041e-06  1.67499898e+02 
 8.21000000e-01  1.37389139e-03  8.23939081e-06  1.66746720e+02 
 8.22000000e-01  1.38998637e-03  8.37368624e-06  1.65994561e+02 
 8.23000000e-01  1.40617449e-03  8.50971225e-06  1.65243483e+02 
 8.24000000e-01  1.42245535e-03  8.64748449e-06  1.64493542e+02 
 8.25000000e-01  1.43882858e-03  8.78701871e-06  1.63744796e+02 
 8.26000000e-01  1.45529380e-03  8.92833073e-06  1.62997299e+02 
 8.27000000e-01  1.47185061e-03  9.07143647e-06  1.62251107e+02 
 8.28000000e-01  1.48849864e-03  9.21635191e-06  1.61506272e+02 
 8.29000000e-01  1.50523750e-03  9.36309315e-06  1.60762846e+02 
 8.30000000e-01  1.52206681e-03  9.51167637e-06  1.60020879e+02 
 8.31000000e-01  1.53898618e-03  9.66211783e-06  1.59280420e+02 
 8.32000000e-01  1.55599523e-03  9.81443388e-06  1.58541517e+02 
 8.33000000e-01  1.57309358e-03  9.96864098e-06  1.57804216e+02 
 8.34000000e-01  1.59028083e-03  1.01247557e-05  1.57068564e+02 
 8.35000000e-01  1.60755662e-03  1.02827945e-05  1.56334605e+02 
 8.36000000e-01  1.62492055e-03  1.04427743e-05  1.55602380e+02 
 8.37000000e-01  1.64237223e-03  1.06047119e-05  1.54871933e+02 
 8.38000000e-01  1.65991130e-03  1.07686241e-05  1.54143305e+02 
 8.39000000e-01  1.67753736e-03  1.09345279e-05  1.53416533e+02 
 8.40000000e-01  1.69525004e-03  1.11024405e-05  1.52691658e+02 
 8.41000000e-01  1.71304895e-03  1.12723790e-05  1.51968715e+02 
 8.42000000e-01  1.73093372e-03  1.14443607e-05  1.51247743e+02 
 8.43000000e-01  1.74890396e-03  1.16184029e-05  1.50528775e+02 
 8.44000000e-01  1.76695931e-03  1.17945232e-05  1.49811847e+02 
 8.45000000e-01  1.78509939e-03  1.19727391e-05  1.49096992e+02 
 8.46000000e-01  1.80332381e-03  1.21530683e-05  1.48384241e+02 
 8.47000000e-01  1.82163222e-03  1.23355284e-05  1.47673626e+02 
 8.48000000e-01  1.84002423e-03  1.25201374e-05  1.46965178e+02 
 8.49000000e-01  1.85849947e-03  1.27069132e-05  1.46258926e+02 
 8.50000000e-01  1.87705758e-03  1.28958738e-05  1.45554897e+02 
 8.51000000e-01  1.89569819e-03  1.30870375e-05  1.44853119e+02 
 8.52000000e-01  1.91442093e-03  1.32804223e-05  1.44153618e+02 
 8.53000000e-01  1.93322543e-03  1.34760467e-05  1.43456421e+02 
 8.54000000e-01  1.95211133e-03  1.36739292e-05  1.42761551e+02 
 8.55000000e-01  1.97107827e-03  1.38740881e-05  1.42069032e+02 
 8.56000000e-01  1.99012588e-03  1.40765423e-05  1.41378886e+02 
 8.57000000e-01  2.00925380e-03  1.42813105e-05  1.40691136e+02 
 8.58000000e-01  2.02846168e-03  1.44884115e-05  1.40005803e+02 
 8.59000000e-01  2.04774916e-03  1.46978642e-05  1.39322907e+02 
 8.60000000e-01  2.06711588e-03  1.49096877e-05  1.38642467e+02 
 8.61000000e-01  2.08656149e-03  1.51239012e-05  1.37964501e+02 
 8.62000000e-01  2.10608563e-03  1.53405240e-05  1.37289028e+02 
 8.63000000e-01  2.12568796e-03  1.55595753e-05  1.36616065e+02 
 8.64000000e-01  2.14536812e-03  1.57810748e-05  1.35945628e+02 
 8.65000000e-01  2.16512577e-03  1.60050419e-05  1.35277732e+02 
 8.66000000e-01  2.18496055e-03  1.62314964e-05  1.34612392e+02 
 8.67000000e-01  2.20487214e-03  1.64604581e-05  1.33949622e+02 
 8.68000000e-01  2.22486017e-03  1.66919468e-05  1.33289435e+02 
 8.69000000e-01  2.24492431e-03  1.69259827e-05  1.32631845e+02 
 8.70000000e-01  2.26506423e-03  1.71625857e-05  1.31976863e+02 
 8.71000000e-01  2.28527958e-03  1.74017762e-05  1.31324501e+02 
 8.72000000e-01  2.30557002e-03  1.76435746e-05  1.30674768e+02 
 8.73000000e-01  2.32593522e-03  1.78880011e-05  1.30027676e+02 
 8.74000000e-01  2.34637485e-03  1.81350765e-05  1.29383234e+02 
 8.75000000e-01  2.36688858e-03  1.83848215e-05  1.28741450e+02 
 8.76000000e-01  2.38750647e-03  1.86378118e-05  1.28100149e+02 
 8.77000000e-01  2.40816803e-03  1.88929745e-05  1.27463679e+02 
 8.78000000e-01  2.42890272e-03  1.91508699e-05  1.26829890e+02 
 8.79000000e-01  2.44971018e-03  1.94115189e-05  1.26198789e+02 
 8.80000000e-01  2.47059012e-03  1.96749430e-05  1.25570383e+02 
 8.81000000e-01  2.49154220e-03  1.99411634e-05  1.24944676e+02 
 8.82000000e-01  2.51256611e-03  2.02102018e-05  1.24321674e+02 
 8.83000000e-01  2.53366153e-03  2.04820798e-05  1.23701380e+02 
 8.84000000e-01  2.55482814e-03  2.07568190e-05  1.23083799e+02 
 8.85000000e-01  2.57606562e-03  2.10344415e-05  1.22468934e+02 
 8.86000000e-01  2.59737367e-03  2.13149690e-05  1.21856788e+02 
 8.87000000e-01  2.61875196e-03  2.15984239e-05  1.21247364e+02 
 8.88000000e-01  2.64020018e-03  2.18848282e-05  1.20640663e+02 
 8.89000000e-01  2.66171804e-03  2.21742044e-05  1.20036687e+02 
 8.90000000e-01  2.68330521e-03  2.24665749e-05  1.19435438e+02 
 8.91000000e-01  2.70496139e-03  2.27619623e-05  1.18836915e+02 
 8.92000000e-01  2.72668627e-03  2.30603894e-05  1.18241120e+02 
 8.93000000e-01  2.74847956e-03  2.33618790e-05  1.17648052e+02 
 8.94000000e-01  2.77034094e-03  2.36664542e-05  1.17057710e+02 
 8.95000000e-01  2.79227011e-03  2.39741380e-05  1.16470094e+02 
 8.96000000e-01  2.81426678e-03  2.42849538e-05  1.15885202e+02 
 8.97000000e-01  2.83633064e-03  2.45989249e-05  1.15303033e+02 
 8.98000000e-01  2.85846140e-03  2.49160749e-05  1.14723583e+02 
 8.99000000e-01  2.88065875e-03  2.52364274e-05  1.14146852e+02 
 9.00000000e-01  2.90292240e-03  2.55600063e-05  1.13572836e+02 
 9.01000000e-01  2.92525205e-03  2.58868354e-05  1.13001532e+02 
 9.02000000e-01  2.94764741e-03  2.62169390e-05  1.12432936e+02 
 9.03000000e-01  2.97010819e-03  2.65503412e-05  1.11867044e+02 
 9.04000000e-01  2.99263408e-03  2.68870665e-05  1.11303852e+02 
 9.05000000e-01  3.01522480e-03  2.72271394e-05  1.10743356e+02 
 9.06000000e-01  3.03788005e-03  2.75705846e-05  1.10185551e+02 
 9.07000000e-01  3.06059954e-03  2.79174269e-05  1.09630431e+02 
 9.08000000e-01  3.08338297e-03  2.82676915e-05  1.09077990e+02 
 9.09000000e-01  3.10623006e-03  2.86214034e-05  1.08528224e+02 
 9.10000000e-01  3.12914052e-03  2.89785880e-05  1.07981125e+02 
 9.11000000e-01  3.15211404e-03  2.93392708e-05  1.07436686e+02 
 9.12000000e-01  3.17515033e-03  2.97034776e-05  1.06894902e+02 
 9.13000000e-01  3.19824910e-03  3.00712342e-05  1.06355765e+02 
 9.14000000e-01  3.22141006e-03  3.04425667e-05  1.05819266e+02 
 9.15000000e-01  3.24463292e-03  3.08175013e-05  1.05285399e+02 
 9.16000000e-01  3.26791736e-03  3.11960645e-05  1.04754155e+02 
 9.17000000e-01  3.29126310e-03  3.15782829e-05  1.04225525e+02 
 9.18000000e-01  3.31466984e-03  3.19641834e-05  1.03699500e+02 
 9.19000000e-01  3.33813727e-03  3.23537931e-05  1.03176071e+02 
 9.20000000e-01  3.36166509e-03  3.27471394e-05  1.02655229e+02 
 9.21000000e-01  3.38525299e-03  3.31442496e-05  1.02136963e+02 
 9.22000000e-01  3.40890066e-03  3.35451517e-05  1.01621262e+02 
 9.23000000e-01  3.43260780e-03  3.39498736e-05  1.01108117e+02 
 9.24000000e-01  3.45637408e-03  3.43584437e-05  1.00597516e+02 
 9.25000000e-01  3.48019919e-03  3.47708906e-05  1.00089446e+02 
 9.26000000e-01  3.50408279e-03  3.51872431e-05  9.95838970e+01 
 9.27000000e-01  3.52802456e-03  3.56075304e-05  9.90808552e+01 
 9.28000000e-01  3.55202417e-03  3.60317820e-05  9.85803079e+01 
 9.29000000e-01  3.57608126e-03  3.64600279e-05  9.80822417e+01 
 9.30000000e-01  3.60019550e-03  3.68922980e-05  9.75866426e+01 
 9.31000000e-01  3.62436653e-03  3.73286232e-05  9.70934960e+01 
 9.32000000e-01  3.64859397e-03  3.77690343e-05  9.66027869e+01 
 9.33000000e-01  3.67287746e-03  3.82135628e-05  9.61144996e+01 
 9.34000000e-01  3.69721662e-03  3.86622405e-05  9.56286179e+01 
 9.35000000e-01  3.72161105e-03  3.91150997e-05  9.51451248e+01 
 9.36000000e-01  3.74606033e-03  3.95721734e-05  9.46640027e+01 
 9.37000000e-01  3.77056406e-03  4.00334949e-05  9.41852334e+01 
 9.38000000e-01  3.79512180e-03  4.04990983e-05  9.37087976e+01 
 9.39000000e-01  3.81973311e-03  4.09690180e-05  9.32346756e+01 
 9.40000000e-01  3.84439750e-03  4.14432895e-05  9.27628465e+01 
 9.41000000e-01  3.86911451e-03  4.19219486e-05  9.22932888e+01 
 9.42000000e-01  3.89388363e-03  4.24050322e-05  9.18259797e+01 
 9.43000000e-01  3.91870433e-03  4.28925777e-05  9.13608959e+01 
 9.44000000e-01  3.94357607e-03  4.33846237e-05  9.08980124e+01 
 9.45000000e-01  3.96849827e-03  4.38812095e-05  9.04373037e+01 
 9.46000000e-01  3.99347033e-03  4.43823754e-05  8.99787426e+01 
 9.47000000e-01  4.01849163e-03  4.48881630e-05  8.95223009e+01 
 9.48000000e-01  4.04356151e-03  4.53986148e-05  8.90679490e+01 
 9.49000000e-01  4.06867927e-03  4.59137748e-05  8.86156560e+01 
 9.50000000e-01  4.09384419e-03  4.64336881e-05  8.81653893e+01 
 9.51000000e-01  4.11905549e-03  4.69584013e-05  8.77171151e+01 
 9.52000000e-01  4.14431237e-03  4.74879626e-05  8.72707975e+01 
 9.53000000e-01  4.16961397e-03  4.80224219e-05  8.68263992e+01 
 9.54000000e-01  4.19495940e-03  4.85618306e-05  8.63838812e+01 
 9.55000000e-01  4.22034770e-03  4.91062422e-05  8.59432022e+01 
 9.56000000e-01  4.24577787e-03  4.96557121e-05  8.55043195e+01 
 9.57000000e-01  4.27124885e-03  5.02102979e-05  8.50671880e+01 
 9.58000000e-01  4.29675951e-03  5.07700594e-05  8.46317607e+01 
 9.59000000e-01  4.32230868e-03  5.13350589e-05  8.41979882e+01 
 9.60000000e-01  4.34789511e-03  5.19053612e-05  8.37658193e+01 
 9.61000000e-01  4.37351746e-03  5.24810339e-05  8.33352002e+01 
 9.62000000e-01  4.39917437e-03  5.30621473e-05  8.29060751e+01 
 9.63000000e-01  4.42486435e-03  5.36487750e-05  8.24783856e+01 
 9.64000000e-01  4.45058587e-03  5.42409934e-05  8.20520714e+01 
 9.65000000e-01  4.47633729e-03  5.48388826e-05  8.16270696e+01 
 9.66000000e-01  4.50211692e-03  5.54425260e-05  8.12033154e+01 
 9.67000000e-01  4.52792296e-03  5.60520104e-05  8.07807414e+01 
 9.68000000e-01  4.55375354e-03  5.66674268e-05  8.03592787e+01 
 9.69000000e-01  4.57960670e-03  5.72888696e-05  7.99388560e+01 
 9.70000000e-01  4.60548040e-03  5.79164375e-05  7.95194007e+01 
 9.71000000e-01  4.63137251e-03  5.85502329e-05  7.91008384e+01 
 9.72000000e-01  4.65728082e-03  5.91903624e-05  7.86830935e+01 
 9.73000000e-01  4.68320305e-03  5.98369369e-05  7.82660893e+01 
 9.74000000e-01  4.70913684e-03  6.04900712e-05  7.78497487e+01 
 9.75000000e-01  4.73507976e-03  6.11498842e-05  7.74339939e+01 
 9.76000000e-01  4.76102932e-03  6.18164989e-05  7.70187475e+01 
 9.77000000e-01  4.78698298e-03  6.24900421e-05  7.66039327e+01 
 9.78000000e-01  4.81293814e-03  6.31706445e-05  7.61894735e+01 
 9.79000000e-01  4.83889218e-03  6.38584402e-05  7.57752956e+01 
 9.80000000e-01  4.86484245e-03  6.45535671e-05  7.53613266e+01 
 9.81000000e-01  4.89078627e-03  6.52561657e-05  7.49474968e+01 
 9.82000000e-01  4.91672098e-03  6.59663796e-05  7.45337398e+01 
 9.83000000e-01  4.94264391e-03  6.66843551e-05  7.41199926e+01 
 9.84000000e-01  4.96855243e-03  6.74102402e-05  7.37061967e+01 
 9.85000000e-01  4.99444394e-03  6.81441852e-05  7.32922981e+01 
 9.86000000e-01  5.02031589e-03  6.88863413e-05  7.28782483e+01 
 9.87000000e-01  5.04616580e-03  6.96368611e-05  7.24640043e+01 
 9.88000000e-01  5.07199127e-03  7.03958976e-05  7.20495291e+01 
 9.89000000e-01  5.09778998e-03  7.11636038e-05  7.16347923e+01 
 9.90000000e-01  5.12355971e-03  7.19401327e-05  7.12197701e+01 
 9.91000000e-01  5.14929838e-03  7.27256366e-05  7.08044456e+01 
 9.92000000e-01  5.17500399e-03  7.35202665e-05  7.03888089e+01 
 9.93000000e-01  5.20067470e-03  7.43241722e-05  6.99728573e+01 
 9.94000000e-01  5.22630879e-03  7.51375018e-05  6.95565952e+01 
 9.95000000e-01  5.25190471e-03  7.59604012e-05  6.91400338e+01 
 9.96000000e-01  5.27746102e-03  7.67930141e-05  6.87231915e+01 
 9.97000000e-01  5.30297645e-03  7.76354816e-05  6.83060933e+01 
 9.98000000e-01  5.32844987e-03  7.84879419e-05  6.78887705e+01 
 9.99000000e-01  5.35388032e-03  7.93505304e-05  6.74712607e+01 
 1.00000000e+00  5.37926697e-03  8.02233793e-05  6.70536072e+01 
