 v-sweep         ic             
 0.00000000e+00 -2.05461312e-05 
 1.00000000e-02  1.60093358e-05 
 2.00000000e-02  5.50778067e-05 
 3.00000000e-02  9.62287994e-05 
 4.00000000e-02  1.38990108e-04 
 5.00000000e-02  1.82866342e-04 
 6.00000000e-02  2.27353857e-04 
 7.00000000e-02  2.71952277e-04 
 8.00000000e-02  3.16173282e-04 
 9.00000000e-02  3.59547569e-04 
 1.00000000e-01  4.01630871e-04 
 1.10000000e-01  4.42009867e-04 
 1.20000000e-01  4.80308648e-04 
 1.30000000e-01  5.16196249e-04 
 1.40000000e-01  5.49395391e-04 
 1.50000000e-01  5.79692143e-04 
 1.60000000e-01  6.06945541e-04 
 1.70000000e-01  6.31095503e-04 
 1.80000000e-01  6.52166879e-04 
 1.90000000e-01  6.70267576e-04 
 2.00000000e-01  6.85579605e-04 
 2.10000000e-01  6.98343498e-04 
 2.20000000e-01  7.08838247e-04 
 2.30000000e-01  7.17359985e-04 
 2.40000000e-01  7.24202633e-04 
 2.50000000e-01  7.29642825e-04 
 2.60000000e-01  7.33930025e-04 
 2.70000000e-01  7.37281589e-04 
 2.80000000e-01  7.39880999e-04 
 2.90000000e-01  7.41882598e-04 
 3.00000000e-01  7.43410181e-04 
 3.10000000e-01  7.44564009e-04 
 3.20000000e-01  7.45423972e-04 
 3.30000000e-01  7.46053255e-04 
 3.40000000e-01  7.46501565e-04 
 3.50000000e-01  7.46807863e-04 
 3.60000000e-01  7.47002616e-04 
 3.70000000e-01  7.47109617e-04 
 3.80000000e-01  7.47147444e-04 
 3.90000000e-01  7.47130605e-04 
 4.00000000e-01  7.47070441e-04 
 4.10000000e-01  7.46975832e-04 
 4.20000000e-01  7.46853743e-04 
 4.30000000e-01  7.46709649e-04 
 4.40000000e-01  7.46547868e-04 
 4.50000000e-01  7.46371813e-04 
 4.60000000e-01  7.46184190e-04 
 4.70000000e-01  7.45987154e-04 
 4.80000000e-01  7.45782425e-04 
 4.90000000e-01  7.45572780e-04 
 5.00000000e-01  7.45356593e-04 
 5.10000000e-01  7.45136099e-04 
 5.20000000e-01  7.44912026e-04 
 5.30000000e-01  7.44684964e-04 
 5.40000000e-01  7.44455397e-04 
 5.50000000e-01  7.44223722e-04 
 5.60000000e-01  7.43990265e-04 
 5.70000000e-01  7.43755296e-04 
 5.80000000e-01  7.43519044e-04 
 5.90000000e-01  7.43281744e-04 
 6.00000000e-01  7.43043602e-04 
 6.10000000e-01  7.42804791e-04 
 6.20000000e-01  7.42565451e-04 
 6.30000000e-01  7.42325702e-04 
 6.40000000e-01  7.42085644e-04 
 6.50000000e-01  7.41845360e-04 
 6.60000000e-01  7.41604921e-04 
 6.70000000e-01  7.41364389e-04 
 6.80000000e-01  7.41123816e-04 
 6.90000000e-01  7.40883244e-04 
 7.00000000e-01  7.40642714e-04 
 7.10000000e-01  7.40402257e-04 
 7.20000000e-01  7.40161901e-04 
 7.30000000e-01  7.39921672e-04 
 7.40000000e-01  7.39681590e-04 
 7.50000000e-01  7.39441673e-04 
 7.60000000e-01  7.39201939e-04 
 7.70000000e-01  7.38962399e-04 
 7.80000000e-01  7.38723068e-04 
 7.90000000e-01  7.38483955e-04 
 8.00000000e-01  7.38245071e-04 
 8.10000000e-01  7.38006425e-04 
 8.20000000e-01  7.37768026e-04 
 8.30000000e-01  7.37529882e-04 
 8.40000000e-01  7.37292006e-04 
 8.50000000e-01  7.37054410e-04 
 8.60000000e-01  7.36817111e-04 
 8.70000000e-01  7.36580133e-04 
 8.80000000e-01  7.36343506e-04 
 8.90000000e-01  7.36107274e-04 
 9.00000000e-01  7.35871496e-04 
 9.10000000e-01  7.35636255e-04 
 9.20000000e-01  7.35401658e-04 
 9.30000000e-01  7.35167850e-04 
 9.40000000e-01  7.34935020e-04 
 9.50000000e-01  7.34703416e-04 
 9.60000000e-01  7.34473350e-04 
 9.70000000e-01  7.34245220e-04 
 9.80000000e-01  7.34019524e-04 
 9.90000000e-01  7.33796877e-04 
 1.00000000e+00  7.33578033e-04 
 1.01000000e+00  7.33363907e-04 
 1.02000000e+00  7.33155601e-04 
 1.03000000e+00  7.32954428e-04 
 1.04000000e+00  7.32761945e-04 
 1.05000000e+00  7.32579977e-04 
 1.06000000e+00  7.32410656e-04 
 1.07000000e+00  7.32256449e-04 
 1.08000000e+00  7.32120196e-04 
 1.09000000e+00  7.32005143e-04 
 1.10000000e+00  7.31914982e-04 
 1.11000000e+00  7.31853885e-04 
 1.12000000e+00  7.31826543e-04 
 1.13000000e+00  7.31838204e-04 
 1.14000000e+00  7.31894707e-04 
 1.15000000e+00  7.32002519e-04 
 1.16000000e+00  7.32168773e-04 
 1.17000000e+00  7.32401296e-04 
 1.18000000e+00  7.32708647e-04 
 1.19000000e+00  7.33100143e-04 
 1.20000000e+00  7.33585891e-04 
 1.21000000e+00  7.34176809e-04 
 1.22000000e+00  7.34884655e-04 
 1.23000000e+00  7.35722045e-04 
 1.24000000e+00  7.36702473e-04 
 1.25000000e+00  7.37840327e-04 
 1.26000000e+00  7.39150902e-04 
 1.27000000e+00  7.40650416e-04 
 1.28000000e+00  7.42356013e-04 
 1.29000000e+00  7.44285773e-04 
 1.30000000e+00  7.46458718e-04 
 1.31000000e+00  7.48894816e-04 
 1.32000000e+00  7.51614977e-04 
 1.33000000e+00  7.54641055e-04 
 1.34000000e+00  7.57995846e-04 
 1.35000000e+00  7.61703078e-04 
 1.36000000e+00  7.65787404e-04 
 1.37000000e+00  7.70274387e-04 
 1.38000000e+00  7.75190486e-04 
 1.39000000e+00  7.80563030e-04 
 1.40000000e+00  7.86420189e-04 
 1.41000000e+00  7.92790937e-04 
 1.42000000e+00  7.99701221e-04 
 1.43000000e+00  8.07188792e-04 
 1.44000000e+00  8.15281166e-04 
 1.45000000e+00  8.24009939e-04 
 1.46000000e+00  8.33407159e-04 
 1.47000000e+00  8.43505192e-04 
 1.48000000e+00  8.54336593e-04 
 1.49000000e+00  8.65933942e-04 
 1.50000000e+00  8.78329669e-04 
 1.51000000e+00  8.91555855e-04 
 1.52000000e+00  9.05644017e-04 
 1.53000000e+00  9.20624874e-04 
 1.54000000e+00  9.36528099e-04 
 1.55000000e+00  9.53382064e-04 
 1.56000000e+00  9.71213576e-04 
 1.57000000e+00  9.90047615e-04 
 1.58000000e+00  1.00990709e-03 
 1.59000000e+00  1.03081257e-03 
 1.60000000e+00  1.05278212e-03 
 0.00000000e+00 -3.09718573e-05 
 1.00000000e-02  2.15935237e-05 
 2.00000000e-02  7.65980605e-05 
 3.00000000e-02  1.33614715e-04 
 4.00000000e-02  1.92216446e-04 
 5.00000000e-02  2.51983847e-04 
 6.00000000e-02  3.12510062e-04 
 7.00000000e-02  3.73403745e-04 
 8.00000000e-02  4.34290739e-04 
 9.00000000e-02  4.94814960e-04 
 1.00000000e-01  5.54638831e-04 
 1.10000000e-01  6.13443477e-04 
 1.20000000e-01  6.70928783e-04 
 1.30000000e-01  7.26813323e-04 
 1.40000000e-01  7.80834186e-04 
 1.50000000e-01  8.32746675e-04 
 1.60000000e-01  8.82323992e-04 
 1.70000000e-01  9.29357060e-04 
 1.80000000e-01  9.73654838e-04 
 1.90000000e-01  1.01504556e-03 
 2.00000000e-01  1.05337941e-03 
 2.10000000e-01  1.08853315e-03 
 2.20000000e-01  1.12041685e-03 
 2.30000000e-01  1.14898233e-03 
 2.40000000e-01  1.17423241e-03 
 2.50000000e-01  1.19622890e-03 
 2.60000000e-01  1.21509702e-03 
 2.70000000e-01  1.23102415e-03 
 2.80000000e-01  1.24425164e-03 
 2.90000000e-01  1.25506050e-03 
 3.00000000e-01  1.26375335e-03 
 3.10000000e-01  1.27063570e-03 
 3.20000000e-01  1.27599979e-03 
 3.30000000e-01  1.28011287e-03 
 3.40000000e-01  1.28321027e-03 
 3.50000000e-01  1.28549304e-03 
 3.60000000e-01  1.28712873e-03 
 3.70000000e-01  1.28825426e-03 
 3.80000000e-01  1.28897984e-03 
 3.90000000e-01  1.28939315e-03 
 4.00000000e-01  1.28956333e-03 
 4.10000000e-01  1.28954452e-03 
 4.20000000e-01  1.28937895e-03 
 4.30000000e-01  1.28909945e-03 
 4.40000000e-01  1.28873146e-03 
 4.50000000e-01  1.28829471e-03 
 4.60000000e-01  1.28780448e-03 
 4.70000000e-01  1.28727260e-03 
 4.80000000e-01  1.28670825e-03 
 4.90000000e-01  1.28611856e-03 
 5.00000000e-01  1.28550908e-03 
 5.10000000e-01  1.28488413e-03 
 5.20000000e-01  1.28424709e-03 
 5.30000000e-01  1.28360060e-03 
 5.40000000e-01  1.28294673e-03 
 5.50000000e-01  1.28228714e-03 
 5.60000000e-01  1.28162311e-03 
 5.70000000e-01  1.28095566e-03 
 5.80000000e-01  1.28028563e-03 
 5.90000000e-01  1.27961366e-03 
 6.00000000e-01  1.27894027e-03 
 6.10000000e-01  1.27826589e-03 
 6.20000000e-01  1.27759085e-03 
 6.30000000e-01  1.27691543e-03 
 6.40000000e-01  1.27623986e-03 
 6.50000000e-01  1.27556432e-03 
 6.60000000e-01  1.27488895e-03 
 6.70000000e-01  1.27421389e-03 
 6.80000000e-01  1.27353930e-03 
 6.90000000e-01  1.27286534e-03 
 7.00000000e-01  1.27219213e-03 
 7.10000000e-01  1.27151978e-03 
 7.20000000e-01  1.27084837e-03 
 7.30000000e-01  1.27017798e-03 
 7.40000000e-01  1.26950865e-03 
 7.50000000e-01  1.26884043e-03 
 7.60000000e-01  1.26817337e-03 
 7.70000000e-01  1.26750750e-03 
 7.80000000e-01  1.26684285e-03 
 7.90000000e-01  1.26617943e-03 
 8.00000000e-01  1.26551728e-03 
 8.10000000e-01  1.26485640e-03 
 8.20000000e-01  1.26419681e-03 
 8.30000000e-01  1.26353853e-03 
 8.40000000e-01  1.26288155e-03 
 8.50000000e-01  1.26222590e-03 
 8.60000000e-01  1.26157156e-03 
 8.70000000e-01  1.26091856e-03 
 8.80000000e-01  1.26026690e-03 
 8.90000000e-01  1.25961657e-03 
 9.00000000e-01  1.25896759e-03 
 9.10000000e-01  1.25831995e-03 
 9.20000000e-01  1.25767366e-03 
 9.30000000e-01  1.25702874e-03 
 9.40000000e-01  1.25638518e-03 
 9.50000000e-01  1.25574301e-03 
 9.60000000e-01  1.25510226e-03 
 9.70000000e-01  1.25446297e-03 
 9.80000000e-01  1.25382519e-03 
 9.90000000e-01  1.25318900e-03 
 1.00000000e+00  1.25255452e-03 
 1.01000000e+00  1.25192189e-03 
 1.02000000e+00  1.25129134e-03 
 1.03000000e+00  1.25066312e-03 
 1.04000000e+00  1.25003760e-03 
 1.05000000e+00  1.24941522e-03 
 1.06000000e+00  1.24879657e-03 
 1.07000000e+00  1.24818236e-03 
 1.08000000e+00  1.24757349e-03 
 1.09000000e+00  1.24697105e-03 
 1.10000000e+00  1.24637638e-03 
 1.11000000e+00  1.24579108e-03 
 1.12000000e+00  1.24521705e-03 
 1.13000000e+00  1.24465657e-03 
 1.14000000e+00  1.24411227e-03 
 1.15000000e+00  1.24358726e-03 
 1.16000000e+00  1.24308510e-03 
 1.17000000e+00  1.24260990e-03 
 1.18000000e+00  1.24216637e-03 
 1.19000000e+00  1.24175981e-03 
 1.20000000e+00  1.24139624e-03 
 1.21000000e+00  1.24108240e-03 
 1.22000000e+00  1.24082580e-03 
 1.23000000e+00  1.24063479e-03 
 1.24000000e+00  1.24051005e-03 
 1.25000000e+00  1.24047839e-03 
 1.26000000e+00  1.24054271e-03 
 1.27000000e+00  1.24071498e-03 
 1.28000000e+00  1.24100826e-03 
 1.29000000e+00  1.24143660e-03 
 1.30000000e+00  1.24201508e-03 
 1.31000000e+00  1.24275984e-03 
 1.32000000e+00  1.24368804e-03 
 1.33000000e+00  1.24481792e-03 
 1.34000000e+00  1.24616870e-03 
 1.35000000e+00  1.24776063e-03 
 1.36000000e+00  1.24961494e-03 
 1.37000000e+00  1.25175377e-03 
 1.38000000e+00  1.25420020e-03 
 1.39000000e+00  1.25697814e-03 
 1.40000000e+00  1.26011229e-03 
 1.41000000e+00  1.26362810e-03 
 1.42000000e+00  1.26755168e-03 
 1.43000000e+00  1.27190974e-03 
 1.44000000e+00  1.27672952e-03 
 1.45000000e+00  1.28203869e-03 
 1.46000000e+00  1.28786528e-03 
 1.47000000e+00  1.29423757e-03 
 1.48000000e+00  1.30118405e-03 
 1.49000000e+00  1.30873325e-03 
 1.50000000e+00  1.31691369e-03 
 1.51000000e+00  1.32575374e-03 
 1.52000000e+00  1.33528157e-03 
 1.53000000e+00  1.34552495e-03 
 1.54000000e+00  1.35651121e-03 
 1.55000000e+00  1.36826709e-03 
 1.56000000e+00  1.38081861e-03 
 1.57000000e+00  1.39419098e-03 
 1.58000000e+00  1.40840843e-03 
 1.59000000e+00  1.42349412e-03 
 1.60000000e+00  1.43947002e-03 
 0.00000000e+00 -3.77046140e-05 
 1.00000000e-02  2.45188009e-05 
 2.00000000e-02  8.89390780e-05 
 3.00000000e-02  1.55169253e-04 
 4.00000000e-02  2.22834485e-04 
 5.00000000e-02  2.91574741e-04 
 6.00000000e-02  3.61046040e-04 
 7.00000000e-02  4.30920859e-04 
 8.00000000e-02  5.00888073e-04 
 9.00000000e-02  5.70652751e-04 
 1.00000000e-01  6.39935963e-04 
 1.10000000e-01  7.08474716e-04 
 1.20000000e-01  7.76022043e-04 
 1.30000000e-01  8.42347197e-04 
 1.40000000e-01  9.07235876e-04 
 1.50000000e-01  9.70490347e-04 
 1.60000000e-01  1.03192933e-03 
 1.70000000e-01  1.09138747e-03 
 1.80000000e-01  1.14871436e-03 
 1.90000000e-01  1.20377301e-03 
 2.00000000e-01  1.25643781e-03 
 2.10000000e-01  1.30659226e-03 
 2.20000000e-01  1.35412667e-03 
 2.30000000e-01  1.39893625e-03 
 2.40000000e-01  1.44092022e-03 
 2.50000000e-01  1.47998231e-03 
 2.60000000e-01  1.51603339e-03 
 2.70000000e-01  1.54899652e-03 
 2.80000000e-01  1.57881447e-03 
 2.90000000e-01  1.60545947e-03 
 3.00000000e-01  1.62894386e-03 
 3.10000000e-01  1.64932988e-03 
 3.20000000e-01  1.66673614e-03 
 3.30000000e-01  1.68133843e-03 
 3.40000000e-01  1.69336375e-03 
 3.50000000e-01  1.70307779e-03 
 3.60000000e-01  1.71076823e-03 
 3.70000000e-01  1.71672690e-03 
 3.80000000e-01  1.72123402e-03 
 3.90000000e-01  1.72454643e-03 
 4.00000000e-01  1.72689066e-03 
 4.10000000e-01  1.72846030e-03 
 4.20000000e-01  1.72941659e-03 
 4.30000000e-01  1.72989116e-03 
 4.40000000e-01  1.72998977e-03 
 4.50000000e-01  1.72979638e-03 
 4.60000000e-01  1.72937700e-03 
 4.70000000e-01  1.72878319e-03 
 4.80000000e-01  1.72805504e-03 
 4.90000000e-01  1.72722357e-03 
 5.00000000e-01  1.72631276e-03 
 5.10000000e-01  1.72534111e-03 
 5.20000000e-01  1.72432288e-03 
 5.30000000e-01  1.72326906e-03 
 5.40000000e-01  1.72218814e-03 
 5.50000000e-01  1.72108667e-03 
 5.60000000e-01  1.71996972e-03 
 5.70000000e-01  1.71884120e-03 
 5.80000000e-01  1.71770415e-03 
 5.90000000e-01  1.71656094e-03 
 6.00000000e-01  1.71541341e-03 
 6.10000000e-01  1.71426299e-03 
 6.20000000e-01  1.71311081e-03 
 6.30000000e-01  1.71195775e-03 
 6.40000000e-01  1.71080451e-03 
 6.50000000e-01  1.70965163e-03 
 6.60000000e-01  1.70849953e-03 
 6.70000000e-01  1.70734858e-03 
 6.80000000e-01  1.70619903e-03 
 6.90000000e-01  1.70505109e-03 
 7.00000000e-01  1.70390495e-03 
 7.10000000e-01  1.70276074e-03 
 7.20000000e-01  1.70161855e-03 
 7.30000000e-01  1.70047849e-03 
 7.40000000e-01  1.69934063e-03 
 7.50000000e-01  1.69820512e-03 
 7.60000000e-01  1.69707208e-03 
 7.70000000e-01  1.69594161e-03 
 7.80000000e-01  1.69481378e-03 
 7.90000000e-01  1.69368866e-03 
 8.00000000e-01  1.69256629e-03 
 8.10000000e-01  1.69144671e-03 
 8.20000000e-01  1.69032995e-03 
 8.30000000e-01  1.68921603e-03 
 8.40000000e-01  1.68810496e-03 
 8.50000000e-01  1.68699677e-03 
 8.60000000e-01  1.68589146e-03 
 8.70000000e-01  1.68478904e-03 
 8.80000000e-01  1.68368950e-03 
 8.90000000e-01  1.68259286e-03 
 9.00000000e-01  1.68149912e-03 
 9.10000000e-01  1.68040827e-03 
 9.20000000e-01  1.67932030e-03 
 9.30000000e-01  1.67823522e-03 
 9.40000000e-01  1.67715302e-03 
 9.50000000e-01  1.67607370e-03 
 9.60000000e-01  1.67498568e-03 
 9.70000000e-01  1.67391170e-03 
 9.80000000e-01  1.67284062e-03 
 9.90000000e-01  1.67177237e-03 
 1.00000000e+00  1.67070697e-03 
 1.01000000e+00  1.66964443e-03 
 1.02000000e+00  1.66858478e-03 
 1.03000000e+00  1.66752802e-03 
 1.04000000e+00  1.66647422e-03 
 1.05000000e+00  1.66542344e-03 
 1.06000000e+00  1.66437578e-03 
 1.07000000e+00  1.66333138e-03 
 1.08000000e+00  1.66229044e-03 
 1.09000000e+00  1.66125323e-03 
 1.10000000e+00  1.66022010e-03 
 1.11000000e+00  1.65919150e-03 
 1.12000000e+00  1.65816803e-03 
 1.13000000e+00  1.65715042e-03 
 1.14000000e+00  1.65613962e-03 
 1.15000000e+00  1.65513677e-03 
 1.16000000e+00  1.65414328e-03 
 1.17000000e+00  1.65316086e-03 
 1.18000000e+00  1.65219157e-03 
 1.19000000e+00  1.65123784e-03 
 1.20000000e+00  1.65030257e-03 
 1.21000000e+00  1.64938911e-03 
 1.22000000e+00  1.64850140e-03 
 1.23000000e+00  1.64764395e-03 
 1.24000000e+00  1.64682195e-03 
 1.25000000e+00  1.64604131e-03 
 1.26000000e+00  1.64530871e-03 
 1.27000000e+00  1.64463165e-03 
 1.28000000e+00  1.64401855e-03 
 1.29000000e+00  1.64347873e-03 
 1.30000000e+00  1.64302253e-03 
 1.31000000e+00  1.64266131e-03 
 1.32000000e+00  1.64240750e-03 
 1.33000000e+00  1.64227464e-03 
 1.34000000e+00  1.64227737e-03 
 1.35000000e+00  1.64243151e-03 
 1.36000000e+00  1.64275401e-03 
 1.37000000e+00  1.64326297e-03 
 1.38000000e+00  1.64397763e-03 
 1.39000000e+00  1.64491837e-03 
 1.40000000e+00  1.64610663e-03 
 1.41000000e+00  1.64756489e-03 
 1.42000000e+00  1.64931664e-03 
 1.43000000e+00  1.65138631e-03 
 1.44000000e+00  1.65379915e-03 
 1.45000000e+00  1.65658123e-03 
 1.46000000e+00  1.65975928e-03 
 1.47000000e+00  1.66336065e-03 
 1.48000000e+00  1.66741317e-03 
 1.49000000e+00  1.67194507e-03 
 1.50000000e+00  1.67698484e-03 
 1.51000000e+00  1.68256116e-03 
 1.52000000e+00  1.68870274e-03 
 1.53000000e+00  1.69543823e-03 
 1.54000000e+00  1.70281158e-03 
 1.55000000e+00  1.71082038e-03 
 1.56000000e+00  1.71950747e-03 
 1.57000000e+00  1.72889996e-03 
 1.58000000e+00  1.73902443e-03 
 1.59000000e+00  1.74990669e-03 
 1.60000000e+00  1.76157165e-03 
 0.00000000e+00 -4.26845961e-05 
 1.00000000e-02  2.63430012e-05 
 2.00000000e-02  9.73501014e-05 
 3.00000000e-02  1.69988912e-04 
 4.00000000e-02  2.43927105e-04 
 5.00000000e-02  3.18848275e-04 
 6.00000000e-02  3.94451668e-04 
 7.00000000e-02  4.70451558e-04 
 8.00000000e-02  5.46576525e-04 
 9.00000000e-02  6.22568798e-04 
 1.00000000e-01  6.98183784e-04 
 1.10000000e-01  7.73189844e-04 
 1.20000000e-01  8.47368343e-04 
 1.30000000e-01  9.20513953e-04 
 1.40000000e-01  9.92435172e-04 
 1.50000000e-01  1.06295496e-03 
 1.60000000e-01  1.13191136e-03 
 1.70000000e-01  1.19915804e-03 
 1.80000000e-01  1.26456441e-03 
 1.90000000e-01  1.32801543e-03 
 2.00000000e-01  1.38941074e-03 
 2.10000000e-01  1.44866317e-03 
 2.20000000e-01  1.50569657e-03 
 2.30000000e-01  1.56044319e-03 
 2.40000000e-01  1.61284051e-03 
 2.50000000e-01  1.66282807e-03 
 2.60000000e-01  1.71034441e-03 
 2.70000000e-01  1.75532456e-03 
 2.80000000e-01  1.79769851e-03 
 2.90000000e-01  1.83739093e-03 
 3.00000000e-01  1.87432267e-03 
 3.10000000e-01  1.90841441e-03 
 3.20000000e-01  1.93959261e-03 
 3.30000000e-01  1.96779790e-03 
 3.40000000e-01  1.99299543e-03 
 3.50000000e-01  2.01518624e-03 
 3.60000000e-01  2.03441770e-03 
 3.70000000e-01  2.05079098e-03 
 3.80000000e-01  2.06446317e-03 
 3.90000000e-01  2.07564265e-03 
 4.00000000e-01  2.08457791e-03 
 4.10000000e-01  2.09154179e-03 
 4.20000000e-01  2.09681409e-03 
 4.30000000e-01  2.10066574e-03 
 4.40000000e-01  2.10334673e-03 
 4.50000000e-01  2.10507866e-03 
 4.60000000e-01  2.10605155e-03 
 4.70000000e-01  2.10642409e-03 
 4.80000000e-01  2.10632603e-03 
 4.90000000e-01  2.10586167e-03 
 5.00000000e-01  2.10511383e-03 
 5.10000000e-01  2.10414760e-03 
 5.20000000e-01  2.10301377e-03 
 5.30000000e-01  2.10175177e-03 
 5.40000000e-01  2.10039207e-03 
 5.50000000e-01  2.09895816e-03 
 5.60000000e-01  2.09746814e-03 
 5.70000000e-01  2.09593591e-03 
 5.80000000e-01  2.09437216e-03 
 5.90000000e-01  2.09278511e-03 
 6.00000000e-01  2.09118108e-03 
 6.10000000e-01  2.08956493e-03 
 6.20000000e-01  2.08794041e-03 
 6.30000000e-01  2.08631040e-03 
 6.40000000e-01  2.08467715e-03 
 6.50000000e-01  2.08304237e-03 
 6.60000000e-01  2.08140739e-03 
 6.70000000e-01  2.07977326e-03 
 6.80000000e-01  2.07814078e-03 
 6.90000000e-01  2.07651056e-03 
 7.00000000e-01  2.07488310e-03 
 7.10000000e-01  2.07325877e-03 
 7.20000000e-01  2.07163786e-03 
 7.30000000e-01  2.07002060e-03 
 7.40000000e-01  2.06840715e-03 
 7.50000000e-01  2.06679766e-03 
 7.60000000e-01  2.06519222e-03 
 7.70000000e-01  2.06359091e-03 
 7.80000000e-01  2.06199379e-03 
 7.90000000e-01  2.06040089e-03 
 8.00000000e-01  2.05881230e-03 
 8.10000000e-01  2.05721402e-03 
 8.20000000e-01  2.05563379e-03 
 8.30000000e-01  2.05405820e-03 
 8.40000000e-01  2.05248722e-03 
 8.50000000e-01  2.05092092e-03 
 8.60000000e-01  2.04935931e-03 
 8.70000000e-01  2.04780241e-03 
 8.80000000e-01  2.04625024e-03 
 8.90000000e-01  2.04470280e-03 
 9.00000000e-01  2.04316009e-03 
 9.10000000e-01  2.04162211e-03 
 9.20000000e-01  2.04008884e-03 
 9.30000000e-01  2.03856029e-03 
 9.40000000e-01  2.03703645e-03 
 9.50000000e-01  2.03551729e-03 
 9.60000000e-01  2.03400281e-03 
 9.70000000e-01  2.03249299e-03 
 9.80000000e-01  2.03098782e-03 
 9.90000000e-01  2.02948727e-03 
 1.00000000e+00  2.02799134e-03 
 1.01000000e+00  2.02650000e-03 
 1.02000000e+00  2.02501324e-03 
 1.03000000e+00  2.02353104e-03 
 1.04000000e+00  2.02205339e-03 
 1.05000000e+00  2.02058027e-03 
 1.06000000e+00  2.01911168e-03 
 1.07000000e+00  2.01764763e-03 
 1.08000000e+00  2.01618813e-03 
 1.09000000e+00  2.01473320e-03 
 1.10000000e+00  2.01328292e-03 
 1.11000000e+00  2.01183735e-03 
 1.12000000e+00  2.01039663e-03 
 1.13000000e+00  2.00896094e-03 
 1.14000000e+00  2.00753054e-03 
 1.15000000e+00  2.00610576e-03 
 1.16000000e+00  2.00468706e-03 
 1.17000000e+00  2.00327502e-03 
 1.18000000e+00  2.00187039e-03 
 1.19000000e+00  2.00047412e-03 
 1.20000000e+00  1.99908740e-03 
 1.21000000e+00  1.99771168e-03 
 1.22000000e+00  1.99634872e-03 
 1.23000000e+00  1.99500068e-03 
 1.24000000e+00  1.99367012e-03 
 1.25000000e+00  1.99236006e-03 
 1.26000000e+00  1.99107408e-03 
 1.27000000e+00  1.98981633e-03 
 1.28000000e+00  1.98859164e-03 
 1.29000000e+00  1.98740554e-03 
 1.30000000e+00  1.98626435e-03 
 1.31000000e+00  1.98517525e-03 
 1.32000000e+00  1.98414631e-03 
 1.33000000e+00  1.98318658e-03 
 1.34000000e+00  1.98230614e-03 
 1.35000000e+00  1.98151615e-03 
 1.36000000e+00  1.98082890e-03 
 1.37000000e+00  1.98025784e-03 
 1.38000000e+00  1.97981763e-03 
 1.39000000e+00  1.97952415e-03 
 1.40000000e+00  1.97939450e-03 
 1.41000000e+00  1.97944706e-03 
 1.42000000e+00  1.97970139e-03 
 1.43000000e+00  1.98019996e-03 
 1.44000000e+00  1.98092221e-03 
 1.45000000e+00  1.98191231e-03 
 1.46000000e+00  1.98319421e-03 
 1.47000000e+00  1.98479316e-03 
 1.48000000e+00  1.98673524e-03 
 1.49000000e+00  1.98904738e-03 
 1.50000000e+00  1.99175722e-03 
 1.51000000e+00  1.99489299e-03 
 1.52000000e+00  1.99848345e-03 
 1.53000000e+00  2.00255770e-03 
 1.54000000e+00  2.00714507e-03 
 1.55000000e+00  2.01227500e-03 
 1.56000000e+00  2.01797690e-03 
 1.57000000e+00  2.02428000e-03 
 1.58000000e+00  2.03121323e-03 
 1.59000000e+00  2.03880509e-03 
 1.60000000e+00  2.04708354e-03 
 0.00000000e+00 -4.66492479e-05 
 1.00000000e-02  2.75855104e-05 
 2.00000000e-02  1.03620885e-04 
 3.00000000e-02  1.81142612e-04 
 4.00000000e-02  2.59852362e-04 
 5.00000000e-02  3.39467162e-04 
 6.00000000e-02  4.19718445e-04 
 7.00000000e-02  5.00350995e-04 
 8.00000000e-02  5.81121936e-04 
 9.00000000e-02  6.61799863e-04 
 1.00000000e-01  7.42164205e-04 
 1.10000000e-01  8.22004844e-04 
 1.20000000e-01  9.01122044e-04 
 1.30000000e-01  9.79326652e-04 
 1.40000000e-01  1.05644060e-03 
 1.50000000e-01  1.13229760e-03 
 1.60000000e-01  1.20674407e-03 
 1.70000000e-01  1.27964001e-03 
 1.80000000e-01  1.35085993e-03 
 1.90000000e-01  1.42029346e-03 
 2.00000000e-01  1.48784569e-03 
 2.10000000e-01  1.55343694e-03 
 2.20000000e-01  1.61700196e-03 
 2.30000000e-01  1.67848842e-03 
 2.40000000e-01  1.73785481e-03 
 2.50000000e-01  1.79506769e-03 
 2.60000000e-01  1.85009855e-03 
 2.70000000e-01  1.90292047e-03 
 2.80000000e-01  1.95350474e-03 
 2.90000000e-01  2.00181775e-03 
 3.00000000e-01  2.04781839e-03 
 3.10000000e-01  2.09145619e-03 
 3.20000000e-01  2.13267041e-03 
 3.30000000e-01  2.17139040e-03 
 3.40000000e-01  2.20753742e-03 
 3.50000000e-01  2.24102833e-03 
 3.60000000e-01  2.27178125e-03 
 3.70000000e-01  2.29972339e-03 
 3.80000000e-01  2.32480090e-03 
 3.90000000e-01  2.34698991e-03 
 4.00000000e-01  2.36630763e-03 
 4.10000000e-01  2.38282133e-03 
 4.20000000e-01  2.39665317e-03 
 4.30000000e-01  2.40797885e-03 
 4.40000000e-01  2.41701969e-03 
 4.50000000e-01  2.42402907e-03 
 4.60000000e-01  2.42927575e-03 
 4.70000000e-01  2.43302742e-03 
 4.80000000e-01  2.43553687e-03 
 4.90000000e-01  2.43703246e-03 
 5.00000000e-01  2.43771306e-03 
 5.10000000e-01  2.43774677e-03 
 5.20000000e-01  2.43727231e-03 
 5.30000000e-01  2.43640204e-03 
 5.40000000e-01  2.43522561e-03 
 5.50000000e-01  2.43381374e-03 
 5.60000000e-01  2.43222178e-03 
 5.70000000e-01  2.43049273e-03 
 5.80000000e-01  2.42865986e-03 
 5.90000000e-01  2.42674882e-03 
 6.00000000e-01  2.42477934e-03 
 6.10000000e-01  2.42276657e-03 
 6.20000000e-01  2.42072214e-03 
 6.30000000e-01  2.41865497e-03 
 6.40000000e-01  2.41657188e-03 
 6.50000000e-01  2.41447814e-03 
 6.60000000e-01  2.41237776e-03 
 6.70000000e-01  2.41027382e-03 
 6.80000000e-01  2.40816871e-03 
 6.90000000e-01  2.40606425e-03 
 7.00000000e-01  2.40396183e-03 
 7.10000000e-01  2.40186253e-03 
 7.20000000e-01  2.39976718e-03 
 7.30000000e-01  2.39767640e-03 
 7.40000000e-01  2.39557345e-03 
 7.50000000e-01  2.39349230e-03 
 7.60000000e-01  2.39141691e-03 
 7.70000000e-01  2.38934739e-03 
 7.80000000e-01  2.38728393e-03 
 7.90000000e-01  2.38522664e-03 
 8.00000000e-01  2.38317561e-03 
 8.10000000e-01  2.38113088e-03 
 8.20000000e-01  2.37909250e-03 
 8.30000000e-01  2.37706049e-03 
 8.40000000e-01  2.37503484e-03 
 8.50000000e-01  2.37301565e-03 
 8.60000000e-01  2.37100301e-03 
 8.70000000e-01  2.36899699e-03 
 8.80000000e-01  2.36699766e-03 
 8.90000000e-01  2.36500503e-03 
 9.00000000e-01  2.36301912e-03 
 9.10000000e-01  2.36103994e-03 
 9.20000000e-01  2.35906749e-03 
 9.30000000e-01  2.35710177e-03 
 9.40000000e-01  2.35514275e-03 
 9.50000000e-01  2.35319043e-03 
 9.60000000e-01  2.35124478e-03 
 9.70000000e-01  2.34930579e-03 
 9.80000000e-01  2.34737342e-03 
 9.90000000e-01  2.34544765e-03 
 1.00000000e+00  2.34352846e-03 
 1.01000000e+00  2.34161582e-03 
 1.02000000e+00  2.33970969e-03 
 1.03000000e+00  2.33781005e-03 
 1.04000000e+00  2.33591686e-03 
 1.05000000e+00  2.33403010e-03 
 1.06000000e+00  2.33214973e-03 
 1.07000000e+00  2.33027573e-03 
 1.08000000e+00  2.32840806e-03 
 1.09000000e+00  2.32654670e-03 
 1.10000000e+00  2.32469163e-03 
 1.11000000e+00  2.32284283e-03 
 1.12000000e+00  2.32100030e-03 
 1.13000000e+00  2.31916405e-03 
 1.14000000e+00  2.31733410e-03 
 1.15000000e+00  2.31551052e-03 
 1.16000000e+00  2.31369340e-03 
 1.17000000e+00  2.31188289e-03 
 1.18000000e+00  2.31007920e-03 
 1.19000000e+00  2.30828263e-03 
 1.20000000e+00  2.30649357e-03 
 1.21000000e+00  2.30471255e-03 
 1.22000000e+00  2.30294025e-03 
 1.23000000e+00  2.30117757e-03 
 1.24000000e+00  2.29942561e-03 
 1.25000000e+00  2.29768576e-03 
 1.26000000e+00  2.29595971e-03 
 1.27000000e+00  2.29424953e-03 
 1.28000000e+00  2.29255772e-03 
 1.29000000e+00  2.29088726e-03 
 1.30000000e+00  2.28926737e-03 
 1.31000000e+00  2.28765143e-03 
 1.32000000e+00  2.28606956e-03 
 1.33000000e+00  2.28452698e-03 
 1.34000000e+00  2.28303016e-03 
 1.35000000e+00  2.28158638e-03 
 1.36000000e+00  2.28020383e-03 
 1.37000000e+00  2.27889175e-03 
 1.38000000e+00  2.27766047e-03 
 1.39000000e+00  2.27652144e-03 
 1.40000000e+00  2.27548731e-03 
 1.41000000e+00  2.27457197e-03 
 1.42000000e+00  2.27379058e-03 
 1.43000000e+00  2.27315961e-03 
 1.44000000e+00  2.27269683e-03 
 1.45000000e+00  2.27242134e-03 
 1.46000000e+00  2.27235352e-03 
 1.47000000e+00  2.27251505e-03 
 1.48000000e+00  2.27292885e-03 
 1.49000000e+00  2.27361902e-03 
 1.50000000e+00  2.27461079e-03 
 1.51000000e+00  2.27593042e-03 
 1.52000000e+00  2.27760510e-03 
 1.53000000e+00  2.27966287e-03 
 1.54000000e+00  2.28213249e-03 
 1.55000000e+00  2.28504329e-03 
 1.56000000e+00  2.28842505e-03 
 1.57000000e+00  2.29230787e-03 
 1.58000000e+00  2.29672198e-03 
 1.59000000e+00  2.30169766e-03 
 1.60000000e+00  2.30726501e-03 
 0.00000000e+00 -4.99526094e-05 
 1.00000000e-02  2.84752169e-05 
 2.00000000e-02  1.08556733e-04 
 3.00000000e-02  1.90005781e-04 
 4.00000000e-02  2.72551608e-04 
 5.00000000e-02  3.55937792e-04 
 6.00000000e-02  4.39920992e-04 
 7.00000000e-02  5.24269719e-04 
 8.00000000e-02  6.08763206e-04 
 9.00000000e-02  6.93190443e-04 
 1.00000000e-01  7.77349443e-04 
 1.10000000e-01  8.61046749e-04 
 1.20000000e-01  9.44097227e-04 
 1.30000000e-01  1.02632413e-03 
 1.40000000e-01  1.10755945e-03 
 1.50000000e-01  1.18764455e-03 
 1.60000000e-01  1.26643098e-03 
 1.70000000e-01  1.34378153e-03 
 1.80000000e-01  1.41957129e-03 
 1.90000000e-01  1.49368878e-03 
 2.00000000e-01  1.56603686e-03 
 2.10000000e-01  1.63653336e-03 
 2.20000000e-01  1.70511133e-03 
 2.30000000e-01  1.77171869e-03 
 2.40000000e-01  1.83631729e-03 
 2.50000000e-01  1.89888125e-03 
 2.60000000e-01  1.95939481e-03 
 2.70000000e-01  2.01784951e-03 
 2.80000000e-01  2.07424112e-03 
 2.90000000e-01  2.12856632e-03 
 3.00000000e-01  2.18081947e-03 
 3.10000000e-01  2.23098951e-03 
 3.20000000e-01  2.27905732e-03 
 3.30000000e-01  2.32499350e-03 
 3.40000000e-01  2.36875694e-03 
 3.50000000e-01  2.41029400e-03 
 3.60000000e-01  2.44953879e-03 
 3.70000000e-01  2.48641438e-03 
 3.80000000e-01  2.52083550e-03 
 3.90000000e-01  2.55270473e-03 
 4.00000000e-01  2.58194938e-03 
 4.10000000e-01  2.60848473e-03 
 4.20000000e-01  2.63225257e-03 
 4.30000000e-01  2.65322506e-03 
 4.40000000e-01  2.67141533e-03 
 4.50000000e-01  2.68688615e-03 
 4.60000000e-01  2.69975433e-03 
 4.70000000e-01  2.71018935e-03 
 4.80000000e-01  2.71841814e-03 
 4.90000000e-01  2.72466053e-03 
 5.00000000e-01  2.72919074e-03 
 5.10000000e-01  2.73226890e-03 
 5.20000000e-01  2.73414098e-03 
 5.30000000e-01  2.73502924e-03 
 5.40000000e-01  2.73512733e-03 
 5.50000000e-01  2.73459894e-03 
 5.60000000e-01  2.73357921e-03 
 5.70000000e-01  2.73217756e-03 
 5.80000000e-01  2.73048130e-03 
 5.90000000e-01  2.72855931e-03 
 6.00000000e-01  2.72646545e-03 
 6.10000000e-01  2.72424158e-03 
 6.20000000e-01  2.72192004e-03 
 6.30000000e-01  2.71952578e-03 
 6.40000000e-01  2.71707794e-03 
 6.50000000e-01  2.71459123e-03 
 6.60000000e-01  2.71207691e-03 
 6.70000000e-01  2.70954360e-03 
 6.80000000e-01  2.70699792e-03 
 6.90000000e-01  2.70444491e-03 
 7.00000000e-01  2.70186825e-03 
 7.10000000e-01  2.69931011e-03 
 7.20000000e-01  2.69675376e-03 
 7.30000000e-01  2.69420083e-03 
 7.40000000e-01  2.69165266e-03 
 7.50000000e-01  2.68911027e-03 
 7.60000000e-01  2.68657441e-03 
 7.70000000e-01  2.68404567e-03 
 7.80000000e-01  2.68152447e-03 
 7.90000000e-01  2.67901116e-03 
 8.00000000e-01  2.67650595e-03 
 8.10000000e-01  2.67400903e-03 
 8.20000000e-01  2.67152053e-03 
 8.30000000e-01  2.66904051e-03 
 8.40000000e-01  2.66656903e-03 
 8.50000000e-01  2.66410612e-03 
 8.60000000e-01  2.66165179e-03 
 8.70000000e-01  2.65920602e-03 
 8.80000000e-01  2.65676881e-03 
 8.90000000e-01  2.65434017e-03 
 9.00000000e-01  2.65192019e-03 
 9.10000000e-01  2.64950896e-03 
 9.20000000e-01  2.64710649e-03 
 9.30000000e-01  2.64471282e-03 
 9.40000000e-01  2.64232794e-03 
 9.50000000e-01  2.63995185e-03 
 9.60000000e-01  2.63758453e-03 
 9.70000000e-01  2.63522596e-03 
 9.80000000e-01  2.63287610e-03 
 9.90000000e-01  2.63053494e-03 
 1.00000000e+00  2.62820242e-03 
 1.01000000e+00  2.62587852e-03 
 1.02000000e+00  2.62356319e-03 
 1.03000000e+00  2.62125639e-03 
 1.04000000e+00  2.61895808e-03 
 1.05000000e+00  2.61666822e-03 
 1.06000000e+00  2.61438676e-03 
 1.07000000e+00  2.61211365e-03 
 1.08000000e+00  2.60984886e-03 
 1.09000000e+00  2.60759233e-03 
 1.10000000e+00  2.60534401e-03 
 1.11000000e+00  2.60310387e-03 
 1.12000000e+00  2.60087186e-03 
 1.13000000e+00  2.59864794e-03 
 1.14000000e+00  2.59643208e-03 
 1.15000000e+00  2.59422424e-03 
 1.16000000e+00  2.59202441e-03 
 1.17000000e+00  2.58983258e-03 
 1.18000000e+00  2.58767831e-03 
 1.19000000e+00  2.58550337e-03 
 1.20000000e+00  2.58333687e-03 
 1.21000000e+00  2.58117856e-03 
 1.22000000e+00  2.57902877e-03 
 1.23000000e+00  2.57688778e-03 
 1.24000000e+00  2.57475600e-03 
 1.25000000e+00  2.57263397e-03 
 1.26000000e+00  2.57052239e-03 
 1.27000000e+00  2.56842219e-03 
 1.28000000e+00  2.56633450e-03 
 1.29000000e+00  2.56426079e-03 
 1.30000000e+00  2.56220283e-03 
 1.31000000e+00  2.56016280e-03 
 1.32000000e+00  2.55814333e-03 
 1.33000000e+00  2.55614758e-03 
 1.34000000e+00  2.55417927e-03 
 1.35000000e+00  2.55224279e-03 
 1.36000000e+00  2.55034324e-03 
 1.37000000e+00  2.54848655e-03 
 1.38000000e+00  2.54667950e-03 
 1.39000000e+00  2.54492982e-03 
 1.40000000e+00  2.54324627e-03 
 1.41000000e+00  2.54163870e-03 
 1.42000000e+00  2.54011813e-03 
 1.43000000e+00  2.53869678e-03 
 1.44000000e+00  2.53738816e-03 
 1.45000000e+00  2.53620708e-03 
 1.46000000e+00  2.53516973e-03 
 1.47000000e+00  2.53429365e-03 
 1.48000000e+00  2.53359778e-03 
 1.49000000e+00  2.53310243e-03 
 1.50000000e+00  2.53282928e-03 
 1.51000000e+00  2.53280133e-03 
 1.52000000e+00  2.53304288e-03 
 1.53000000e+00  2.53357943e-03 
 1.54000000e+00  2.53443759e-03 
 1.55000000e+00  2.53564503e-03 
 1.56000000e+00  2.53723032e-03 
 1.57000000e+00  2.53922283e-03 
 1.58000000e+00  2.54165258e-03 
 1.59000000e+00  2.54455010e-03 
 1.60000000e+00  2.54794627e-03 
 0.00000000e+00 -5.27911340e-05 
 1.00000000e-02  2.91311464e-05 
 2.00000000e-02  1.12584846e-04 
 3.00000000e-02  1.97307441e-04 
 4.00000000e-02  2.83050950e-04 
 5.00000000e-02  3.69580626e-04 
 6.00000000e-02  4.56673597e-04 
 7.00000000e-02  5.44117574e-04 
 8.00000000e-02  6.31709691e-04 
 9.00000000e-02  7.19255507e-04 
 1.00000000e-01  8.06568221e-04 
 1.10000000e-01  8.93468110e-04 
 1.20000000e-01  9.79782201e-04 
 1.30000000e-01  1.06534422e-03 
 1.40000000e-01  1.14999477e-03 
 1.50000000e-01  1.23358183e-03 
 1.60000000e-01  1.31596142e-03 
 1.70000000e-01  1.39699856e-03 
 1.80000000e-01  1.47656834e-03 
 1.90000000e-01  1.55455714e-03 
 2.00000000e-01  1.63086383e-03 
 2.10000000e-01  1.70540083e-03 
 2.20000000e-01  1.77809503e-03 
 2.30000000e-01  1.84888822e-03 
 2.40000000e-01  1.91773710e-03 
 2.50000000e-01  1.98461270e-03 
 2.60000000e-01  2.04949918e-03 
 2.70000000e-01  2.11239196e-03 
 2.80000000e-01  2.17329535e-03 
 2.90000000e-01  2.23221976e-03 
 3.00000000e-01  2.28917863e-03 
 3.10000000e-01  2.34418525e-03 
 3.20000000e-01  2.39724973e-03 
 3.30000000e-01  2.44837615e-03 
 3.40000000e-01  2.49756012e-03 
 3.50000000e-01  2.54478677e-03 
 3.60000000e-01  2.59002921e-03 
 3.70000000e-01  2.63324761e-03 
 3.80000000e-01  2.67438885e-03 
 3.90000000e-01  2.71337869e-03 
 4.00000000e-01  2.75015446e-03 
 4.10000000e-01  2.78462189e-03 
 4.20000000e-01  2.81668772e-03 
 4.30000000e-01  2.84625773e-03 
 4.40000000e-01  2.87324347e-03 
 4.50000000e-01  2.89757070e-03 
 4.60000000e-01  2.91918930e-03 
 4.70000000e-01  2.93808380e-03 
 4.80000000e-01  2.95428302e-03 
 4.90000000e-01  2.96786694e-03 
 5.00000000e-01  2.97896884e-03 
 5.10000000e-01  2.98777137e-03 
 5.20000000e-01  2.99449660e-03 
 5.30000000e-01  2.99939168e-03 
 5.40000000e-01  3.00273104e-03 
 5.50000000e-01  3.00472708e-03 
 5.60000000e-01  3.00563170e-03 
 5.70000000e-01  3.00565162e-03 
 5.80000000e-01  3.00496520e-03 
 5.90000000e-01  3.00372177e-03 
 6.00000000e-01  3.00204367e-03 
 6.10000000e-01  3.00002941e-03 
 6.20000000e-01  2.99775724e-03 
 6.30000000e-01  2.99528866e-03 
 6.40000000e-01  2.99267166e-03 
 6.50000000e-01  2.98994343e-03 
 6.60000000e-01  2.98713267e-03 
 6.70000000e-01  2.98426148e-03 
 6.80000000e-01  2.98132331e-03 
 6.90000000e-01  2.97837670e-03 
 7.00000000e-01  2.97540959e-03 
 7.10000000e-01  2.97242943e-03 
 7.20000000e-01  2.96944208e-03 
 7.30000000e-01  2.96645198e-03 
 7.40000000e-01  2.96346252e-03 
 7.50000000e-01  2.96047628e-03 
 7.60000000e-01  2.95749522e-03 
 7.70000000e-01  2.95452086e-03 
 7.80000000e-01  2.95155430e-03 
 7.90000000e-01  2.94859642e-03 
 8.00000000e-01  2.94564784e-03 
 8.10000000e-01  2.94270905e-03 
 8.20000000e-01  2.93978040e-03 
 8.30000000e-01  2.93686214e-03 
 8.40000000e-01  2.93395445e-03 
 8.50000000e-01  2.93105744e-03 
 8.60000000e-01  2.92817120e-03 
 8.70000000e-01  2.92529576e-03 
 8.80000000e-01  2.92243113e-03 
 8.90000000e-01  2.91957731e-03 
 9.00000000e-01  2.91673428e-03 
 9.10000000e-01  2.91390198e-03 
 9.20000000e-01  2.91108039e-03 
 9.30000000e-01  2.90826952e-03 
 9.40000000e-01  2.90546944e-03 
 9.50000000e-01  2.90268020e-03 
 9.60000000e-01  2.89990183e-03 
 9.70000000e-01  2.89713431e-03 
 9.80000000e-01  2.89437765e-03 
 9.90000000e-01  2.89163179e-03 
 1.00000000e+00  2.88889673e-03 
 1.01000000e+00  2.88617240e-03 
 1.02000000e+00  2.88345876e-03 
 1.03000000e+00  2.88075578e-03 
 1.04000000e+00  2.87806338e-03 
 1.05000000e+00  2.87538152e-03 
 1.06000000e+00  2.87271014e-03 
 1.07000000e+00  2.87004918e-03 
 1.08000000e+00  2.86739859e-03 
 1.09000000e+00  2.86479100e-03 
 1.10000000e+00  2.86216199e-03 
 1.11000000e+00  2.85954346e-03 
 1.12000000e+00  2.85693496e-03 
 1.13000000e+00  2.85433655e-03 
 1.14000000e+00  2.85174816e-03 
 1.15000000e+00  2.84916974e-03 
 1.16000000e+00  2.84660123e-03 
 1.17000000e+00  2.84404257e-03 
 1.18000000e+00  2.84149372e-03 
 1.19000000e+00  2.83895464e-03 
 1.20000000e+00  2.83642530e-03 
 1.21000000e+00  2.83390570e-03 
 1.22000000e+00  2.83139583e-03 
 1.23000000e+00  2.82889576e-03 
 1.24000000e+00  2.82640557e-03 
 1.25000000e+00  2.82392541e-03 
 1.26000000e+00  2.82145553e-03 
 1.27000000e+00  2.81899624e-03 
 1.28000000e+00  2.81654800e-03 
 1.29000000e+00  2.81411143e-03 
 1.30000000e+00  2.81168732e-03 
 1.31000000e+00  2.80927671e-03 
 1.32000000e+00  2.80688090e-03 
 1.33000000e+00  2.80450153e-03 
 1.34000000e+00  2.80214061e-03 
 1.35000000e+00  2.79980060e-03 
 1.36000000e+00  2.79748445e-03 
 1.37000000e+00  2.79519571e-03 
 1.38000000e+00  2.79293855e-03 
 1.39000000e+00  2.79071790e-03 
 1.40000000e+00  2.78853944e-03 
 1.41000000e+00  2.78640979e-03 
 1.42000000e+00  2.78433649e-03 
 1.43000000e+00  2.78232814e-03 
 1.44000000e+00  2.78039444e-03 
 1.45000000e+00  2.77854630e-03 
 1.46000000e+00  2.77679586e-03 
 1.47000000e+00  2.77515661e-03 
 1.48000000e+00  2.77364337e-03 
 1.49000000e+00  2.77227238e-03 
 1.50000000e+00  2.77106132e-03 
 1.51000000e+00  2.77002931e-03 
 1.52000000e+00  2.76919693e-03 
 1.53000000e+00  2.76854604e-03 
 1.54000000e+00  2.76817877e-03 
 1.55000000e+00  2.76808175e-03 
 1.56000000e+00  2.76828036e-03 
 1.57000000e+00  2.76880205e-03 
 1.58000000e+00  2.76967514e-03 
 1.59000000e+00  2.77092896e-03 
 1.60000000e+00  2.77259366e-03 
 0.00000000e+00 -5.52850128e-05 
 1.00000000e-02  2.96223641e-05 
 2.00000000e-02  1.15957846e-04 
 3.00000000e-02  2.03478970e-04 
 4.00000000e-02  2.91956873e-04 
 5.00000000e-02  3.81174892e-04 
 6.00000000e-02  4.70927178e-04 
 7.00000000e-02  5.61017410e-04 
 8.00000000e-02  6.51257643e-04 
 9.00000000e-02  7.41467314e-04 
 1.00000000e-01  8.31472437e-04 
 1.10000000e-01  9.21104992e-04 
 1.20000000e-01  1.01020253e-03 
 1.30000000e-01  1.09860799e-03 
 1.40000000e-01  1.18616980e-03 
 1.50000000e-01  1.27274213e-03 
 1.60000000e-01  1.35818546e-03 
 1.70000000e-01  1.44236738e-03 
 1.80000000e-01  1.52516354e-03 
 1.90000000e-01  1.60645879e-03 
 2.00000000e-01  1.68614845e-03 
 2.10000000e-01  1.76413960e-03 
 2.20000000e-01  1.84035221e-03 
 2.30000000e-01  1.91472017e-03 
 2.40000000e-01  1.98719192e-03 
 2.50000000e-01  2.05773068e-03 
 2.60000000e-01  2.12631410e-03 
 2.70000000e-01  2.19293332e-03 
 2.80000000e-01  2.25759145e-03 
 2.90000000e-01  2.32030147e-03 
 3.00000000e-01  2.38108367e-03 
 3.10000000e-01  2.43996283e-03 
 3.20000000e-01  2.49696519e-03 
 3.30000000e-01  2.55211550e-03 
 3.40000000e-01  2.60543422e-03 
 3.50000000e-01  2.65693504e-03 
 3.60000000e-01  2.70662271e-03 
 3.70000000e-01  2.75449134e-03 
 3.80000000e-01  2.80052310e-03 
 3.90000000e-01  2.84467936e-03 
 4.00000000e-01  2.88693092e-03 
 4.10000000e-01  2.92721386e-03 
 4.20000000e-01  2.96545854e-03 
 4.30000000e-01  3.00158404e-03 
 4.40000000e-01  3.03550021e-03 
 4.50000000e-01  3.06711091e-03 
 4.60000000e-01  3.09631847e-03 
 4.70000000e-01  3.12302976e-03 
 4.80000000e-01  3.14716392e-03 
 4.90000000e-01  3.16866148e-03 
 5.00000000e-01  3.18749443e-03 
 5.10000000e-01  3.20367583e-03 
 5.20000000e-01  3.21726740e-03 
 5.30000000e-01  3.22838303e-03 
 5.40000000e-01  3.23718678e-03 
 5.50000000e-01  3.24388487e-03 
 5.60000000e-01  3.24871285e-03 
 5.70000000e-01  3.25192008e-03 
 5.80000000e-01  3.25375452e-03 
 5.90000000e-01  3.25445009e-03 
 6.00000000e-01  3.25421801e-03 
 6.10000000e-01  3.25326613e-03 
 6.20000000e-01  3.25170142e-03 
 6.30000000e-01  3.24967737e-03 
 6.40000000e-01  3.24729709e-03 
 6.50000000e-01  3.24464363e-03 
 6.60000000e-01  3.24175596e-03 
 6.70000000e-01  3.23873652e-03 
 6.80000000e-01  3.23559993e-03 
 6.90000000e-01  3.23237671e-03 
 7.00000000e-01  3.22909053e-03 
 7.10000000e-01  3.22575955e-03 
 7.20000000e-01  3.22239769e-03 
 7.30000000e-01  3.21901559e-03 
 7.40000000e-01  3.21562140e-03 
 7.50000000e-01  3.21222131e-03 
 7.60000000e-01  3.20882007e-03 
 7.70000000e-01  3.20542129e-03 
 7.80000000e-01  3.20202771e-03 
 7.90000000e-01  3.19864142e-03 
 8.00000000e-01  3.19526399e-03 
 8.10000000e-01  3.19189661e-03 
 8.20000000e-01  3.18854017e-03 
 8.30000000e-01  3.18519533e-03 
 8.40000000e-01  3.18186258e-03 
 8.50000000e-01  3.17854227e-03 
 8.60000000e-01  3.17523465e-03 
 8.70000000e-01  3.17193989e-03 
 8.80000000e-01  3.16865809e-03 
 8.90000000e-01  3.16538931e-03 
 9.00000000e-01  3.16213358e-03 
 9.10000000e-01  3.15889088e-03 
 9.20000000e-01  3.15566120e-03 
 9.30000000e-01  3.15244448e-03 
 9.40000000e-01  3.14924067e-03 
 9.50000000e-01  3.14604970e-03 
 9.60000000e-01  3.14287151e-03 
 9.70000000e-01  3.13970614e-03 
 9.80000000e-01  3.13655366e-03 
 9.90000000e-01  3.13341408e-03 
 1.00000000e+00  3.13028740e-03 
 1.01000000e+00  3.12717357e-03 
 1.02000000e+00  3.12407258e-03 
 1.03000000e+00  3.12102074e-03 
 1.04000000e+00  3.11794653e-03 
 1.05000000e+00  3.11488534e-03 
 1.06000000e+00  3.11183664e-03 
 1.07000000e+00  3.10880051e-03 
 1.08000000e+00  3.10577686e-03 
 1.09000000e+00  3.10276564e-03 
 1.10000000e+00  3.09976677e-03 
 1.11000000e+00  3.09678017e-03 
 1.12000000e+00  3.09380576e-03 
 1.13000000e+00  3.09084348e-03 
 1.14000000e+00  3.08789323e-03 
 1.15000000e+00  3.08495495e-03 
 1.16000000e+00  3.08202857e-03 
 1.17000000e+00  3.07911399e-03 
 1.18000000e+00  3.07621116e-03 
 1.19000000e+00  3.07331999e-03 
 1.20000000e+00  3.07044041e-03 
 1.21000000e+00  3.06757237e-03 
 1.22000000e+00  3.06471580e-03 
 1.23000000e+00  3.06187066e-03 
 1.24000000e+00  3.05903692e-03 
 1.25000000e+00  3.05621456e-03 
 1.26000000e+00  3.05340362e-03 
 1.27000000e+00  3.05060414e-03 
 1.28000000e+00  3.04781627e-03 
 1.29000000e+00  3.04504019e-03 
 1.30000000e+00  3.04227620e-03 
 1.31000000e+00  3.03952471e-03 
 1.32000000e+00  3.03678628e-03 
 1.33000000e+00  3.03406168e-03 
 1.34000000e+00  3.03135188e-03 
 1.35000000e+00  3.02865813e-03 
 1.36000000e+00  3.02598202e-03 
 1.37000000e+00  3.02332551e-03 
 1.38000000e+00  3.02069102e-03 
 1.39000000e+00  3.01808144e-03 
 1.40000000e+00  3.01550031e-03 
 1.41000000e+00  3.01295177e-03 
 1.42000000e+00  3.01044073e-03 
 1.43000000e+00  3.00797292e-03 
 1.44000000e+00  3.00551100e-03 
 1.45000000e+00  3.00314882e-03 
 1.46000000e+00  3.00085335e-03 
 1.47000000e+00  2.99863365e-03 
 1.48000000e+00  2.99650102e-03 
 1.49000000e+00  2.99446788e-03 
 1.50000000e+00  2.99254796e-03 
 1.51000000e+00  2.99075646e-03 
 1.52000000e+00  2.98911003e-03 
 1.53000000e+00  2.98762680e-03 
 1.54000000e+00  2.98632645e-03 
 1.55000000e+00  2.98523013e-03 
 1.56000000e+00  2.98436052e-03 
 1.57000000e+00  2.98374175e-03 
 1.58000000e+00  2.98339936e-03 
 1.59000000e+00  2.98336021e-03 
 1.60000000e+00  2.98365240e-03 
