 v-sweep         ic             
 0.00000000e+00 -2.75089174e-05 
 1.00000000e-02  1.83713030e-05 
 2.00000000e-02  6.67990433e-05 
 3.00000000e-02  1.17212103e-04 
 4.00000000e-02  1.69038092e-04 
 5.00000000e-02  2.21710273e-04 
 6.00000000e-02  2.74677859e-04 
 7.00000000e-02  3.27412229e-04 
 8.00000000e-02  3.79410426e-04 
 9.00000000e-02  4.30197044e-04 
 1.00000000e-01  4.79325411e-04 
 1.10000000e-01  5.26378819e-04 
 1.20000000e-01  5.70972618e-04 
 1.30000000e-01  6.12757999e-04 
 1.40000000e-01  6.51428396e-04 
 1.50000000e-01  6.86729179e-04 
 1.60000000e-01  7.18470698e-04 
 1.70000000e-01  7.46543430e-04 
 1.80000000e-01  7.70932326e-04 
 1.90000000e-01  7.91725965e-04 
 2.00000000e-01  8.09115966e-04 
 2.10000000e-01  8.23383993e-04 
 2.20000000e-01  8.34877378e-04 
 2.30000000e-01  8.43978098e-04 
 2.40000000e-01  8.51071672e-04 
 2.50000000e-01  8.56521678e-04 
 2.60000000e-01  8.60652885e-04 
 2.70000000e-01  8.63743137e-04 
 2.80000000e-01  8.66022198e-04 
 2.90000000e-01  8.67675160e-04 
 3.00000000e-01  8.68848189e-04 
 3.10000000e-01  8.69655014e-04 
 3.20000000e-01  8.70183179e-04 
 3.30000000e-01  8.70499561e-04 
 3.40000000e-01  8.70654991e-04 
 3.50000000e-01  8.70687981e-04 
 3.60000000e-01  8.70627666e-04 
 3.70000000e-01  8.70496078e-04 
 3.80000000e-01  8.70309888e-04 
 3.90000000e-01  8.70081731e-04 
 4.00000000e-01  8.69821202e-04 
 4.10000000e-01  8.69535607e-04 
 4.20000000e-01  8.69230528e-04 
 4.30000000e-01  8.68910245e-04 
 4.40000000e-01  8.68578053e-04 
 4.50000000e-01  8.68236501e-04 
 4.60000000e-01  8.67887566e-04 
 4.70000000e-01  8.67532795e-04 
 4.80000000e-01  8.67173397e-04 
 4.90000000e-01  8.66810328e-04 
 5.00000000e-01  8.66444345e-04 
 5.10000000e-01  8.66076048e-04 
 5.20000000e-01  8.65705920e-04 
 5.30000000e-01  8.65334349e-04 
 5.40000000e-01  8.64961646e-04 
 5.50000000e-01  8.64588065e-04 
 5.60000000e-01  8.64213813e-04 
 5.70000000e-01  8.63839076e-04 
 5.80000000e-01  8.63464034e-04 
 5.90000000e-01  8.63088836e-04 
 6.00000000e-01  8.62713602e-04 
 6.10000000e-01  8.62338435e-04 
 6.20000000e-01  8.61963418e-04 
 6.30000000e-01  8.61588622e-04 
 6.40000000e-01  8.61214105e-04 
 6.50000000e-01  8.60839918e-04 
 6.60000000e-01  8.60466102e-04 
 6.70000000e-01  8.60092691e-04 
 6.80000000e-01  8.59719717e-04 
 6.90000000e-01  8.59347205e-04 
 7.00000000e-01  8.58975175e-04 
 7.10000000e-01  8.58603647e-04 
 7.20000000e-01  8.58232636e-04 
 7.30000000e-01  8.57862156e-04 
 7.40000000e-01  8.57492216e-04 
 7.50000000e-01  8.57122829e-04 
 7.60000000e-01  8.56754000e-04 
 7.70000000e-01  8.56385739e-04 
 7.80000000e-01  8.56018050e-04 
 7.90000000e-01  8.55650939e-04 
 8.00000000e-01  8.55284412e-04 
 8.10000000e-01  8.54918473e-04 
 8.20000000e-01  8.54553127e-04 
 8.30000000e-01  8.54188380e-04 
 8.40000000e-01  8.53824239e-04 
 8.50000000e-01  8.53460715e-04 
 8.60000000e-01  8.53097821e-04 
 8.70000000e-01  8.52735575e-04 
 8.80000000e-01  8.52374005e-04 
 8.90000000e-01  8.52013145e-04 
 9.00000000e-01  8.51653046e-04 
 9.10000000e-01  8.51293776e-04 
 9.20000000e-01  8.50935422e-04 
 9.30000000e-01  8.50578105e-04 
 9.40000000e-01  8.50221976e-04 
 9.50000000e-01  8.49867233e-04 
 9.60000000e-01  8.49514128e-04 
 9.70000000e-01  8.49162974e-04 
 9.80000000e-01  8.48814164e-04 
 9.90000000e-01  8.48468181e-04 
 1.00000000e+00  8.48125613e-04 
 1.01000000e+00  8.47787176e-04 
 1.02000000e+00  8.47453723e-04 
 1.03000000e+00  8.47126275e-04 
 1.04000000e+00  8.46806037e-04 
 1.05000000e+00  8.46494423e-04 
 1.06000000e+00  8.46193082e-04 
 1.07000000e+00  8.45903925e-04 
 1.08000000e+00  8.45629152e-04 
 1.09000000e+00  8.45371282e-04 
 1.10000000e+00  8.45133182e-04 
 1.11000000e+00  8.44918100e-04 
 1.12000000e+00  8.44729693e-04 
 1.13000000e+00  8.44572066e-04 
 1.14000000e+00  8.44449796e-04 
 1.15000000e+00  8.44367970e-04 
 1.16000000e+00  8.44332214e-04 
 1.17000000e+00  8.44348727e-04 
 1.18000000e+00  8.44424311e-04 
 1.19000000e+00  8.44566398e-04 
 1.20000000e+00  8.44783083e-04 
 1.21000000e+00  8.45083148e-04 
 1.22000000e+00  8.45476089e-04 
 1.23000000e+00  8.45972142e-04 
 1.24000000e+00  8.46582301e-04 
 1.25000000e+00  8.47318340e-04 
 1.26000000e+00  8.48192834e-04 
 1.27000000e+00  8.49219170e-04 
 1.28000000e+00  8.50411566e-04 
 1.29000000e+00  8.51785079e-04 
 1.30000000e+00  8.53355618e-04 
 1.31000000e+00  8.55139949e-04 
 1.32000000e+00  8.57155704e-04 
 1.33000000e+00  8.59416079e-04 
 1.34000000e+00  8.61950726e-04 
 1.35000000e+00  8.64774898e-04 
 1.36000000e+00  8.67909681e-04 
 1.37000000e+00  8.71377051e-04 
 1.38000000e+00  8.75199834e-04 
 1.39000000e+00  8.79401701e-04 
 1.40000000e+00  8.84007156e-04 
 1.41000000e+00  8.89041515e-04 
 1.42000000e+00  8.94530886e-04 
 1.43000000e+00  9.00502142e-04 
 1.44000000e+00  9.06982882e-04 
 1.45000000e+00  9.14001390e-04 
 1.46000000e+00  9.21586585e-04 
 1.47000000e+00  9.29767955e-04 
 1.48000000e+00  9.38575486e-04 
 1.49000000e+00  9.48039575e-04 
 1.50000000e+00  9.58190928e-04 
 1.51000000e+00  9.69060447e-04 
 1.52000000e+00  9.80679095e-04 
 1.53000000e+00  9.93077750e-04 
 1.54000000e+00  1.00628704e-03 
 1.55000000e+00  1.02033718e-03 
 1.56000000e+00  1.03525774e-03 
 1.57000000e+00  1.05107748e-03 
 1.58000000e+00  1.06782413e-03 
 1.59000000e+00  1.08552413e-03 
 1.60000000e+00  1.10420246e-03 
 0.00000000e+00 -3.88734755e-05 
 1.00000000e-02  2.34109556e-05 
 2.00000000e-02  8.79019531e-05 
 3.00000000e-02  1.54120422e-04 
 4.00000000e-02  2.21608271e-04 
 5.00000000e-02  2.89931525e-04 
 6.00000000e-02  3.58681505e-04 
 7.00000000e-02  4.27475007e-04 
 8.00000000e-02  4.95953999e-04 
 9.00000000e-02  5.63785202e-04 
 1.00000000e-01  6.30659649e-04 
 1.10000000e-01  6.96292217e-04 
 1.20000000e-01  7.60420979e-04 
 1.30000000e-01  8.22806206e-04 
 1.40000000e-01  8.83228791e-04 
 1.50000000e-01  9.41487975e-04 
 1.60000000e-01  9.97398348e-04 
 1.70000000e-01  1.05078626e-03 
 1.80000000e-01  1.10148608e-03 
 1.90000000e-01  1.14933681e-03 
 2.00000000e-01  1.19417999e-03 
 2.10000000e-01  1.23585988e-03 
 2.20000000e-01  1.27422689e-03 
 2.30000000e-01  1.30914547e-03 
 2.40000000e-01  1.34050652e-03 
 2.50000000e-01  1.36824412e-03 
 2.60000000e-01  1.39235408e-03 
 2.70000000e-01  1.41291058e-03 
 2.80000000e-01  1.43007559e-03 
 2.90000000e-01  1.44409693e-03 
 3.00000000e-01  1.45529310e-03 
 3.10000000e-01  1.46402792e-03 
 3.20000000e-01  1.47068066e-03 
 3.30000000e-01  1.47561847e-03 
 3.40000000e-01  1.47917598e-03 
 3.50000000e-01  1.48164362e-03 
 3.60000000e-01  1.48326385e-03 
 3.70000000e-01  1.48423299e-03 
 3.80000000e-01  1.48470641e-03 
 3.90000000e-01  1.48480484e-03 
 4.00000000e-01  1.48462095e-03 
 4.10000000e-01  1.48422518e-03 
 4.20000000e-01  1.48367073e-03 
 4.30000000e-01  1.48299761e-03 
 4.40000000e-01  1.48223579e-03 
 4.50000000e-01  1.48140775e-03 
 4.60000000e-01  1.48053030e-03 
 4.70000000e-01  1.47961602e-03 
 4.80000000e-01  1.47867437e-03 
 4.90000000e-01  1.47771242e-03 
 5.00000000e-01  1.47673552e-03 
 5.10000000e-01  1.47574770e-03 
 5.20000000e-01  1.47475200e-03 
 5.30000000e-01  1.47375074e-03 
 5.40000000e-01  1.47274569e-03 
 5.50000000e-01  1.47173820e-03 
 5.60000000e-01  1.47072930e-03 
 5.70000000e-01  1.46971979e-03 
 5.80000000e-01  1.46871030e-03 
 5.90000000e-01  1.46770130e-03 
 6.00000000e-01  1.46669316e-03 
 6.10000000e-01  1.46568619e-03 
 6.20000000e-01  1.46468061e-03 
 6.30000000e-01  1.46367661e-03 
 6.40000000e-01  1.46267431e-03 
 6.50000000e-01  1.46167385e-03 
 6.60000000e-01  1.46067530e-03 
 6.70000000e-01  1.45967879e-03 
 6.80000000e-01  1.45868443e-03 
 6.90000000e-01  1.45769229e-03 
 7.00000000e-01  1.45670245e-03 
 7.10000000e-01  1.45571496e-03 
 7.20000000e-01  1.45472986e-03 
 7.30000000e-01  1.45374720e-03 
 7.40000000e-01  1.45276698e-03 
 7.50000000e-01  1.45178925e-03 
 7.60000000e-01  1.45081401e-03 
 7.70000000e-01  1.44984127e-03 
 7.80000000e-01  1.44887105e-03 
 7.90000000e-01  1.44790336e-03 
 8.00000000e-01  1.44693818e-03 
 8.10000000e-01  1.44597554e-03 
 8.20000000e-01  1.44501542e-03 
 8.30000000e-01  1.44405783e-03 
 8.40000000e-01  1.44310276e-03 
 8.50000000e-01  1.44215021e-03 
 8.60000000e-01  1.44120018e-03 
 8.70000000e-01  1.44025266e-03 
 8.80000000e-01  1.43930764e-03 
 8.90000000e-01  1.43836512e-03 
 9.00000000e-01  1.43742510e-03 
 9.10000000e-01  1.43648757e-03 
 9.20000000e-01  1.43555252e-03 
 9.30000000e-01  1.43461996e-03 
 9.40000000e-01  1.43368002e-03 
 9.50000000e-01  1.43275210e-03 
 9.60000000e-01  1.43182671e-03 
 9.70000000e-01  1.43090383e-03 
 9.80000000e-01  1.42998350e-03 
 9.90000000e-01  1.42906578e-03 
 1.00000000e+00  1.42815074e-03 
 1.01000000e+00  1.42723848e-03 
 1.02000000e+00  1.42632915e-03 
 1.03000000e+00  1.42542293e-03 
 1.04000000e+00  1.42452007e-03 
 1.05000000e+00  1.42362088e-03 
 1.06000000e+00  1.42272577e-03 
 1.07000000e+00  1.42183523e-03 
 1.08000000e+00  1.42094990e-03 
 1.09000000e+00  1.42007053e-03 
 1.10000000e+00  1.41919807e-03 
 1.11000000e+00  1.41833364e-03 
 1.12000000e+00  1.41747859e-03 
 1.13000000e+00  1.41663452e-03 
 1.14000000e+00  1.41580332e-03 
 1.15000000e+00  1.41498718e-03 
 1.16000000e+00  1.41418868e-03 
 1.17000000e+00  1.41341075e-03 
 1.18000000e+00  1.41265679e-03 
 1.19000000e+00  1.41193066e-03 
 1.20000000e+00  1.41123674e-03 
 1.21000000e+00  1.41057996e-03 
 1.22000000e+00  1.40996586e-03 
 1.23000000e+00  1.40940062e-03 
 1.24000000e+00  1.40889109e-03 
 1.25000000e+00  1.40844487e-03 
 1.26000000e+00  1.40807029e-03 
 1.27000000e+00  1.40777651e-03 
 1.28000000e+00  1.40757349e-03 
 1.29000000e+00  1.40747207e-03 
 1.30000000e+00  1.40748397e-03 
 1.31000000e+00  1.40762180e-03 
 1.32000000e+00  1.40789912e-03 
 1.33000000e+00  1.40833042e-03 
 1.34000000e+00  1.40893112e-03 
 1.35000000e+00  1.40971760e-03 
 1.36000000e+00  1.41070717e-03 
 1.37000000e+00  1.41191808e-03 
 1.38000000e+00  1.41336949e-03 
 1.39000000e+00  1.41508144e-03 
 1.40000000e+00  1.41707484e-03 
 1.41000000e+00  1.41937144e-03 
 1.42000000e+00  1.42199377e-03 
 1.43000000e+00  1.42496511e-03 
 1.44000000e+00  1.42830941e-03 
 1.45000000e+00  1.43205129e-03 
 1.46000000e+00  1.43621594e-03 
 1.47000000e+00  1.44082906e-03 
 1.48000000e+00  1.44591679e-03 
 1.49000000e+00  1.45150567e-03 
 1.50000000e+00  1.45762253e-03 
 1.51000000e+00  1.46430798e-03 
 1.52000000e+00  1.47156246e-03 
 1.53000000e+00  1.47942641e-03 
 1.54000000e+00  1.48792692e-03 
 1.55000000e+00  1.49709108e-03 
 1.56000000e+00  1.50694571e-03 
 1.57000000e+00  1.51751732e-03 
 1.58000000e+00  1.52883196e-03 
 1.59000000e+00  1.54091517e-03 
 1.60000000e+00  1.55379186e-03 
 0.00000000e+00 -4.58428690e-05 
 1.00000000e-02  2.58832713e-05 
 2.00000000e-02  9.94901218e-05 
 3.00000000e-02  1.74571603e-04 
 4.00000000e-02  2.50745409e-04 
 5.00000000e-02  3.27652498e-04 
 6.00000000e-02  4.04956022e-04 
 7.00000000e-02  4.82340181e-04 
 8.00000000e-02  5.59509261e-04 
 9.00000000e-02  6.36186992e-04 
 1.00000000e-01  7.12116298e-04 
 1.10000000e-01  7.87059415e-04 
 1.20000000e-01  8.60798277e-04 
 1.30000000e-01  9.33135031e-04 
 1.40000000e-01  1.00389245e-03 
 1.50000000e-01  1.07291405e-03 
 1.60000000e-01  1.14006359e-03 
 1.70000000e-01  1.20522383e-03 
 1.80000000e-01  1.26829437e-03 
 1.90000000e-01  1.32918851e-03 
 2.00000000e-01  1.38782924e-03 
 2.10000000e-01  1.44414468e-03 
 2.20000000e-01  1.49806312e-03 
 2.30000000e-01  1.54950818e-03 
 2.40000000e-01  1.59839462e-03 
 2.50000000e-01  1.64462511e-03 
 2.60000000e-01  1.68808871e-03 
 2.70000000e-01  1.72866164e-03 
 2.80000000e-01  1.76621099e-03 
 2.90000000e-01  1.80060225e-03 
 3.00000000e-01  1.83171097e-03 
 3.10000000e-01  1.85943881e-03 
 3.20000000e-01  1.88373256e-03 
 3.30000000e-01  1.90460363e-03 
 3.40000000e-01  1.92214350e-03 
 3.50000000e-01  1.93653025e-03 
 3.60000000e-01  1.94802271e-03 
 3.70000000e-01  1.95694193e-03 
 3.80000000e-01  1.96364410e-03 
 3.90000000e-01  1.96849143e-03 
 4.00000000e-01  1.97182705e-03 
 4.10000000e-01  1.97395796e-03 
 4.20000000e-01  1.97514641e-03 
 4.30000000e-01  1.97560846e-03 
 4.40000000e-01  1.97551713e-03 
 4.50000000e-01  1.97500800e-03 
 4.60000000e-01  1.97418566e-03 
 4.70000000e-01  1.97312980e-03 
 4.80000000e-01  1.97190063e-03 
 4.90000000e-01  1.97054336e-03 
 5.00000000e-01  1.96909182e-03 
 5.10000000e-01  1.96757123e-03 
 5.20000000e-01  1.96600039e-03 
 5.30000000e-01  1.96439329e-03 
 5.40000000e-01  1.96276034e-03 
 5.50000000e-01  1.96110931e-03 
 5.60000000e-01  1.95944598e-03 
 5.70000000e-01  1.95777468e-03 
 5.80000000e-01  1.95609865e-03 
 5.90000000e-01  1.95442031e-03 
 6.00000000e-01  1.95274149e-03 
 6.10000000e-01  1.95106354e-03 
 6.20000000e-01  1.94938751e-03 
 6.30000000e-01  1.94771417e-03 
 6.40000000e-01  1.94604412e-03 
 6.50000000e-01  1.94437779e-03 
 6.60000000e-01  1.94271553e-03 
 6.70000000e-01  1.94105759e-03 
 6.80000000e-01  1.93940415e-03 
 6.90000000e-01  1.93775536e-03 
 7.00000000e-01  1.93611132e-03 
 7.10000000e-01  1.93447212e-03 
 7.20000000e-01  1.93283779e-03 
 7.30000000e-01  1.93120838e-03 
 7.40000000e-01  1.92957041e-03 
 7.50000000e-01  1.92795041e-03 
 7.60000000e-01  1.92633556e-03 
 7.70000000e-01  1.92472583e-03 
 7.80000000e-01  1.92312127e-03 
 7.90000000e-01  1.92152190e-03 
 8.00000000e-01  1.91992772e-03 
 8.10000000e-01  1.91833874e-03 
 8.20000000e-01  1.91675495e-03 
 8.30000000e-01  1.91517636e-03 
 8.40000000e-01  1.91360294e-03 
 8.50000000e-01  1.91203469e-03 
 8.60000000e-01  1.91047160e-03 
 8.70000000e-01  1.90891364e-03 
 8.80000000e-01  1.90736080e-03 
 8.90000000e-01  1.90581306e-03 
 9.00000000e-01  1.90427040e-03 
 9.10000000e-01  1.90273280e-03 
 9.20000000e-01  1.90120024e-03 
 9.30000000e-01  1.89967269e-03 
 9.40000000e-01  1.89815013e-03 
 9.50000000e-01  1.89663254e-03 
 9.60000000e-01  1.89511990e-03 
 9.70000000e-01  1.89361218e-03 
 9.80000000e-01  1.89210936e-03 
 9.90000000e-01  1.89061142e-03 
 1.00000000e+00  1.88911835e-03 
 1.01000000e+00  1.88763013e-03 
 1.02000000e+00  1.88614675e-03 
 1.03000000e+00  1.88466821e-03 
 1.04000000e+00  1.88319453e-03 
 1.05000000e+00  1.88172573e-03 
 1.06000000e+00  1.88026187e-03 
 1.07000000e+00  1.87880301e-03 
 1.08000000e+00  1.87734927e-03 
 1.09000000e+00  1.87590080e-03 
 1.10000000e+00  1.87445781e-03 
 1.11000000e+00  1.87302059e-03 
 1.12000000e+00  1.87158951e-03 
 1.13000000e+00  1.87016503e-03 
 1.14000000e+00  1.86874775e-03 
 1.15000000e+00  1.86733841e-03 
 1.16000000e+00  1.86593793e-03 
 1.17000000e+00  1.86454743e-03 
 1.18000000e+00  1.86316826e-03 
 1.19000000e+00  1.86180205e-03 
 1.20000000e+00  1.86045071e-03 
 1.21000000e+00  1.85911653e-03 
 1.22000000e+00  1.85780214e-03 
 1.23000000e+00  1.85651066e-03 
 1.24000000e+00  1.85524562e-03 
 1.25000000e+00  1.85401112e-03 
 1.26000000e+00  1.85281180e-03 
 1.27000000e+00  1.85165295e-03 
 1.28000000e+00  1.85054051e-03 
 1.29000000e+00  1.84948112e-03 
 1.30000000e+00  1.84848222e-03 
 1.31000000e+00  1.84755202e-03 
 1.32000000e+00  1.84671983e-03 
 1.33000000e+00  1.84595583e-03 
 1.34000000e+00  1.84529070e-03 
 1.35000000e+00  1.84473609e-03 
 1.36000000e+00  1.84430492e-03 
 1.37000000e+00  1.84401108e-03 
 1.38000000e+00  1.84386945e-03 
 1.39000000e+00  1.84389597e-03 
 1.40000000e+00  1.84410762e-03 
 1.41000000e+00  1.84452237e-03 
 1.42000000e+00  1.84515925e-03 
 1.43000000e+00  1.84603825e-03 
 1.44000000e+00  1.84718032e-03 
 1.45000000e+00  1.84860735e-03 
 1.46000000e+00  1.85034206e-03 
 1.47000000e+00  1.85240801e-03 
 1.48000000e+00  1.85482952e-03 
 1.49000000e+00  1.85763156e-03 
 1.50000000e+00  1.86083973e-03 
 1.51000000e+00  1.86448014e-03 
 1.52000000e+00  1.86857933e-03 
 1.53000000e+00  1.87316419e-03 
 1.54000000e+00  1.87826185e-03 
 1.55000000e+00  1.88389962e-03 
 1.56000000e+00  1.89010482e-03 
 1.57000000e+00  1.89690474e-03 
 1.58000000e+00  1.90432653e-03 
 1.59000000e+00  1.91239707e-03 
 1.60000000e+00  1.92114290e-03 
 0.00000000e+00 -5.08881502e-05 
 1.00000000e-02  2.73708690e-05 
 2.00000000e-02  1.07269251e-04 
 3.00000000e-02  1.88455526e-04 
 4.00000000e-02  2.70600156e-04 
 5.00000000e-02  3.53393860e-04 
 6.00000000e-02  4.36545882e-04 
 7.00000000e-02  5.19782454e-04 
 8.00000000e-02  6.02845576e-04 
 9.00000000e-02  6.85492203e-04 
 1.00000000e-01  7.67493878e-04 
 1.10000000e-01  8.48636805e-04 
 1.20000000e-01  9.28722334e-04 
 1.30000000e-01  1.00756779e-03 
 1.40000000e-01  1.08500748e-03 
 1.50000000e-01  1.16089384e-03 
 1.60000000e-01  1.23509831e-03 
 1.70000000e-01  1.30751195e-03 
 1.80000000e-01  1.37804546e-03 
 1.90000000e-01  1.44662834e-03 
 2.00000000e-01  1.51320725e-03 
 2.10000000e-01  1.57774341e-03 
 2.20000000e-01  1.64020910e-03 
 2.30000000e-01  1.70058363e-03 
 2.40000000e-01  1.75884868e-03 
 2.50000000e-01  1.81498370e-03 
 2.60000000e-01  1.86896138e-03 
 2.70000000e-01  1.92074348e-03 
 2.80000000e-01  1.97027742e-03 
 2.90000000e-01  2.01749363e-03 
 3.00000000e-01  2.06230396e-03 
 3.10000000e-01  2.10460150e-03 
 3.20000000e-01  2.14426209e-03 
 3.30000000e-01  2.18114807e-03 
 3.40000000e-01  2.21511499e-03 
 3.50000000e-01  2.24602182e-03 
 3.60000000e-01  2.27374504e-03 
 3.70000000e-01  2.29818847e-03 
 3.80000000e-01  2.31933265e-03 
 3.90000000e-01  2.33720870e-03 
 4.00000000e-01  2.35194733e-03 
 4.10000000e-01  2.36373617e-03 
 4.20000000e-01  2.37286302e-03 
 4.30000000e-01  2.37965685e-03 
 4.40000000e-01  2.38446857e-03 
 4.50000000e-01  2.38764355e-03 
 4.60000000e-01  2.38950031e-03 
 4.70000000e-01  2.39031758e-03 
 4.80000000e-01  2.39032927e-03 
 4.90000000e-01  2.38972535e-03 
 5.00000000e-01  2.38865623e-03 
 5.10000000e-01  2.38723874e-03 
 5.20000000e-01  2.38556236e-03 
 5.30000000e-01  2.38369489e-03 
 5.40000000e-01  2.38168731e-03 
 5.50000000e-01  2.37957776e-03 
 5.60000000e-01  2.37739468e-03 
 5.70000000e-01  2.37515921e-03 
 5.80000000e-01  2.37288703e-03 
 5.90000000e-01  2.37058980e-03 
 6.00000000e-01  2.36827615e-03 
 6.10000000e-01  2.36595250e-03 
 6.20000000e-01  2.36362360e-03 
 6.30000000e-01  2.36129299e-03 
 6.40000000e-01  2.35896329e-03 
 6.50000000e-01  2.35663645e-03 
 6.60000000e-01  2.35429670e-03 
 6.70000000e-01  2.35197852e-03 
 6.80000000e-01  2.34966657e-03 
 6.90000000e-01  2.34736133e-03 
 7.00000000e-01  2.34506326e-03 
 7.10000000e-01  2.34277268e-03 
 7.20000000e-01  2.34048982e-03 
 7.30000000e-01  2.33821483e-03 
 7.40000000e-01  2.33594783e-03 
 7.50000000e-01  2.33368889e-03 
 7.60000000e-01  2.33143805e-03 
 7.70000000e-01  2.32919534e-03 
 7.80000000e-01  2.32696074e-03 
 7.90000000e-01  2.32473427e-03 
 8.00000000e-01  2.32251594e-03 
 8.10000000e-01  2.32030581e-03 
 8.20000000e-01  2.31810390e-03 
 8.30000000e-01  2.31591021e-03 
 8.40000000e-01  2.31372475e-03 
 8.50000000e-01  2.31154749e-03 
 8.60000000e-01  2.30937843e-03 
 8.70000000e-01  2.30721753e-03 
 8.80000000e-01  2.30506477e-03 
 8.90000000e-01  2.30292012e-03 
 9.00000000e-01  2.30078353e-03 
 9.10000000e-01  2.29865498e-03 
 9.20000000e-01  2.29653443e-03 
 9.30000000e-01  2.29442183e-03 
 9.40000000e-01  2.29231713e-03 
 9.50000000e-01  2.29022031e-03 
 9.60000000e-01  2.28813132e-03 
 9.70000000e-01  2.28605010e-03 
 9.80000000e-01  2.28397662e-03 
 9.90000000e-01  2.28191084e-03 
 1.00000000e+00  2.27985270e-03 
 1.01000000e+00  2.27780217e-03 
 1.02000000e+00  2.27575920e-03 
 1.03000000e+00  2.27372374e-03 
 1.04000000e+00  2.27169577e-03 
 1.05000000e+00  2.26967522e-03 
 1.06000000e+00  2.26766208e-03 
 1.07000000e+00  2.26565631e-03 
 1.08000000e+00  2.26365789e-03 
 1.09000000e+00  2.26166679e-03 
 1.10000000e+00  2.25968304e-03 
 1.11000000e+00  2.25770663e-03 
 1.12000000e+00  2.25573763e-03 
 1.13000000e+00  2.25380153e-03 
 1.14000000e+00  2.25184836e-03 
 1.15000000e+00  2.24990320e-03 
 1.16000000e+00  2.24796599e-03 
 1.17000000e+00  2.24603716e-03 
 1.18000000e+00  2.24411714e-03 
 1.19000000e+00  2.24220649e-03 
 1.20000000e+00  2.24030592e-03 
 1.21000000e+00  2.23841632e-03 
 1.22000000e+00  2.23653879e-03 
 1.23000000e+00  2.23467465e-03 
 1.24000000e+00  2.23282553e-03 
 1.25000000e+00  2.23099336e-03 
 1.26000000e+00  2.22918043e-03 
 1.27000000e+00  2.22738945e-03 
 1.28000000e+00  2.22562358e-03 
 1.29000000e+00  2.22388648e-03 
 1.30000000e+00  2.22218238e-03 
 1.31000000e+00  2.22051609e-03 
 1.32000000e+00  2.21889314e-03 
 1.33000000e+00  2.21731972e-03 
 1.34000000e+00  2.21580283e-03 
 1.35000000e+00  2.21435028e-03 
 1.36000000e+00  2.21297076e-03 
 1.37000000e+00  2.21167389e-03 
 1.38000000e+00  2.21047026e-03 
 1.39000000e+00  2.20937144e-03 
 1.40000000e+00  2.20839009e-03 
 1.41000000e+00  2.20753990e-03 
 1.42000000e+00  2.20683568e-03 
 1.43000000e+00  2.20629333e-03 
 1.44000000e+00  2.20592988e-03 
 1.45000000e+00  2.20576345e-03 
 1.46000000e+00  2.20581327e-03 
 1.47000000e+00  2.20609964e-03 
 1.48000000e+00  2.20664389e-03 
 1.49000000e+00  2.20746837e-03 
 1.50000000e+00  2.20859634e-03 
 1.51000000e+00  2.21005198e-03 
 1.52000000e+00  2.21186024e-03 
 1.53000000e+00  2.21404682e-03 
 1.54000000e+00  2.21663806e-03 
 1.55000000e+00  2.21966083e-03 
 1.56000000e+00  2.22311296e-03 
 1.57000000e+00  2.22708034e-03 
 1.58000000e+00  2.23156240e-03 
 1.59000000e+00  2.23658684e-03 
 1.60000000e+00  2.24218176e-03 
 0.00000000e+00 -5.48575187e-05 
 1.00000000e-02  2.83546240e-05 
 2.00000000e-02  1.13024619e-04 
 3.00000000e-02  1.98842523e-04 
 4.00000000e-02  2.85517872e-04 
 5.00000000e-02  3.72777666e-04 
 6.00000000e-02  4.60364467e-04 
 7.00000000e-02  5.48034776e-04 
 8.00000000e-02  6.35557725e-04 
 9.00000000e-02  7.22714161e-04 
 1.00000000e-01  8.09296133e-04 
 1.10000000e-01  8.95106792e-04 
 1.20000000e-01  9.79960710e-04 
 1.30000000e-01  1.06368458e-03 
 1.40000000e-01  1.14611824e-03 
 1.50000000e-01  1.22711594e-03 
 1.60000000e-01  1.30654777e-03 
 1.70000000e-01  1.38430093e-03 
 1.80000000e-01  1.46028090e-03 
 1.90000000e-01  1.53441209e-03 
 2.00000000e-01  1.60663789e-03 
 2.10000000e-01  1.67691988e-03 
 2.20000000e-01  1.74523630e-03 
 2.30000000e-01  1.81157947e-03 
 2.40000000e-01  1.87595264e-03 
 2.50000000e-01  1.93836608e-03 
 2.60000000e-01  1.99883300e-03 
 2.70000000e-01  2.05736523e-03 
 2.80000000e-01  2.11396921e-03 
 2.90000000e-01  2.16864219e-03 
 3.00000000e-01  2.22136903e-03 
 3.10000000e-01  2.27211948e-03 
 3.20000000e-01  2.32084611e-03 
 3.30000000e-01  2.36748277e-03 
 3.40000000e-01  2.41194394e-03 
 3.50000000e-01  2.45412474e-03 
 3.60000000e-01  2.49389519e-03 
 3.70000000e-01  2.53112954e-03 
 3.80000000e-01  2.56567303e-03 
 3.90000000e-01  2.59737370e-03 
 4.00000000e-01  2.62608745e-03 
 4.10000000e-01  2.65169255e-03 
 4.20000000e-01  2.67410704e-03 
 4.30000000e-01  2.69330716e-03 
 4.40000000e-01  2.70934342e-03 
 4.50000000e-01  2.72234965e-03 
 4.60000000e-01  2.73254127e-03 
 4.70000000e-01  2.74020128e-03 
 4.80000000e-01  2.74565662e-03 
 4.90000000e-01  2.74926641e-03 
 5.00000000e-01  2.75133022e-03 
 5.10000000e-01  2.75216945e-03 
 5.20000000e-01  2.75204752e-03 
 5.30000000e-01  2.75118421e-03 
 5.40000000e-01  2.74975698e-03 
 5.50000000e-01  2.74790576e-03 
 5.60000000e-01  2.74573884e-03 
 5.70000000e-01  2.74333896e-03 
 5.80000000e-01  2.74076867e-03 
 5.90000000e-01  2.73807492e-03 
 6.00000000e-01  2.73529277e-03 
 6.10000000e-01  2.73244832e-03 
 6.20000000e-01  2.72956094e-03 
 6.30000000e-01  2.72662349e-03 
 6.40000000e-01  2.72368811e-03 
 6.50000000e-01  2.72074267e-03 
 6.60000000e-01  2.71779285e-03 
 6.70000000e-01  2.71484299e-03 
 6.80000000e-01  2.71189627e-03 
 6.90000000e-01  2.70895504e-03 
 7.00000000e-01  2.70602101e-03 
 7.10000000e-01  2.70309547e-03 
 7.20000000e-01  2.70017933e-03 
 7.30000000e-01  2.69727327e-03 
 7.40000000e-01  2.69437777e-03 
 7.50000000e-01  2.69149318e-03 
 7.60000000e-01  2.68861973e-03 
 7.70000000e-01  2.68575758e-03 
 7.80000000e-01  2.68290684e-03 
 7.90000000e-01  2.68006755e-03 
 8.00000000e-01  2.67723974e-03 
 8.10000000e-01  2.67442340e-03 
 8.20000000e-01  2.67161850e-03 
 8.30000000e-01  2.66882501e-03 
 8.40000000e-01  2.66604288e-03 
 8.50000000e-01  2.66327210e-03 
 8.60000000e-01  2.66051268e-03 
 8.70000000e-01  2.65776463e-03 
 8.80000000e-01  2.65502791e-03 
 8.90000000e-01  2.65230250e-03 
 9.00000000e-01  2.64958836e-03 
 9.10000000e-01  2.64688544e-03 
 9.20000000e-01  2.64419368e-03 
 9.30000000e-01  2.64151304e-03 
 9.40000000e-01  2.63884345e-03 
 9.50000000e-01  2.63618484e-03 
 9.60000000e-01  2.63353716e-03 
 9.70000000e-01  2.63090034e-03 
 9.80000000e-01  2.62827431e-03 
 9.90000000e-01  2.62565901e-03 
 1.00000000e+00  2.62305436e-03 
 1.01000000e+00  2.62049070e-03 
 1.02000000e+00  2.61790824e-03 
 1.03000000e+00  2.61533651e-03 
 1.04000000e+00  2.61277510e-03 
 1.05000000e+00  2.61022403e-03 
 1.06000000e+00  2.60768324e-03 
 1.07000000e+00  2.60515266e-03 
 1.08000000e+00  2.60263224e-03 
 1.09000000e+00  2.60012190e-03 
 1.10000000e+00  2.59762158e-03 
 1.11000000e+00  2.59513124e-03 
 1.12000000e+00  2.59265081e-03 
 1.13000000e+00  2.59018026e-03 
 1.14000000e+00  2.58771955e-03 
 1.15000000e+00  2.58526867e-03 
 1.16000000e+00  2.58282764e-03 
 1.17000000e+00  2.58039648e-03 
 1.18000000e+00  2.57797528e-03 
 1.19000000e+00  2.57556415e-03 
 1.20000000e+00  2.57316329e-03 
 1.21000000e+00  2.57077296e-03 
 1.22000000e+00  2.56839352e-03 
 1.23000000e+00  2.56602544e-03 
 1.24000000e+00  2.56366936e-03 
 1.25000000e+00  2.56132606e-03 
 1.26000000e+00  2.55899652e-03 
 1.27000000e+00  2.55668199e-03 
 1.28000000e+00  2.55438395e-03 
 1.29000000e+00  2.55210423e-03 
 1.30000000e+00  2.54984500e-03 
 1.31000000e+00  2.54760885e-03 
 1.32000000e+00  2.54539881e-03 
 1.33000000e+00  2.54321844e-03 
 1.34000000e+00  2.54107186e-03 
 1.35000000e+00  2.53896382e-03 
 1.36000000e+00  2.53689975e-03 
 1.37000000e+00  2.53488583e-03 
 1.38000000e+00  2.53292903e-03 
 1.39000000e+00  2.53103718e-03 
 1.40000000e+00  2.52921903e-03 
 1.41000000e+00  2.52748430e-03 
 1.42000000e+00  2.52580650e-03 
 1.43000000e+00  2.52427035e-03 
 1.44000000e+00  2.52285348e-03 
 1.45000000e+00  2.52156926e-03 
 1.46000000e+00  2.52043308e-03 
 1.47000000e+00  2.51946131e-03 
 1.48000000e+00  2.51867152e-03 
 1.49000000e+00  2.51808243e-03 
 1.50000000e+00  2.51771393e-03 
 1.51000000e+00  2.51758707e-03 
 1.52000000e+00  2.51772397e-03 
 1.53000000e+00  2.51814784e-03 
 1.54000000e+00  2.51888285e-03 
 1.55000000e+00  2.51995411e-03 
 1.56000000e+00  2.52138757e-03 
 1.57000000e+00  2.52320990e-03 
 1.58000000e+00  2.52544845e-03 
 1.59000000e+00  2.52813110e-03 
 1.60000000e+00  2.53128612e-03 
 0.00000000e+00 -5.81395071e-05 
 1.00000000e-02  2.90378424e-05 
 2.00000000e-02  1.17531848e-04 
 3.00000000e-02  2.07065091e-04 
 4.00000000e-02  2.97377377e-04 
 5.00000000e-02  3.88223671e-04 
 6.00000000e-02  4.79372224e-04 
 7.00000000e-02  5.70602961e-04 
 8.00000000e-02  6.61706185e-04 
 9.00000000e-02  7.52481601e-04 
 1.00000000e-01  8.42737700e-04 
 1.10000000e-01  9.32291502e-04 
 1.20000000e-01  1.02096867e-03 
 1.30000000e-01  1.10860398e-03 
 1.40000000e-01  1.19504218e-03 
 1.50000000e-01  1.28013909e-03 
 1.60000000e-01  1.36376299e-03 
 1.70000000e-01  1.44579618e-03 
 1.80000000e-01  1.52613647e-03 
 1.90000000e-01  1.60469858e-03 
 2.00000000e-01  1.68141519e-03 
 2.10000000e-01  1.75623745e-03 
 2.20000000e-01  1.82913484e-03 
 2.30000000e-01  1.90009417e-03 
 2.40000000e-01  1.96911782e-03 
 2.50000000e-01  2.03622113e-03 
 2.60000000e-01  2.10142918e-03 
 2.70000000e-01  2.16477308e-03 
 2.80000000e-01  2.22628613e-03 
 2.90000000e-01  2.28599988e-03 
 3.00000000e-01  2.34394058e-03 
 3.10000000e-01  2.40012593e-03 
 3.20000000e-01  2.45456230e-03 
 3.30000000e-01  2.50724246e-03 
 3.40000000e-01  2.55814385e-03 
 3.50000000e-01  2.60722712e-03 
 3.60000000e-01  2.65443524e-03 
 3.70000000e-01  2.69968545e-03 
 3.80000000e-01  2.74289746e-03 
 3.90000000e-01  2.78395336e-03 
 4.00000000e-01  2.82272481e-03 
 4.10000000e-01  2.85906933e-03 
 4.20000000e-01  2.89283467e-03 
 4.30000000e-01  2.92386547e-03 
 4.40000000e-01  2.95201297e-03 
 4.50000000e-01  2.97714815e-03 
 4.60000000e-01  2.99917779e-03 
 4.70000000e-01  3.01806217e-03 
 4.80000000e-01  3.03383121e-03 
 4.90000000e-01  3.04659511e-03 
 5.00000000e-01  3.05654532e-03 
 5.10000000e-01  3.06394374e-03 
 5.20000000e-01  3.06910167e-03 
 5.30000000e-01  3.07235306e-03 
 5.40000000e-01  3.07402830e-03 
 5.50000000e-01  3.07443349e-03 
 5.60000000e-01  3.07383753e-03 
 5.70000000e-01  3.07246680e-03 
 5.80000000e-01  3.07052924e-03 
 5.90000000e-01  3.06812378e-03 
 6.00000000e-01  3.06538877e-03 
 6.10000000e-01  3.06238496e-03 
 6.20000000e-01  3.05922833e-03 
 6.30000000e-01  3.05594426e-03 
 6.40000000e-01  3.05256972e-03 
 6.50000000e-01  3.04913240e-03 
 6.60000000e-01  3.04565284e-03 
 6.70000000e-01  3.04214624e-03 
 6.80000000e-01  3.03862387e-03 
 6.90000000e-01  3.03509402e-03 
 7.00000000e-01  3.03156283e-03 
 7.10000000e-01  3.02803481e-03 
 7.20000000e-01  3.02451329e-03 
 7.30000000e-01  3.02100071e-03 
 7.40000000e-01  3.01749884e-03 
 7.50000000e-01  3.01400900e-03 
 7.60000000e-01  3.01053210e-03 
 7.70000000e-01  3.00706884e-03 
 7.80000000e-01  3.00361966e-03 
 7.90000000e-01  3.00018491e-03 
 8.00000000e-01  2.99676478e-03 
 8.10000000e-01  2.99335940e-03 
 8.20000000e-01  2.98996885e-03 
 8.30000000e-01  2.98659314e-03 
 8.40000000e-01  2.98323226e-03 
 8.50000000e-01  2.97988616e-03 
 8.60000000e-01  2.97655479e-03 
 8.70000000e-01  2.97323808e-03 
 8.80000000e-01  2.96993593e-03 
 8.90000000e-01  2.96664828e-03 
 9.00000000e-01  2.96337511e-03 
 9.10000000e-01  2.96011639e-03 
 9.20000000e-01  2.95687207e-03 
 9.30000000e-01  2.95367649e-03 
 9.40000000e-01  2.95046225e-03 
 9.50000000e-01  2.94726256e-03 
 9.60000000e-01  2.94407693e-03 
 9.70000000e-01  2.94090540e-03 
 9.80000000e-01  2.93774788e-03 
 9.90000000e-01  2.93460428e-03 
 1.00000000e+00  2.93147452e-03 
 1.01000000e+00  2.92835850e-03 
 1.02000000e+00  2.92525613e-03 
 1.03000000e+00  2.92216731e-03 
 1.04000000e+00  2.91909196e-03 
 1.05000000e+00  2.91602998e-03 
 1.06000000e+00  2.91298128e-03 
 1.07000000e+00  2.90994576e-03 
 1.08000000e+00  2.90692333e-03 
 1.09000000e+00  2.90391390e-03 
 1.10000000e+00  2.90091738e-03 
 1.11000000e+00  2.89793368e-03 
 1.12000000e+00  2.89496270e-03 
 1.13000000e+00  2.89200436e-03 
 1.14000000e+00  2.88905858e-03 
 1.15000000e+00  2.88612528e-03 
 1.16000000e+00  2.88320438e-03 
 1.17000000e+00  2.88029581e-03 
 1.18000000e+00  2.87739953e-03 
 1.19000000e+00  2.87451549e-03 
 1.20000000e+00  2.87164368e-03 
 1.21000000e+00  2.86878412e-03 
 1.22000000e+00  2.86593684e-03 
 1.23000000e+00  2.86310196e-03 
 1.24000000e+00  2.86027963e-03 
 1.25000000e+00  2.85747010e-03 
 1.26000000e+00  2.85467372e-03 
 1.27000000e+00  2.85189093e-03 
 1.28000000e+00  2.84912237e-03 
 1.29000000e+00  2.84632703e-03 
 1.30000000e+00  2.84358769e-03 
 1.31000000e+00  2.84086607e-03 
 1.32000000e+00  2.83816295e-03 
 1.33000000e+00  2.83548040e-03 
 1.34000000e+00  2.83282066e-03 
 1.35000000e+00  2.83018639e-03 
 1.36000000e+00  2.82758075e-03 
 1.37000000e+00  2.82500742e-03 
 1.38000000e+00  2.82247069e-03 
 1.39000000e+00  2.81997552e-03 
 1.40000000e+00  2.81752760e-03 
 1.41000000e+00  2.81513338e-03 
 1.42000000e+00  2.81280021e-03 
 1.43000000e+00  2.81053631e-03 
 1.44000000e+00  2.80835090e-03 
 1.45000000e+00  2.80625423e-03 
 1.46000000e+00  2.80425763e-03 
 1.47000000e+00  2.80237356e-03 
 1.48000000e+00  2.80061566e-03 
 1.49000000e+00  2.79899876e-03 
 1.50000000e+00  2.79753894e-03 
 1.51000000e+00  2.79625350e-03 
 1.52000000e+00  2.79516100e-03 
 1.53000000e+00  2.79428124e-03 
 1.54000000e+00  2.79363524e-03 
 1.55000000e+00  2.79324520e-03 
 1.56000000e+00  2.79313446e-03 
 1.57000000e+00  2.79332744e-03 
 1.58000000e+00  2.79384958e-03 
 1.59000000e+00  2.79472723e-03 
 1.60000000e+00  2.79598757e-03 
 0.00000000e+00 -6.09441463e-05 
 1.00000000e-02  2.95239158e-05 
 2.00000000e-02  1.21195404e-04 
 3.00000000e-02  2.13819065e-04 
 4.00000000e-02  3.07158939e-04 
 5.00000000e-02  4.00992374e-04 
 6.00000000e-02  4.95108228e-04 
 7.00000000e-02  5.89305342e-04 
 8.00000000e-02  6.83391268e-04 
 9.00000000e-02  7.77181292e-04 
 1.00000000e-01  8.70497749e-04 
 1.10000000e-01  9.63169647e-04 
 1.20000000e-01  1.05503261e-03 
 1.30000000e-01  1.14592914e-03 
 1.40000000e-01  1.23570922e-03 
 1.50000000e-01  1.32423122e-03 
 1.60000000e-01  1.41136312e-03 
 1.70000000e-01  1.49698389e-03 
 1.80000000e-01  1.58098513e-03 
 1.90000000e-01  1.66327265e-03 
 2.00000000e-01  1.74376805e-03 
 2.10000000e-01  1.82240991e-03 
 2.20000000e-01  1.89915465e-03 
 2.30000000e-01  1.97397672e-03 
 2.40000000e-01  2.04686804e-03 
 2.50000000e-01  2.11783674e-03 
 2.60000000e-01  2.18690498e-03 
 2.70000000e-01  2.25410625e-03 
 2.80000000e-01  2.31948195e-03 
 2.90000000e-01  2.38307792e-03 
 3.00000000e-01  2.44494068e-03 
 3.10000000e-01  2.50511399e-03 
 3.20000000e-01  2.56363570e-03 
 3.30000000e-01  2.62053494e-03 
 3.40000000e-01  2.67582997e-03 
 3.50000000e-01  2.72952632e-03 
 3.60000000e-01  2.78161546e-03 
 3.70000000e-01  2.83207374e-03 
 3.80000000e-01  2.88085380e-03 
 3.90000000e-01  2.92791400e-03 
 4.00000000e-01  2.97317509e-03 
 4.10000000e-01  3.01654758e-03 
 4.20000000e-01  3.05792537e-03 
 4.30000000e-01  3.09718649e-03 
 4.40000000e-01  3.13419465e-03 
 4.50000000e-01  3.16880200e-03 
 4.60000000e-01  3.20085376e-03 
 4.70000000e-01  3.23019512e-03 
 4.80000000e-01  3.25668119e-03 
 4.90000000e-01  3.28019015e-03 
 5.00000000e-01  3.30063905e-03 
 5.10000000e-01  3.31800070e-03 
 5.20000000e-01  3.33231841e-03 
 5.30000000e-01  3.34371474e-03 
 5.40000000e-01  3.35239040e-03 
 5.50000000e-01  3.35861188e-03 
 5.60000000e-01  3.36268967e-03 
 5.70000000e-01  3.36495201e-03 
 5.80000000e-01  3.36572001e-03 
 5.90000000e-01  3.36528855e-03 
 6.00000000e-01  3.36391495e-03 
 6.10000000e-01  3.36181472e-03 
 6.20000000e-01  3.35916265e-03 
 6.30000000e-01  3.35609703e-03 
 6.40000000e-01  3.35272522e-03 
 6.50000000e-01  3.34912938e-03 
 6.60000000e-01  3.34537173e-03 
 6.70000000e-01  3.34149902e-03 
 6.80000000e-01  3.33754618e-03 
 6.90000000e-01  3.33353923e-03 
 7.00000000e-01  3.32949744e-03 
 7.10000000e-01  3.32543508e-03 
 7.20000000e-01  3.32136272e-03 
 7.30000000e-01  3.31728811e-03 
 7.40000000e-01  3.31321700e-03 
 7.50000000e-01  3.30915358e-03 
 7.60000000e-01  3.30510095e-03 
 7.70000000e-01  3.30106134e-03 
 7.80000000e-01  3.29703639e-03 
 7.90000000e-01  3.29302728e-03 
 8.00000000e-01  3.28903484e-03 
 8.10000000e-01  3.28505964e-03 
 8.20000000e-01  3.28110209e-03 
 8.30000000e-01  3.27716243e-03 
 8.40000000e-01  3.27324082e-03 
 8.50000000e-01  3.26933733e-03 
 8.60000000e-01  3.26545198e-03 
 8.70000000e-01  3.26158474e-03 
 8.80000000e-01  3.25777397e-03 
 8.90000000e-01  3.25394461e-03 
 9.00000000e-01  3.25013350e-03 
 9.10000000e-01  3.24634009e-03 
 9.20000000e-01  3.24256437e-03 
 9.30000000e-01  3.23880625e-03 
 9.40000000e-01  3.23506566e-03 
 9.50000000e-01  3.23134257e-03 
 9.60000000e-01  3.22763689e-03 
 9.70000000e-01  3.22394854e-03 
 9.80000000e-01  3.22027744e-03 
 9.90000000e-01  3.21662347e-03 
 1.00000000e+00  3.21298654e-03 
 1.01000000e+00  3.20936653e-03 
 1.02000000e+00  3.20576332e-03 
 1.03000000e+00  3.20217681e-03 
 1.04000000e+00  3.19860686e-03 
 1.05000000e+00  3.19505338e-03 
 1.06000000e+00  3.19151623e-03 
 1.07000000e+00  3.18799529e-03 
 1.08000000e+00  3.18449046e-03 
 1.09000000e+00  3.18100160e-03 
 1.10000000e+00  3.17752861e-03 
 1.11000000e+00  3.17407136e-03 
 1.12000000e+00  3.17062974e-03 
 1.13000000e+00  3.16720362e-03 
 1.14000000e+00  3.16379290e-03 
 1.15000000e+00  3.16039746e-03 
 1.16000000e+00  3.15701719e-03 
 1.17000000e+00  3.15365197e-03 
 1.18000000e+00  3.15030171e-03 
 1.19000000e+00  3.14696630e-03 
 1.20000000e+00  3.14359830e-03 
 1.21000000e+00  3.14029014e-03 
 1.22000000e+00  3.13699713e-03 
 1.23000000e+00  3.13371837e-03 
 1.24000000e+00  3.13045406e-03 
 1.25000000e+00  3.12720422e-03 
 1.26000000e+00  3.12396890e-03 
 1.27000000e+00  3.12074818e-03 
 1.28000000e+00  3.11754225e-03 
 1.29000000e+00  3.11435135e-03 
 1.30000000e+00  3.11117586e-03 
 1.31000000e+00  3.10801627e-03 
 1.32000000e+00  3.10487325e-03 
 1.33000000e+00  3.10174766e-03 
 1.34000000e+00  3.09864057e-03 
 1.35000000e+00  3.09555336e-03 
 1.36000000e+00  3.09248770e-03 
 1.37000000e+00  3.08944563e-03 
 1.38000000e+00  3.08642961e-03 
 1.39000000e+00  3.08344256e-03 
 1.40000000e+00  3.08048795e-03 
 1.41000000e+00  3.07756984e-03 
 1.42000000e+00  3.07469295e-03 
 1.43000000e+00  3.07186271e-03 
 1.44000000e+00  3.06908536e-03 
 1.45000000e+00  3.06636800e-03 
 1.46000000e+00  3.06371865e-03 
 1.47000000e+00  3.06114634e-03 
 1.48000000e+00  3.05866114e-03 
 1.49000000e+00  3.05627424e-03 
 1.50000000e+00  3.05405024e-03 
 1.51000000e+00  3.05189949e-03 
 1.52000000e+00  3.04988861e-03 
 1.53000000e+00  3.04803253e-03 
 1.54000000e+00  3.04634902e-03 
 1.55000000e+00  3.04485676e-03 
 1.56000000e+00  3.04357576e-03 
 1.57000000e+00  3.04252731e-03 
 1.58000000e+00  3.04173395e-03 
 1.59000000e+00  3.04121942e-03 
 1.60000000e+00  3.04100862e-03 
 0.00000000e+00 -6.33978513e-05 
 1.00000000e-02  2.98720371e-05 
 2.00000000e-02  1.24252248e-04 
 3.00000000e-02  2.19513047e-04 
 4.00000000e-02  3.15438379e-04 
 5.00000000e-02  4.11823987e-04 
 6.00000000e-02  5.08475736e-04 
 7.00000000e-02  6.05208161e-04 
 8.00000000e-02  7.01843263e-04 
 9.00000000e-02  7.98209535e-04 
 1.00000000e-01  8.94141253e-04 
 1.10000000e-01  9.89478012e-04 
 1.20000000e-01  1.08406454e-03 
 1.30000000e-01  1.17775080e-03 
 1.40000000e-01  1.27039236e-03 
 1.50000000e-01  1.36185108e-03 
 1.60000000e-01  1.45199609e-03 
 1.70000000e-01  1.54070501e-03 
 1.80000000e-01  1.62786541e-03 
 1.90000000e-01  1.71337643e-03 
 2.00000000e-01  1.79715045e-03 
 2.10000000e-01  1.87911468e-03 
 2.20000000e-01  1.95921253e-03 
 2.30000000e-01  2.03740458e-03 
 2.40000000e-01  2.11366905e-03 
 2.50000000e-01  2.18800153e-03 
 2.60000000e-01  2.26041397e-03 
 2.70000000e-01  2.33093295e-03 
 2.80000000e-01  2.39959723e-03 
 2.90000000e-01  2.46645472e-03 
 3.00000000e-01  2.53155911e-03 
 3.10000000e-01  2.59496647e-03 
 3.20000000e-01  2.65673177e-03 
 3.30000000e-01  2.71690585e-03 
 3.40000000e-01  2.77553268e-03 
 3.50000000e-01  2.83264713e-03 
 3.60000000e-01  2.88827323e-03 
 3.70000000e-01  2.94242284e-03 
 3.80000000e-01  2.99509466e-03 
 3.90000000e-01  3.04626520e-03 
 4.00000000e-01  3.09592023e-03 
 4.10000000e-01  3.14400854e-03 
 4.20000000e-01  3.19047103e-03 
 4.30000000e-01  3.23523346e-03 
 4.40000000e-01  3.27820637e-03 
 4.50000000e-01  3.31928518e-03 
 4.60000000e-01  3.35835076e-03 
 4.70000000e-01  3.39527042e-03 
 4.80000000e-01  3.42990008e-03 
 4.90000000e-01  3.46208775e-03 
 5.00000000e-01  3.49167908e-03 
 5.10000000e-01  3.51852547e-03 
 5.20000000e-01  3.54249527e-03 
 5.30000000e-01  3.56348776e-03 
 5.40000000e-01  3.58144913e-03 
 5.50000000e-01  3.59638799e-03 
 5.60000000e-01  3.60838703e-03 
 5.70000000e-01  3.61760683e-03 
 5.80000000e-01  3.62427921e-03 
 5.90000000e-01  3.62869028e-03 
 6.00000000e-01  3.63115640e-03 
 6.10000000e-01  3.63199873e-03 
 6.20000000e-01  3.63152143e-03 
 6.30000000e-01  3.62999668e-03 
 6.40000000e-01  3.62765716e-03 
 6.50000000e-01  3.62469469e-03 
 6.60000000e-01  3.62126296e-03 
 6.70000000e-01  3.61748249e-03 
 6.80000000e-01  3.61344619e-03 
 6.90000000e-01  3.60922485e-03 
 7.00000000e-01  3.60487188e-03 
 7.10000000e-01  3.60042730e-03 
 7.20000000e-01  3.59592098e-03 
 7.30000000e-01  3.59137511e-03 
 7.40000000e-01  3.58680612e-03 
 7.50000000e-01  3.58222617e-03 
 7.60000000e-01  3.57764423e-03 
 7.70000000e-01  3.57306688e-03 
 7.80000000e-01  3.56849898e-03 
 7.90000000e-01  3.56394407e-03 
 8.00000000e-01  3.55940472e-03 
 8.10000000e-01  3.55488281e-03 
 8.20000000e-01  3.55037966e-03 
 8.30000000e-01  3.54589623e-03 
 8.40000000e-01  3.54143317e-03 
 8.50000000e-01  3.53699091e-03 
 8.60000000e-01  3.53261505e-03 
 8.70000000e-01  3.52821752e-03 
 8.80000000e-01  3.52384182e-03 
 8.90000000e-01  3.51948734e-03 
 9.00000000e-01  3.51515423e-03 
 9.10000000e-01  3.51084240e-03 
 9.20000000e-01  3.50655174e-03 
 9.30000000e-01  3.50228212e-03 
 9.40000000e-01  3.49803341e-03 
 9.50000000e-01  3.49380545e-03 
 9.60000000e-01  3.48959808e-03 
 9.70000000e-01  3.48541117e-03 
 9.80000000e-01  3.48124465e-03 
 9.90000000e-01  3.47709845e-03 
 1.00000000e+00  3.47297244e-03 
 1.01000000e+00  3.46886653e-03 
 1.02000000e+00  3.46478059e-03 
 1.03000000e+00  3.46071447e-03 
 1.04000000e+00  3.45666806e-03 
 1.05000000e+00  3.45264121e-03 
 1.06000000e+00  3.44863377e-03 
 1.07000000e+00  3.44464561e-03 
 1.08000000e+00  3.44067658e-03 
 1.09000000e+00  3.43672653e-03 
 1.10000000e+00  3.43279532e-03 
 1.11000000e+00  3.42888282e-03 
 1.12000000e+00  3.42498886e-03 
 1.13000000e+00  3.42106144e-03 
 1.14000000e+00  3.41720156e-03 
 1.15000000e+00  3.41336040e-03 
 1.16000000e+00  3.40953688e-03 
 1.17000000e+00  3.40573115e-03 
 1.18000000e+00  3.40194305e-03 
 1.19000000e+00  3.39817246e-03 
 1.20000000e+00  3.39441924e-03 
 1.21000000e+00  3.39068326e-03 
 1.22000000e+00  3.38696439e-03 
 1.23000000e+00  3.38326252e-03 
 1.24000000e+00  3.37957752e-03 
 1.25000000e+00  3.37590930e-03 
 1.26000000e+00  3.37225777e-03 
 1.27000000e+00  3.36862287e-03 
 1.28000000e+00  3.36500458e-03 
 1.29000000e+00  3.36140289e-03 
 1.30000000e+00  3.35781786e-03 
 1.31000000e+00  3.35424962e-03 
 1.32000000e+00  3.35069838e-03 
 1.33000000e+00  3.34716444e-03 
 1.34000000e+00  3.34364825e-03 
 1.35000000e+00  3.34015041e-03 
 1.36000000e+00  3.33667171e-03 
 1.37000000e+00  3.33321316e-03 
 1.38000000e+00  3.32977604e-03 
 1.39000000e+00  3.32636196e-03 
 1.40000000e+00  3.32297287e-03 
 1.41000000e+00  3.31966993e-03 
 1.42000000e+00  3.31634002e-03 
 1.43000000e+00  3.31304476e-03 
 1.44000000e+00  3.30978675e-03 
 1.45000000e+00  3.30657109e-03 
 1.46000000e+00  3.30340318e-03 
 1.47000000e+00  3.30028925e-03 
 1.48000000e+00  3.29723641e-03 
 1.49000000e+00  3.29425271e-03 
 1.50000000e+00  3.29134724e-03 
 1.51000000e+00  3.28853018e-03 
 1.52000000e+00  3.28581286e-03 
 1.53000000e+00  3.28320783e-03 
 1.54000000e+00  3.28072889e-03 
 1.55000000e+00  3.27839114e-03 
 1.56000000e+00  3.27621104e-03 
 1.57000000e+00  3.27420637e-03 
 1.58000000e+00  3.27239631e-03 
 1.59000000e+00  3.27080137e-03 
 1.60000000e+00  3.26944342e-03 
