 v-sweep         ic             
 0.00000000e+00 -4.87895347e-05 
 1.00000000e-02  1.97985067e-05 
 2.00000000e-02  8.82465798e-05 
 3.00000000e-02  1.56269211e-04 
 4.00000000e-02  2.23621353e-04 
 5.00000000e-02  2.90095058e-04 
 6.00000000e-02  3.55516090e-04 
 7.00000000e-02  4.19739804e-04 
 8.00000000e-02  4.82645741e-04 
 9.00000000e-02  5.44130671e-04 
 1.00000000e-01  6.04100071e-04 
 1.10000000e-01  6.62458318e-04 
 1.20000000e-01  7.19097962e-04 
 1.30000000e-01  7.73888457e-04 
 1.40000000e-01  8.26664651e-04 
 1.50000000e-01  8.77215285e-04 
 1.60000000e-01  9.25271996e-04 
 1.70000000e-01  9.70500135e-04 
 1.80000000e-01  1.01249444e-03 
 1.90000000e-01  1.05078571e-03 
 2.00000000e-01  1.08486865e-03 
 2.10000000e-01  1.11426375e-03 
 2.20000000e-01  1.13862007e-03 
 2.30000000e-01  1.15784182e-03 
 2.40000000e-01  1.17218415e-03 
 2.50000000e-01  1.18224883e-03 
 2.60000000e-01  1.18886024e-03 
 2.70000000e-01  1.19288530e-03 
 2.80000000e-01  1.19508840e-03 
 2.90000000e-01  1.19606538e-03 
 3.00000000e-01  1.19624295e-03 
 3.10000000e-01  1.19591001e-03 
 3.20000000e-01  1.19525528e-03 
 3.30000000e-01  1.19439936e-03 
 3.40000000e-01  1.19341840e-03 
 3.50000000e-01  1.19236015e-03 
 3.60000000e-01  1.19125451e-03 
 3.70000000e-01  1.19012019e-03 
 3.80000000e-01  1.18896898e-03 
 3.90000000e-01  1.18780831e-03 
 4.00000000e-01  1.18664288e-03 
 4.10000000e-01  1.18547572e-03 
 4.20000000e-01  1.18430878e-03 
 4.30000000e-01  1.18314332e-03 
 4.40000000e-01  1.18198018e-03 
 4.50000000e-01  1.18081991e-03 
 4.60000000e-01  1.17966287e-03 
 4.70000000e-01  1.17850930e-03 
 4.80000000e-01  1.17735938e-03 
 4.90000000e-01  1.17621320e-03 
 5.00000000e-01  1.17507085e-03 
 5.10000000e-01  1.17393236e-03 
 5.20000000e-01  1.17279776e-03 
 5.30000000e-01  1.17166708e-03 
 5.40000000e-01  1.17054033e-03 
 5.50000000e-01  1.16941754e-03 
 5.60000000e-01  1.16829871e-03 
 5.70000000e-01  1.16718383e-03 
 5.80000000e-01  1.16607290e-03 
 5.90000000e-01  1.16496591e-03 
 6.00000000e-01  1.16386284e-03 
 6.10000000e-01  1.16276370e-03 
 6.20000000e-01  1.16166845e-03 
 6.30000000e-01  1.16056935e-03 
 6.40000000e-01  1.15948144e-03 
 6.50000000e-01  1.15839738e-03 
 6.60000000e-01  1.15731713e-03 
 6.70000000e-01  1.15624067e-03 
 6.80000000e-01  1.15516800e-03 
 6.90000000e-01  1.15409908e-03 
 7.00000000e-01  1.15303390e-03 
 7.10000000e-01  1.15197244e-03 
 7.20000000e-01  1.15091467e-03 
 7.30000000e-01  1.14986058e-03 
 7.40000000e-01  1.14881015e-03 
 7.50000000e-01  1.14776335e-03 
 7.60000000e-01  1.14672017e-03 
 7.70000000e-01  1.14568058e-03 
 7.80000000e-01  1.14464457e-03 
 7.90000000e-01  1.14361211e-03 
 8.00000000e-01  1.14258319e-03 
 8.10000000e-01  1.14155778e-03 
 8.20000000e-01  1.14053588e-03 
 8.30000000e-01  1.13951745e-03 
 8.40000000e-01  1.13850249e-03 
 8.50000000e-01  1.13749099e-03 
 8.60000000e-01  1.13648292e-03 
 8.70000000e-01  1.13547828e-03 
 8.80000000e-01  1.13447708e-03 
 8.90000000e-01  1.13347930e-03 
 9.00000000e-01  1.13248496e-03 
 9.10000000e-01  1.13149406e-03 
 9.20000000e-01  1.13050665e-03 
 9.30000000e-01  1.12952275e-03 
 9.40000000e-01  1.12854243e-03 
 9.50000000e-01  1.12756575e-03 
 9.60000000e-01  1.12659280e-03 
 9.70000000e-01  1.12562371e-03 
 9.80000000e-01  1.12465864e-03 
 9.90000000e-01  1.12369776e-03 
 1.00000000e+00  1.12274131e-03 
 1.01000000e+00  1.12178958e-03 
 1.02000000e+00  1.12084288e-03 
 1.03000000e+00  1.11990163e-03 
 1.04000000e+00  1.11896630e-03 
 1.05000000e+00  1.11803744e-03 
 1.06000000e+00  1.11711569e-03 
 1.07000000e+00  1.11620181e-03 
 1.08000000e+00  1.11529667e-03 
 1.09000000e+00  1.11440124e-03 
 1.10000000e+00  1.11351667e-03 
 1.11000000e+00  1.11264424e-03 
 1.12000000e+00  1.11178540e-03 
 1.13000000e+00  1.11094179e-03 
 1.14000000e+00  1.11011523e-03 
 1.15000000e+00  1.10930778e-03 
 1.16000000e+00  1.10853411e-03 
 1.17000000e+00  1.10777235e-03 
 1.18000000e+00  1.10703739e-03 
 1.19000000e+00  1.10633218e-03 
 1.20000000e+00  1.10566011e-03 
 1.21000000e+00  1.10502489e-03 
 1.22000000e+00  1.10443051e-03 
 1.23000000e+00  1.10388135e-03 
 1.24000000e+00  1.10338215e-03 
 1.25000000e+00  1.10293801e-03 
 1.26000000e+00  1.10255446e-03 
 1.27000000e+00  1.10223743e-03 
 1.28000000e+00  1.10199327e-03 
 1.29000000e+00  1.10182879e-03 
 1.30000000e+00  1.10175126e-03 
 1.31000000e+00  1.10176839e-03 
 1.32000000e+00  1.10188842e-03 
 1.33000000e+00  1.10212004e-03 
 1.34000000e+00  1.10247247e-03 
 1.35000000e+00  1.10295542e-03 
 1.36000000e+00  1.10357913e-03 
 1.37000000e+00  1.10435436e-03 
 1.38000000e+00  1.10529242e-03 
 1.39000000e+00  1.10640512e-03 
 1.40000000e+00  1.10770484e-03 
 1.41000000e+00  1.10920448e-03 
 1.42000000e+00  1.11091749e-03 
 1.43000000e+00  1.11285785e-03 
 1.44000000e+00  1.11504011e-03 
 1.45000000e+00  1.11747930e-03 
 1.46000000e+00  1.12019104e-03 
 1.47000000e+00  1.12319144e-03 
 1.48000000e+00  1.12649713e-03 
 1.49000000e+00  1.13012525e-03 
 1.50000000e+00  1.13409347e-03 
 1.51000000e+00  1.13840525e-03 
 1.52000000e+00  1.14310783e-03 
 1.53000000e+00  1.14820634e-03 
 1.54000000e+00  1.15372016e-03 
 1.55000000e+00  1.15966921e-03 
 1.56000000e+00  1.16607376e-03 
 1.57000000e+00  1.17295442e-03 
 1.58000000e+00  1.18033212e-03 
 1.59000000e+00  1.18822804e-03 
 1.60000000e+00  1.19666362e-03 
 0.00000000e+00 -5.67683100e-05 
 1.00000000e-02  2.13365459e-05 
 2.00000000e-02  9.91324579e-05 
 3.00000000e-02  1.76427506e-04 
 4.00000000e-02  2.53049844e-04 
 5.00000000e-02  3.28847884e-04 
 6.00000000e-02  4.03691079e-04 
 7.00000000e-02  4.77471015e-04 
 8.00000000e-02  5.50102417e-04 
 9.00000000e-02  6.21523660e-04 
 1.00000000e-01  6.91696382e-04 
 1.10000000e-01  7.60603903e-04 
 1.20000000e-01  8.28248312e-04 
 1.30000000e-01  8.94646318e-04 
 1.40000000e-01  9.59824154e-04 
 1.50000000e-01  1.02381199e-03 
 1.60000000e-01  1.08663832e-03 
 1.70000000e-01  1.14832480e-03 
 1.80000000e-01  1.20888159e-03 
 1.90000000e-01  1.26830355e-03 
 2.00000000e-01  1.32656679e-03 
 2.10000000e-01  1.38362569e-03 
 2.20000000e-01  1.43940972e-03 
 2.30000000e-01  1.49382005e-03 
 2.40000000e-01  1.54672527e-03 
 2.50000000e-01  1.59795622e-03 
 2.60000000e-01  1.64729959e-03 
 2.70000000e-01  1.69449047e-03 
 2.80000000e-01  1.73920455e-03 
 2.90000000e-01  1.78105197e-03 
 3.00000000e-01  1.81957174e-03 
 3.10000000e-01  1.85426381e-03 
 3.20000000e-01  1.88460234e-03 
 3.30000000e-01  1.91012857e-03 
 3.40000000e-01  1.93056326e-03 
 3.50000000e-01  1.94593134e-03 
 3.60000000e-01  1.95662780e-03 
 3.70000000e-01  1.96336444e-03 
 3.80000000e-01  1.96701008e-03 
 3.90000000e-01  1.96841087e-03 
 4.00000000e-01  1.96828246e-03 
 4.10000000e-01  1.96713090e-03 
 4.20000000e-01  1.96533544e-03 
 4.30000000e-01  1.96313883e-03 
 4.40000000e-01  1.96069720e-03 
 4.50000000e-01  1.95810896e-03 
 4.60000000e-01  1.95543548e-03 
 4.70000000e-01  1.95271484e-03 
 4.80000000e-01  1.94997054e-03 
 4.90000000e-01  1.94721711e-03 
 5.00000000e-01  1.94446351e-03 
 5.10000000e-01  1.94169860e-03 
 5.20000000e-01  1.93895739e-03 
 5.30000000e-01  1.93622700e-03 
 5.40000000e-01  1.93350858e-03 
 5.50000000e-01  1.93080291e-03 
 5.60000000e-01  1.92811044e-03 
 5.70000000e-01  1.92543140e-03 
 5.80000000e-01  1.92276590e-03 
 5.90000000e-01  1.92011396e-03 
 6.00000000e-01  1.91747556e-03 
 6.10000000e-01  1.91485064e-03 
 6.20000000e-01  1.91223912e-03 
 6.30000000e-01  1.90964091e-03 
 6.40000000e-01  1.90705591e-03 
 6.50000000e-01  1.90448403e-03 
 6.60000000e-01  1.90192519e-03 
 6.70000000e-01  1.89937930e-03 
 6.80000000e-01  1.89684625e-03 
 6.90000000e-01  1.89432596e-03 
 7.00000000e-01  1.89181832e-03 
 7.10000000e-01  1.88932323e-03 
 7.20000000e-01  1.88684058e-03 
 7.30000000e-01  1.88437028e-03 
 7.40000000e-01  1.88191222e-03 
 7.50000000e-01  1.87946631e-03 
 7.60000000e-01  1.87705362e-03 
 7.70000000e-01  1.87463285e-03 
 7.80000000e-01  1.87222410e-03 
 7.90000000e-01  1.86982709e-03 
 8.00000000e-01  1.86744177e-03 
 8.10000000e-01  1.86506804e-03 
 8.20000000e-01  1.86270581e-03 
 8.30000000e-01  1.86035498e-03 
 8.40000000e-01  1.85801546e-03 
 8.50000000e-01  1.85568716e-03 
 8.60000000e-01  1.85336998e-03 
 8.70000000e-01  1.85106383e-03 
 8.80000000e-01  1.84876862e-03 
 8.90000000e-01  1.84648427e-03 
 9.00000000e-01  1.84421068e-03 
 9.10000000e-01  1.84194777e-03 
 9.20000000e-01  1.83969545e-03 
 9.30000000e-01  1.83745364e-03 
 9.40000000e-01  1.83522226e-03 
 9.50000000e-01  1.83300124e-03 
 9.60000000e-01  1.83079048e-03 
 9.70000000e-01  1.82858993e-03 
 9.80000000e-01  1.82639951e-03 
 9.90000000e-01  1.82421917e-03 
 1.00000000e+00  1.82204886e-03 
 1.01000000e+00  1.81988852e-03 
 1.02000000e+00  1.81773813e-03 
 1.03000000e+00  1.81559767e-03 
 1.04000000e+00  1.81346714e-03 
 1.05000000e+00  1.81132032e-03 
 1.06000000e+00  1.80920838e-03 
 1.07000000e+00  1.80710675e-03 
 1.08000000e+00  1.80501516e-03 
 1.09000000e+00  1.80293387e-03 
 1.10000000e+00  1.80086311e-03 
 1.11000000e+00  1.79880312e-03 
 1.12000000e+00  1.79675425e-03 
 1.13000000e+00  1.79471691e-03 
 1.14000000e+00  1.79269161e-03 
 1.15000000e+00  1.79067893e-03 
 1.16000000e+00  1.78867960e-03 
 1.17000000e+00  1.78669447e-03 
 1.18000000e+00  1.78472451e-03 
 1.19000000e+00  1.78277088e-03 
 1.20000000e+00  1.78083489e-03 
 1.21000000e+00  1.77891807e-03 
 1.22000000e+00  1.77702213e-03 
 1.23000000e+00  1.77514904e-03 
 1.24000000e+00  1.77330101e-03 
 1.25000000e+00  1.77148051e-03 
 1.26000000e+00  1.76969033e-03 
 1.27000000e+00  1.76793355e-03 
 1.28000000e+00  1.76621359e-03 
 1.29000000e+00  1.76453424e-03 
 1.30000000e+00  1.76289966e-03 
 1.31000000e+00  1.76134414e-03 
 1.32000000e+00  1.75981424e-03 
 1.33000000e+00  1.75834454e-03 
 1.34000000e+00  1.75694034e-03 
 1.35000000e+00  1.75560820e-03 
 1.36000000e+00  1.75435498e-03 
 1.37000000e+00  1.75318806e-03 
 1.38000000e+00  1.75211537e-03 
 1.39000000e+00  1.75114535e-03 
 1.40000000e+00  1.75028701e-03 
 1.41000000e+00  1.74954994e-03 
 1.42000000e+00  1.74894427e-03 
 1.43000000e+00  1.74848073e-03 
 1.44000000e+00  1.74817061e-03 
 1.45000000e+00  1.74802578e-03 
 1.46000000e+00  1.74805868e-03 
 1.47000000e+00  1.74828235e-03 
 1.48000000e+00  1.74871034e-03 
 1.49000000e+00  1.74935679e-03 
 1.50000000e+00  1.75023637e-03 
 1.51000000e+00  1.75136425e-03 
 1.52000000e+00  1.75275611e-03 
 1.53000000e+00  1.75442814e-03 
 1.54000000e+00  1.75639695e-03 
 1.55000000e+00  1.75867959e-03 
 1.56000000e+00  1.76129352e-03 
 1.57000000e+00  1.76425658e-03 
 1.58000000e+00  1.76755606e-03 
 1.59000000e+00  1.77127171e-03 
 1.60000000e+00  1.77539228e-03 
 0.00000000e+00 -6.13552179e-05 
 1.00000000e-02  2.18974702e-05 
 2.00000000e-02  1.04792927e-04 
 3.00000000e-02  1.87176890e-04 
 4.00000000e-02  2.68905804e-04 
 5.00000000e-02  3.49847120e-04 
 6.00000000e-02  4.29880184e-04 
 7.00000000e-02  5.08897613e-04 
 8.00000000e-02  5.86807033e-04 
 9.00000000e-02  6.63532957e-04 
 1.00000000e-01  7.39018554e-04 
 1.10000000e-01  8.13226976e-04 
 1.20000000e-01  8.86141952e-04 
 1.30000000e-01  9.57767340e-04 
 1.40000000e-01  1.02812550e-03 
 1.50000000e-01  1.09725447e-03 
 1.60000000e-01  1.16520417e-03 
 1.70000000e-01  1.23203192e-03 
 1.80000000e-01  1.29779783e-03 
 1.90000000e-01  1.36256035e-03 
 2.00000000e-01  1.42637248e-03 
 2.10000000e-01  1.48927873e-03 
 2.20000000e-01  1.55131290e-03 
 2.30000000e-01  1.61249654e-03 
 2.40000000e-01  1.67283803e-03 
 2.50000000e-01  1.73233192e-03 
 2.60000000e-01  1.79095839e-03 
 2.70000000e-01  1.84868264e-03 
 2.80000000e-01  1.90545401e-03 
 2.90000000e-01  1.96120462e-03 
 3.00000000e-01  2.01584749e-03 
 3.10000000e-01  2.06927387e-03 
 3.20000000e-01  2.12134965e-03 
 3.30000000e-01  2.17191074e-03 
 3.40000000e-01  2.22075720e-03 
 3.50000000e-01  2.26763985e-03 
 3.60000000e-01  2.31227533e-03 
 3.70000000e-01  2.35430670e-03 
 3.80000000e-01  2.39331821e-03 
 3.90000000e-01  2.42883394e-03 
 4.00000000e-01  2.46033821e-03 
 4.10000000e-01  2.48732593e-03 
 4.20000000e-01  2.50939314e-03 
 4.30000000e-01  2.52636006e-03 
 4.40000000e-01  2.53838241e-03 
 4.50000000e-01  2.54597951e-03 
 4.60000000e-01  2.54993802e-03 
 4.70000000e-01  2.55113482e-03 
 4.80000000e-01  2.55037338e-03 
 4.90000000e-01  2.54829563e-03 
 5.00000000e-01  2.54536800e-03 
 5.10000000e-01  2.54190841e-03 
 5.20000000e-01  2.53812479e-03 
 5.30000000e-01  2.53414965e-03 
 5.40000000e-01  2.53006607e-03 
 5.50000000e-01  2.52592563e-03 
 5.60000000e-01  2.52176018e-03 
 5.70000000e-01  2.51758931e-03 
 5.80000000e-01  2.51342500e-03 
 5.90000000e-01  2.50927458e-03 
 6.00000000e-01  2.50514246e-03 
 6.10000000e-01  2.50103130e-03 
 6.20000000e-01  2.49694265e-03 
 6.30000000e-01  2.49287736e-03 
 6.40000000e-01  2.48883589e-03 
 6.50000000e-01  2.48481842e-03 
 6.60000000e-01  2.48082495e-03 
 6.70000000e-01  2.47685543e-03 
 6.80000000e-01  2.47294213e-03 
 6.90000000e-01  2.46902257e-03 
 7.00000000e-01  2.46512682e-03 
 7.10000000e-01  2.46125426e-03 
 7.20000000e-01  2.45740478e-03 
 7.30000000e-01  2.45357815e-03 
 7.40000000e-01  2.44977418e-03 
 7.50000000e-01  2.44599266e-03 
 7.60000000e-01  2.44223337e-03 
 7.70000000e-01  2.43849611e-03 
 7.80000000e-01  2.43478067e-03 
 7.90000000e-01  2.43108684e-03 
 8.00000000e-01  2.42741442e-03 
 8.10000000e-01  2.42376319e-03 
 8.20000000e-01  2.42013295e-03 
 8.30000000e-01  2.41652349e-03 
 8.40000000e-01  2.41293463e-03 
 8.50000000e-01  2.40936615e-03 
 8.60000000e-01  2.40578241e-03 
 8.70000000e-01  2.40225165e-03 
 8.80000000e-01  2.39874097e-03 
 8.90000000e-01  2.39524965e-03 
 9.00000000e-01  2.39177765e-03 
 9.10000000e-01  2.38832479e-03 
 9.20000000e-01  2.38489088e-03 
 9.30000000e-01  2.38147574e-03 
 9.40000000e-01  2.37807919e-03 
 9.50000000e-01  2.37470105e-03 
 9.60000000e-01  2.37134114e-03 
 9.70000000e-01  2.36799929e-03 
 9.80000000e-01  2.36467534e-03 
 9.90000000e-01  2.36136910e-03 
 1.00000000e+00  2.35808042e-03 
 1.01000000e+00  2.35480913e-03 
 1.02000000e+00  2.35155508e-03 
 1.03000000e+00  2.34831810e-03 
 1.04000000e+00  2.34509805e-03 
 1.05000000e+00  2.34193498e-03 
 1.06000000e+00  2.33875027e-03 
 1.07000000e+00  2.33558268e-03 
 1.08000000e+00  2.33243136e-03 
 1.09000000e+00  2.32929641e-03 
 1.10000000e+00  2.32617775e-03 
 1.11000000e+00  2.32307529e-03 
 1.12000000e+00  2.31998898e-03 
 1.13000000e+00  2.31691880e-03 
 1.14000000e+00  2.31386475e-03 
 1.15000000e+00  2.31082687e-03 
 1.16000000e+00  2.30780524e-03 
 1.17000000e+00  2.30479999e-03 
 1.18000000e+00  2.30181134e-03 
 1.19000000e+00  2.29883953e-03 
 1.20000000e+00  2.29588493e-03 
 1.21000000e+00  2.29294797e-03 
 1.22000000e+00  2.29002920e-03 
 1.23000000e+00  2.28708517e-03 
 1.24000000e+00  2.28420227e-03 
 1.25000000e+00  2.28134065e-03 
 1.26000000e+00  2.27850040e-03 
 1.27000000e+00  2.27568315e-03 
 1.28000000e+00  2.27289044e-03 
 1.29000000e+00  2.27012404e-03 
 1.30000000e+00  2.26738597e-03 
 1.31000000e+00  2.26467853e-03 
 1.32000000e+00  2.26200432e-03 
 1.33000000e+00  2.25936627e-03 
 1.34000000e+00  2.25676766e-03 
 1.35000000e+00  2.25421213e-03 
 1.36000000e+00  2.25170375e-03 
 1.37000000e+00  2.24924699e-03 
 1.38000000e+00  2.24684678e-03 
 1.39000000e+00  2.24455566e-03 
 1.40000000e+00  2.24228694e-03 
 1.41000000e+00  2.24009342e-03 
 1.42000000e+00  2.23798080e-03 
 1.43000000e+00  2.23595698e-03 
 1.44000000e+00  2.23403006e-03 
 1.45000000e+00  2.23220870e-03 
 1.46000000e+00  2.23050221e-03 
 1.47000000e+00  2.22892048e-03 
 1.48000000e+00  2.22747403e-03 
 1.49000000e+00  2.22617403e-03 
 1.50000000e+00  2.22503226e-03 
 1.51000000e+00  2.22406112e-03 
 1.52000000e+00  2.22327365e-03 
 1.53000000e+00  2.22268351e-03 
 1.54000000e+00  2.22230494e-03 
 1.55000000e+00  2.22215279e-03 
 1.56000000e+00  2.22224246e-03 
 1.57000000e+00  2.22258990e-03 
 1.58000000e+00  2.22321158e-03 
 1.59000000e+00  2.22412447e-03 
 1.60000000e+00  2.22529935e-03 
 0.00000000e+00 -6.46181611e-05 
 1.00000000e-02  2.21205822e-05 
 2.00000000e-02  1.08493070e-04 
 3.00000000e-02  1.94368348e-04 
 4.00000000e-02  2.79621492e-04 
 5.00000000e-02  3.64133705e-04 
 6.00000000e-02  4.47792898e-04 
 7.00000000e-02  5.30494700e-04 
 8.00000000e-02  6.12143880e-04 
 9.00000000e-02  6.92656130e-04 
 1.00000000e-01  7.71960055e-04 
 1.10000000e-01  8.49999238e-04 
 1.20000000e-01  9.26734121e-04 
 1.30000000e-01  1.00214345e-03 
 1.40000000e-01  1.07622499e-03 
 1.50000000e-01  1.14899530e-03 
 1.60000000e-01  1.22048835e-03 
 1.70000000e-01  1.29075312e-03 
 1.80000000e-01  1.35985013e-03 
 1.90000000e-01  1.42784748e-03 
 2.00000000e-01  1.49481661e-03 
 2.10000000e-01  1.56082820e-03 
 2.20000000e-01  1.62594874e-03 
 2.30000000e-01  1.69023774e-03 
 2.40000000e-01  1.75374578e-03 
 2.50000000e-01  1.81651335e-03 
 2.60000000e-01  1.87857028e-03 
 2.70000000e-01  1.93993564e-03 
 2.80000000e-01  2.00061784e-03 
 2.90000000e-01  2.06061488e-03 
 3.00000000e-01  2.11991461e-03 
 3.10000000e-01  2.17849476e-03 
 3.20000000e-01  2.23632280e-03 
 3.30000000e-01  2.29335556e-03 
 3.40000000e-01  2.34953845e-03 
 3.50000000e-01  2.40480426e-03 
 3.60000000e-01  2.45907149e-03 
 3.70000000e-01  2.51224210e-03 
 3.80000000e-01  2.56419850e-03 
 3.90000000e-01  2.61479294e-03 
 4.00000000e-01  2.66386751e-03 
 4.10000000e-01  2.71121355e-03 
 4.20000000e-01  2.75658618e-03 
 4.30000000e-01  2.79969144e-03 
 4.40000000e-01  2.84017880e-03 
 4.50000000e-01  2.87763660e-03 
 4.60000000e-01  2.91159553e-03 
 4.70000000e-01  2.94154908e-03 
 4.80000000e-01  2.96700333e-03 
 4.90000000e-01  2.98756589e-03 
 5.00000000e-01  3.00309332e-03 
 5.10000000e-01  3.01369702e-03 
 5.20000000e-01  3.01991324e-03 
 5.30000000e-01  3.02249075e-03 
 5.40000000e-01  3.02236554e-03 
 5.50000000e-01  3.02030126e-03 
 5.60000000e-01  3.01693462e-03 
 5.70000000e-01  3.01272972e-03 
 5.80000000e-01  3.00800351e-03 
 5.90000000e-01  3.00296363e-03 
 6.00000000e-01  2.99774263e-03 
 6.10000000e-01  2.99242366e-03 
 6.20000000e-01  2.98705842e-03 
 6.30000000e-01  2.98167876e-03 
 6.40000000e-01  2.97630427e-03 
 6.50000000e-01  2.97094686e-03 
 6.60000000e-01  2.96561376e-03 
 6.70000000e-01  2.96035087e-03 
 6.80000000e-01  2.95508238e-03 
 6.90000000e-01  2.94984733e-03 
 7.00000000e-01  2.94464566e-03 
 7.10000000e-01  2.93947788e-03 
 7.20000000e-01  2.93434403e-03 
 7.30000000e-01  2.92924399e-03 
 7.40000000e-01  2.92417755e-03 
 7.50000000e-01  2.91914443e-03 
 7.60000000e-01  2.91414431e-03 
 7.70000000e-01  2.90917686e-03 
 7.80000000e-01  2.90424173e-03 
 7.90000000e-01  2.89933857e-03 
 8.00000000e-01  2.89441833e-03 
 8.10000000e-01  2.88957372e-03 
 8.20000000e-01  2.88476056e-03 
 8.30000000e-01  2.87997761e-03 
 8.40000000e-01  2.87522479e-03 
 8.50000000e-01  2.87050178e-03 
 8.60000000e-01  2.86580827e-03 
 8.70000000e-01  2.86114394e-03 
 8.80000000e-01  2.85650847e-03 
 8.90000000e-01  2.85190155e-03 
 9.00000000e-01  2.84732288e-03 
 9.10000000e-01  2.84277216e-03 
 9.20000000e-01  2.83824908e-03 
 9.30000000e-01  2.83380372e-03 
 9.40000000e-01  2.82933812e-03 
 9.50000000e-01  2.82490017e-03 
 9.60000000e-01  2.82048859e-03 
 9.70000000e-01  2.81610341e-03 
 9.80000000e-01  2.81174435e-03 
 9.90000000e-01  2.80741114e-03 
 1.00000000e+00  2.80310353e-03 
 1.01000000e+00  2.79882125e-03 
 1.02000000e+00  2.79456404e-03 
 1.03000000e+00  2.79033167e-03 
 1.04000000e+00  2.78612387e-03 
 1.05000000e+00  2.78194041e-03 
 1.06000000e+00  2.77778104e-03 
 1.07000000e+00  2.77359097e-03 
 1.08000000e+00  2.76947515e-03 
 1.09000000e+00  2.76538346e-03 
 1.10000000e+00  2.76131443e-03 
 1.11000000e+00  2.75726819e-03 
 1.12000000e+00  2.75324453e-03 
 1.13000000e+00  2.74924326e-03 
 1.14000000e+00  2.74526418e-03 
 1.15000000e+00  2.74130710e-03 
 1.16000000e+00  2.73737187e-03 
 1.17000000e+00  2.73345834e-03 
 1.18000000e+00  2.72956639e-03 
 1.19000000e+00  2.72575199e-03 
 1.20000000e+00  2.72190573e-03 
 1.21000000e+00  2.71808203e-03 
 1.22000000e+00  2.71427948e-03 
 1.23000000e+00  2.71049860e-03 
 1.24000000e+00  2.70673954e-03 
 1.25000000e+00  2.70300251e-03 
 1.26000000e+00  2.69928784e-03 
 1.27000000e+00  2.69559592e-03 
 1.28000000e+00  2.69192730e-03 
 1.29000000e+00  2.68828264e-03 
 1.30000000e+00  2.68466273e-03 
 1.31000000e+00  2.68100901e-03 
 1.32000000e+00  2.67743759e-03 
 1.33000000e+00  2.67389551e-03 
 1.34000000e+00  2.67038267e-03 
 1.35000000e+00  2.66690142e-03 
 1.36000000e+00  2.66345391e-03 
 1.37000000e+00  2.66004260e-03 
 1.38000000e+00  2.65667026e-03 
 1.39000000e+00  2.65334003e-03 
 1.40000000e+00  2.65005546e-03 
 1.41000000e+00  2.64682048e-03 
 1.42000000e+00  2.64370269e-03 
 1.43000000e+00  2.64058309e-03 
 1.44000000e+00  2.63752922e-03 
 1.45000000e+00  2.63454489e-03 
 1.46000000e+00  2.63163720e-03 
 1.47000000e+00  2.62881312e-03 
 1.48000000e+00  2.62608024e-03 
 1.49000000e+00  2.62344677e-03 
 1.50000000e+00  2.62092156e-03 
 1.51000000e+00  2.61851410e-03 
 1.52000000e+00  2.61623454e-03 
 1.53000000e+00  2.61403208e-03 
 1.54000000e+00  2.61203867e-03 
 1.55000000e+00  2.61020907e-03 
 1.56000000e+00  2.60855435e-03 
 1.57000000e+00  2.60708858e-03 
 1.58000000e+00  2.60582600e-03 
 1.59000000e+00  2.60478147e-03 
 1.60000000e+00  2.60397048e-03 
 0.00000000e+00 -6.71689234e-05 
 1.00000000e-02  2.21752234e-05 
 2.00000000e-02  1.11158364e-04 
 3.00000000e-02  1.99666164e-04 
 4.00000000e-02  2.87587752e-04 
 5.00000000e-02  3.74815659e-04 
 6.00000000e-02  4.61246118e-04 
 7.00000000e-02  5.46779707e-04 
 8.00000000e-02  6.31322357e-04 
 9.00000000e-02  7.14786730e-04 
 1.00000000e-01  7.97093904e-04 
 1.10000000e-01  8.78175322e-04 
 1.20000000e-01  9.57974880e-04 
 1.30000000e-01  1.03645097e-03 
 1.40000000e-01  1.11357827e-03 
 1.50000000e-01  1.18934904e-03 
 1.60000000e-01  1.26377365e-03 
 1.70000000e-01  1.33688015e-03 
 1.80000000e-01  1.40871279e-03 
 1.90000000e-01  1.47932949e-03 
 2.00000000e-01  1.54879854e-03 
 2.10000000e-01  1.61719469e-03 
 2.20000000e-01  1.68459516e-03 
 2.30000000e-01  1.75107594e-03 
 2.40000000e-01  1.81670859e-03 
 2.50000000e-01  1.88155779e-03 
 2.60000000e-01  1.94567973e-03 
 2.70000000e-01  2.00912117e-03 
 2.80000000e-01  2.07191914e-03 
 2.90000000e-01  2.13410104e-03 
 3.00000000e-01  2.19568503e-03 
 3.10000000e-01  2.25668053e-03 
 3.20000000e-01  2.31708877e-03 
 3.30000000e-01  2.37690321e-03 
 3.40000000e-01  2.43610991e-03 
 3.50000000e-01  2.49468766e-03 
 3.60000000e-01  2.55260801e-03 
 3.70000000e-01  2.60983496e-03 
 3.80000000e-01  2.66632450e-03 
 3.90000000e-01  2.72202386e-03 
 4.00000000e-01  2.77687036e-03 
 4.10000000e-01  2.83078996e-03 
 4.20000000e-01  2.88369533e-03 
 4.30000000e-01  2.93547509e-03 
 4.40000000e-01  2.98602122e-03 
 4.50000000e-01  3.03518216e-03 
 4.60000000e-01  3.08278480e-03 
 4.70000000e-01  3.12862221e-03 
 4.80000000e-01  3.17244656e-03 
 4.90000000e-01  3.21396162e-03 
 5.00000000e-01  3.25281576e-03 
 5.10000000e-01  3.28859822e-03 
 5.20000000e-01  3.32084401e-03 
 5.30000000e-01  3.34905634e-03 
 5.40000000e-01  3.37279199e-03 
 5.50000000e-01  3.39163213e-03 
 5.60000000e-01  3.40546017e-03 
 5.70000000e-01  3.41446547e-03 
 5.80000000e-01  3.41918381e-03 
 5.90000000e-01  3.42039823e-03 
 6.00000000e-01  3.41896744e-03 
 6.10000000e-01  3.41563021e-03 
 6.20000000e-01  3.41109768e-03 
 6.30000000e-01  3.40576648e-03 
 6.40000000e-01  3.39994036e-03 
 6.50000000e-01  3.39382048e-03 
 6.60000000e-01  3.38753510e-03 
 6.70000000e-01  3.38116481e-03 
 6.80000000e-01  3.37475973e-03 
 6.90000000e-01  3.36835078e-03 
 7.00000000e-01  3.36201354e-03 
 7.10000000e-01  3.35565502e-03 
 7.20000000e-01  3.34933219e-03 
 7.30000000e-01  3.34304718e-03 
 7.40000000e-01  3.33680285e-03 
 7.50000000e-01  3.33060042e-03 
 7.60000000e-01  3.32444045e-03 
 7.70000000e-01  3.31832311e-03 
 7.80000000e-01  3.31218898e-03 
 7.90000000e-01  3.30614934e-03 
 8.00000000e-01  3.30015239e-03 
 8.10000000e-01  3.29419622e-03 
 8.20000000e-01  3.28828077e-03 
 8.30000000e-01  3.28240559e-03 
 8.40000000e-01  3.27657023e-03 
 8.50000000e-01  3.27077419e-03 
 8.60000000e-01  3.26501703e-03 
 8.70000000e-01  3.25929830e-03 
 8.80000000e-01  3.25368181e-03 
 8.90000000e-01  3.24804338e-03 
 9.00000000e-01  3.24244357e-03 
 9.10000000e-01  3.23688033e-03 
 9.20000000e-01  3.23135374e-03 
 9.30000000e-01  3.22586338e-03 
 9.40000000e-01  3.22040885e-03 
 9.50000000e-01  3.21498976e-03 
 9.60000000e-01  3.20960573e-03 
 9.70000000e-01  3.20425638e-03 
 9.80000000e-01  3.19887753e-03 
 9.90000000e-01  3.19359091e-03 
 1.00000000e+00  3.18833870e-03 
 1.01000000e+00  3.18311899e-03 
 1.02000000e+00  3.17793182e-03 
 1.03000000e+00  3.17277685e-03 
 1.04000000e+00  3.16765374e-03 
 1.05000000e+00  3.16256213e-03 
 1.06000000e+00  3.15750167e-03 
 1.07000000e+00  3.15247202e-03 
 1.08000000e+00  3.14753940e-03 
 1.09000000e+00  3.14257437e-03 
 1.10000000e+00  3.13764068e-03 
 1.11000000e+00  3.13273624e-03 
 1.12000000e+00  3.12786128e-03 
 1.13000000e+00  3.12301550e-03 
 1.14000000e+00  3.11819860e-03 
 1.15000000e+00  3.11341030e-03 
 1.16000000e+00  3.10865031e-03 
 1.17000000e+00  3.10391837e-03 
 1.18000000e+00  3.09914388e-03 
 1.19000000e+00  3.09446159e-03 
 1.20000000e+00  3.08980781e-03 
 1.21000000e+00  3.08518026e-03 
 1.22000000e+00  3.08057928e-03 
 1.23000000e+00  3.07600473e-03 
 1.24000000e+00  3.07145643e-03 
 1.25000000e+00  3.06693425e-03 
 1.26000000e+00  3.06243811e-03 
 1.27000000e+00  3.05804270e-03 
 1.28000000e+00  3.05360262e-03 
 1.29000000e+00  3.04919064e-03 
 1.30000000e+00  3.04480447e-03 
 1.31000000e+00  3.04044516e-03 
 1.32000000e+00  3.03611305e-03 
 1.33000000e+00  3.03180865e-03 
 1.34000000e+00  3.02753258e-03 
 1.35000000e+00  3.02320993e-03 
 1.36000000e+00  3.01898700e-03 
 1.37000000e+00  3.01479694e-03 
 1.38000000e+00  3.01063855e-03 
 1.39000000e+00  3.00651419e-03 
 1.40000000e+00  3.00242581e-03 
 1.41000000e+00  2.99837562e-03 
 1.42000000e+00  2.99444226e-03 
 1.43000000e+00  2.99048022e-03 
 1.44000000e+00  2.98656724e-03 
 1.45000000e+00  2.98270428e-03 
 1.46000000e+00  2.97889637e-03 
 1.47000000e+00  2.97514812e-03 
 1.48000000e+00  2.97146466e-03 
 1.49000000e+00  2.96777690e-03 
 1.50000000e+00  2.96423543e-03 
 1.51000000e+00  2.96077935e-03 
 1.52000000e+00  2.95741356e-03 
 1.53000000e+00  2.95414691e-03 
 1.54000000e+00  2.95098826e-03 
 1.55000000e+00  2.94794708e-03 
 1.56000000e+00  2.94503359e-03 
 1.57000000e+00  2.94225870e-03 
 1.58000000e+00  2.93970954e-03 
 1.59000000e+00  2.93724844e-03 
 1.60000000e+00  2.93496448e-03 
 0.00000000e+00 -6.92744887e-05 
 1.00000000e-02  2.21305229e-05 
 2.00000000e-02  1.13185253e-04 
 3.00000000e-02  2.03788039e-04 
 4.00000000e-02  2.93839181e-04 
 5.00000000e-02  3.83240771e-04 
 6.00000000e-02  4.71896802e-04 
 7.00000000e-02  5.59713534e-04 
 8.00000000e-02  6.46600167e-04 
 9.00000000e-02  7.32469815e-04 
 1.00000000e-01  8.17240811e-04 
 1.10000000e-01  9.00838306e-04 
 1.20000000e-01  9.83196134e-04 
 1.30000000e-01  1.06425884e-03 
 1.40000000e-01  1.14398376e-03 
 1.50000000e-01  1.22234293e-03 
 1.60000000e-01  1.29932469e-03 
 1.70000000e-01  1.37493461e-03 
 1.80000000e-01  1.44919566e-03 
 1.90000000e-01  1.52214737e-03 
 2.00000000e-01  1.59384401e-03 
 2.10000000e-01  1.66435182e-03 
 2.20000000e-01  1.73374552e-03 
 2.30000000e-01  1.80210459e-03 
 2.40000000e-01  1.86950943e-03 
 2.50000000e-01  1.93603798e-03 
 2.60000000e-01  2.00176294e-03 
 2.70000000e-01  2.06674971e-03 
 2.80000000e-01  2.13105514e-03 
 2.90000000e-01  2.19472693e-03 
 3.00000000e-01  2.25780356e-03 
 3.10000000e-01  2.32031458e-03 
 3.20000000e-01  2.38228114e-03 
 3.30000000e-01  2.44371666e-03 
 3.40000000e-01  2.50462745e-03 
 3.50000000e-01  2.56501328e-03 
 3.60000000e-01  2.62486791e-03 
 3.70000000e-01  2.68417938e-03 
 3.80000000e-01  2.74293030e-03 
 3.90000000e-01  2.80109787e-03 
 4.00000000e-01  2.85865375e-03 
 4.10000000e-01  2.91556385e-03 
 4.20000000e-01  2.97178784e-03 
 4.30000000e-01  3.02727844e-03 
 4.40000000e-01  3.08198057e-03 
 4.50000000e-01  3.13583013e-03 
 4.60000000e-01  3.18874399e-03 
 4.70000000e-01  3.24064960e-03 
 4.80000000e-01  3.29143804e-03 
 4.90000000e-01  3.34098895e-03 
 5.00000000e-01  3.38916010e-03 
 5.10000000e-01  3.43578267e-03 
 5.20000000e-01  3.48065551e-03 
 5.30000000e-01  3.52353859e-03 
 5.40000000e-01  3.56414569e-03 
 5.50000000e-01  3.60213770e-03 
 5.60000000e-01  3.63711858e-03 
 5.70000000e-01  3.66863902e-03 
 5.80000000e-01  3.69625514e-03 
 5.90000000e-01  3.71943663e-03 
 6.00000000e-01  3.73783398e-03 
 6.10000000e-01  3.75127702e-03 
 6.20000000e-01  3.75990452e-03 
 6.30000000e-01  3.76419708e-03 
 6.40000000e-01  3.76489823e-03 
 6.50000000e-01  3.76285385e-03 
 6.60000000e-01  3.75885347e-03 
 6.70000000e-01  3.75348720e-03 
 6.80000000e-01  3.74733770e-03 
 6.90000000e-01  3.74066313e-03 
 7.00000000e-01  3.73367269e-03 
 7.10000000e-01  3.72650564e-03 
 7.20000000e-01  3.71924946e-03 
 7.30000000e-01  3.71195868e-03 
 7.40000000e-01  3.70474284e-03 
 7.50000000e-01  3.69748542e-03 
 7.60000000e-01  3.69026523e-03 
 7.70000000e-01  3.68308522e-03 
 7.80000000e-01  3.67595109e-03 
 7.90000000e-01  3.66879280e-03 
 8.00000000e-01  3.66174467e-03 
 8.10000000e-01  3.65474804e-03 
 8.20000000e-01  3.64780032e-03 
 8.30000000e-01  3.64090196e-03 
 8.40000000e-01  3.63405268e-03 
 8.50000000e-01  3.62732196e-03 
 8.60000000e-01  3.62057613e-03 
 8.70000000e-01  3.61387990e-03 
 8.80000000e-01  3.60723058e-03 
 8.90000000e-01  3.60062824e-03 
 9.00000000e-01  3.59407229e-03 
 9.10000000e-01  3.58756220e-03 
 9.20000000e-01  3.58109744e-03 
 9.30000000e-01  3.57467750e-03 
 9.40000000e-01  3.56822335e-03 
 9.50000000e-01  3.56188351e-03 
 9.60000000e-01  3.55558832e-03 
 9.70000000e-01  3.54933489e-03 
 9.80000000e-01  3.54312335e-03 
 9.90000000e-01  3.53695324e-03 
 1.00000000e+00  3.53082406e-03 
 1.01000000e+00  3.52481024e-03 
 1.02000000e+00  3.51876681e-03 
 1.03000000e+00  3.51276481e-03 
 1.04000000e+00  3.50680164e-03 
 1.05000000e+00  3.50087751e-03 
 1.06000000e+00  3.49499197e-03 
 1.07000000e+00  3.48914460e-03 
 1.08000000e+00  3.48333498e-03 
 1.09000000e+00  3.47756270e-03 
 1.10000000e+00  3.47174459e-03 
 1.11000000e+00  3.46603822e-03 
 1.12000000e+00  3.46036951e-03 
 1.13000000e+00  3.45473543e-03 
 1.14000000e+00  3.44913630e-03 
 1.15000000e+00  3.44357176e-03 
 1.16000000e+00  3.43804142e-03 
 1.17000000e+00  3.43262843e-03 
 1.18000000e+00  3.42717062e-03 
 1.19000000e+00  3.42174825e-03 
 1.20000000e+00  3.41635819e-03 
 1.21000000e+00  3.41100100e-03 
 1.22000000e+00  3.40567629e-03 
 1.23000000e+00  3.40038378e-03 
 1.24000000e+00  3.39503804e-03 
 1.25000000e+00  3.38980133e-03 
 1.26000000e+00  3.38459766e-03 
 1.27000000e+00  3.37942388e-03 
 1.28000000e+00  3.37428053e-03 
 1.29000000e+00  3.36916746e-03 
 1.30000000e+00  3.36417055e-03 
 1.31000000e+00  3.35912289e-03 
 1.32000000e+00  3.35410777e-03 
 1.33000000e+00  3.34912210e-03 
 1.34000000e+00  3.34416696e-03 
 1.35000000e+00  3.33924249e-03 
 1.36000000e+00  3.33426133e-03 
 1.37000000e+00  3.32939119e-03 
 1.38000000e+00  3.32455492e-03 
 1.39000000e+00  3.31975000e-03 
 1.40000000e+00  3.31497816e-03 
 1.41000000e+00  3.31032823e-03 
 1.42000000e+00  3.30563146e-03 
 1.43000000e+00  3.30097458e-03 
 1.44000000e+00  3.29635601e-03 
 1.45000000e+00  3.29177902e-03 
 1.46000000e+00  3.28715901e-03 
 1.47000000e+00  3.28266516e-03 
 1.48000000e+00  3.27822357e-03 
 1.49000000e+00  3.27383466e-03 
 1.50000000e+00  3.26950351e-03 
 1.51000000e+00  3.26532360e-03 
 1.52000000e+00  3.26112715e-03 
 1.53000000e+00  3.25700688e-03 
 1.54000000e+00  3.25296554e-03 
 1.55000000e+00  3.24901130e-03 
 1.56000000e+00  3.24515172e-03 
 1.57000000e+00  3.24130503e-03 
 1.58000000e+00  3.23765477e-03 
 1.59000000e+00  3.23412906e-03 
 1.60000000e+00  3.23073491e-03 
 0.00000000e+00 -7.10758487e-05 
 1.00000000e-02  2.20212187e-05 
 2.00000000e-02  1.14780675e-04 
 3.00000000e-02  2.07110918e-04 
 4.00000000e-02  2.98921382e-04 
 5.00000000e-02  3.90122309e-04 
 6.00000000e-02  4.80624732e-04 
 7.00000000e-02  5.70340648e-04 
 8.00000000e-02  6.59183431e-04 
 9.00000000e-02  7.47068507e-04 
 1.00000000e-01  8.33914303e-04 
 1.10000000e-01  9.19643487e-04 
 1.20000000e-01  1.00418450e-03 
 1.30000000e-01  1.08747331e-03 
 1.40000000e-01  1.16945544e-03 
 1.50000000e-01  1.25008793e-03 
 1.60000000e-01  1.32934138e-03 
 1.70000000e-01  1.40720162e-03 
 1.80000000e-01  1.48367094e-03 
 1.90000000e-01  1.55876855e-03 
 2.00000000e-01  1.63253022e-03 
 2.10000000e-01  1.70500694e-03 
 2.20000000e-01  1.77626256e-03 
 2.30000000e-01  1.84637076e-03 
 2.40000000e-01  1.91541148e-03 
 2.50000000e-01  1.98346716e-03 
 2.60000000e-01  2.05061931e-03 
 2.70000000e-01  2.11694546e-03 
 2.80000000e-01  2.18251687e-03 
 2.90000000e-01  2.24739695e-03 
 3.00000000e-01  2.31164043e-03 
 3.10000000e-01  2.37529306e-03 
 3.20000000e-01  2.43839182e-03 
 3.30000000e-01  2.50096538e-03 
 3.40000000e-01  2.56303474e-03 
 3.50000000e-01  2.62461397e-03 
 3.60000000e-01  2.68571085e-03 
 3.70000000e-01  2.74632751e-03 
 3.80000000e-01  2.80646097e-03 
 3.90000000e-01  2.86610351e-03 
 4.00000000e-01  2.92524302e-03 
 4.10000000e-01  2.98386312e-03 
 4.20000000e-01  3.04194323e-03 
 4.30000000e-01  3.09945847e-03 
 4.40000000e-01  3.15637946e-03 
 4.50000000e-01  3.21267199e-03 
 4.60000000e-01  3.26829647e-03 
 4.70000000e-01  3.32320732e-03 
 4.80000000e-01  3.37735206e-03 
 4.90000000e-01  3.43066101e-03 
 5.00000000e-01  3.48308046e-03 
 5.10000000e-01  3.53452192e-03 
 5.20000000e-01  3.58489100e-03 
 5.30000000e-01  3.63407729e-03 
 5.40000000e-01  3.68195100e-03 
 5.50000000e-01  3.72835888e-03 
 5.60000000e-01  3.77311916e-03 
 5.70000000e-01  3.81601569e-03 
 5.80000000e-01  3.85679121e-03 
 5.90000000e-01  3.89514048e-03 
 6.00000000e-01  3.93070485e-03 
 6.10000000e-01  3.96310497e-03 
 6.20000000e-01  3.99183312e-03 
 6.30000000e-01  4.01644087e-03 
 6.40000000e-01  4.03650212e-03 
 6.50000000e-01  4.05172897e-03 
 6.60000000e-01  4.06202273e-03 
 6.70000000e-01  4.06777280e-03 
 6.80000000e-01  4.06954207e-03 
 6.90000000e-01  4.06812659e-03 
 7.00000000e-01  4.06440169e-03 
 7.10000000e-01  4.05896078e-03 
 7.20000000e-01  4.05238249e-03 
 7.30000000e-01  4.04519095e-03 
 7.40000000e-01  4.03758217e-03 
 7.50000000e-01  4.02972524e-03 
 7.60000000e-01  4.02173679e-03 
 7.70000000e-01  4.01368983e-03 
 7.80000000e-01  4.00572398e-03 
 7.90000000e-01  3.99770038e-03 
 8.00000000e-01  3.98971774e-03 
 8.10000000e-01  3.98169577e-03 
 8.20000000e-01  3.97378734e-03 
 8.30000000e-01  3.96593505e-03 
 8.40000000e-01  3.95813635e-03 
 8.50000000e-01  3.95047262e-03 
 8.60000000e-01  3.94279496e-03 
 8.70000000e-01  3.93517620e-03 
 8.80000000e-01  3.92761261e-03 
 8.90000000e-01  3.92010474e-03 
 9.00000000e-01  3.91265199e-03 
 9.10000000e-01  3.90517137e-03 
 9.20000000e-01  3.89781648e-03 
 9.30000000e-01  3.89051643e-03 
 9.40000000e-01  3.88326763e-03 
 9.50000000e-01  3.87607016e-03 
 9.60000000e-01  3.86892341e-03 
 9.70000000e-01  3.86182677e-03 
 9.80000000e-01  3.85487173e-03 
 9.90000000e-01  3.84788083e-03 
 1.00000000e+00  3.84094125e-03 
 1.01000000e+00  3.83404903e-03 
 1.02000000e+00  3.82720465e-03 
 1.03000000e+00  3.82040750e-03 
 1.04000000e+00  3.81356835e-03 
 1.05000000e+00  3.80685474e-03 
 1.06000000e+00  3.80018841e-03 
 1.07000000e+00  3.79356585e-03 
 1.08000000e+00  3.78698731e-03 
 1.09000000e+00  3.78045231e-03 
 1.10000000e+00  3.77405064e-03 
 1.11000000e+00  3.76760769e-03 
 1.12000000e+00  3.76120950e-03 
 1.13000000e+00  3.75485245e-03 
 1.14000000e+00  3.74853705e-03 
 1.15000000e+00  3.74226281e-03 
 1.16000000e+00  3.73593780e-03 
 1.17000000e+00  3.72973534e-03 
 1.18000000e+00  3.72357446e-03 
 1.19000000e+00  3.71745158e-03 
 1.20000000e+00  3.71136707e-03 
 1.21000000e+00  3.70532057e-03 
 1.22000000e+00  3.69941008e-03 
 1.23000000e+00  3.69344500e-03 
 1.24000000e+00  3.68751990e-03 
 1.25000000e+00  3.68163056e-03 
 1.26000000e+00  3.67577785e-03 
 1.27000000e+00  3.66986358e-03 
 1.28000000e+00  3.66407301e-03 
 1.29000000e+00  3.65832007e-03 
 1.30000000e+00  3.65260073e-03 
 1.31000000e+00  3.64701043e-03 
 1.32000000e+00  3.64136610e-03 
 1.33000000e+00  3.63575870e-03 
 1.34000000e+00  3.63018441e-03 
 1.35000000e+00  3.62464426e-03 
 1.36000000e+00  3.61903825e-03 
 1.37000000e+00  3.61355571e-03 
 1.38000000e+00  3.60810950e-03 
 1.39000000e+00  3.60269578e-03 
 1.40000000e+00  3.59741785e-03 
 1.41000000e+00  3.59207930e-03 
 1.42000000e+00  3.58677921e-03 
 1.43000000e+00  3.58151392e-03 
 1.44000000e+00  3.57618228e-03 
 1.45000000e+00  3.57098134e-03 
 1.46000000e+00  3.56582251e-03 
 1.47000000e+00  3.56080369e-03 
 1.48000000e+00  3.55573358e-03 
 1.49000000e+00  3.55071181e-03 
 1.50000000e+00  3.54573659e-03 
 1.51000000e+00  3.54070779e-03 
 1.52000000e+00  3.53582738e-03 
 1.53000000e+00  3.53100817e-03 
 1.54000000e+00  3.52635271e-03 
 1.55000000e+00  3.52166779e-03 
 1.56000000e+00  3.51705914e-03 
 1.57000000e+00  3.51252825e-03 
 1.58000000e+00  3.50797942e-03 
 1.59000000e+00  3.50361949e-03 
 1.60000000e+00  3.49936442e-03 
 0.00000000e+00 -7.26566119e-05 
 1.00000000e-02  2.18670860e-05 
 2.00000000e-02  1.16066259e-04 
 3.00000000e-02  2.09857512e-04 
 4.00000000e-02  3.03157900e-04 
 5.00000000e-02  3.95884669e-04 
 6.00000000e-02  4.87955152e-04 
 7.00000000e-02  5.79286813e-04 
 8.00000000e-02  6.69797486e-04 
 9.00000000e-02  7.59405809e-04 
 1.00000000e-01  8.48031899e-04 
 1.10000000e-01  9.35598280e-04 
 1.20000000e-01  1.02203108e-03 
 1.30000000e-01  1.10726150e-03 
 1.40000000e-01  1.19122752e-03 
 1.50000000e-01  1.27387581e-03 
 1.60000000e-01  1.35516376e-03 
 1.70000000e-01  1.43506141e-03 
 1.80000000e-01  1.51355325e-03 
 1.90000000e-01  1.59063953e-03 
 2.00000000e-01  1.66633701e-03 
 2.10000000e-01  1.74067881e-03 
 2.20000000e-01  1.81371342e-03 
 2.30000000e-01  1.88550272e-03 
 2.40000000e-01  1.95611920e-03 
 2.50000000e-01  2.02564262e-03 
 2.60000000e-01  2.09415636e-03 
 2.70000000e-01  2.16174397e-03 
 2.80000000e-01  2.22848601e-03 
 2.90000000e-01  2.29445756e-03 
 3.00000000e-01  2.35972646e-03 
 3.10000000e-01  2.42435224e-03 
 3.20000000e-01  2.48838570e-03 
 3.30000000e-01  2.55186894e-03 
 3.40000000e-01  2.61483581e-03 
 3.50000000e-01  2.67731247e-03 
 3.60000000e-01  2.73931816e-03 
 3.70000000e-01  2.80086590e-03 
 3.80000000e-01  2.86196317e-03 
 3.90000000e-01  2.92261257e-03 
 4.00000000e-01  2.98281226e-03 
 4.10000000e-01  3.04255642e-03 
 4.20000000e-01  3.10183553e-03 
 4.30000000e-01  3.16063660e-03 
 4.40000000e-01  3.21894321e-03 
 4.50000000e-01  3.27673555e-03 
 4.60000000e-01  3.33399030e-03 
 4.70000000e-01  3.39068043e-03 
 4.80000000e-01  3.44677491e-03 
 4.90000000e-01  3.50223823e-03 
 5.00000000e-01  3.55702992e-03 
 5.10000000e-01  3.61110377e-03 
 5.20000000e-01  3.66439649e-03 
 5.30000000e-01  3.71686603e-03 
 5.40000000e-01  3.76843419e-03 
 5.50000000e-01  3.81902043e-03 
 5.60000000e-01  3.86853127e-03 
 5.70000000e-01  3.91685772e-03 
 5.80000000e-01  3.96387201e-03 
 5.90000000e-01  4.00942367e-03 
 6.00000000e-01  4.05333479e-03 
 6.10000000e-01  4.09539430e-03 
 6.20000000e-01  4.13535171e-03 
 6.30000000e-01  4.17291051e-03 
 6.40000000e-01  4.20775521e-03 
 6.50000000e-01  4.23943736e-03 
 6.60000000e-01  4.26753724e-03 
 6.70000000e-01  4.29159692e-03 
 6.80000000e-01  4.31119640e-03 
 6.90000000e-01  4.32597432e-03 
 7.00000000e-01  4.33596928e-03 
 7.10000000e-01  4.34139225e-03 
 7.20000000e-01  4.34280823e-03 
 7.30000000e-01  4.34098603e-03 
 7.40000000e-01  4.33673704e-03 
 7.50000000e-01  4.33084014e-03 
 7.60000000e-01  4.32366144e-03 
 7.70000000e-01  4.31585375e-03 
 7.80000000e-01  4.30777677e-03 
 7.90000000e-01  4.29916807e-03 
 8.00000000e-01  4.29044722e-03 
 8.10000000e-01  4.28173551e-03 
 8.20000000e-01  4.27311857e-03 
 8.30000000e-01  4.26443726e-03 
 8.40000000e-01  4.25570991e-03 
 8.50000000e-01  4.24709591e-03 
 8.60000000e-01  4.23854133e-03 
 8.70000000e-01  4.23014297e-03 
 8.80000000e-01  4.22171892e-03 
 8.90000000e-01  4.21336155e-03 
 9.00000000e-01  4.20506458e-03 
 9.10000000e-01  4.19673386e-03 
 9.20000000e-01  4.18854539e-03 
 9.30000000e-01  4.18042074e-03 
 9.40000000e-01  4.17235468e-03 
 9.50000000e-01  4.16434757e-03 
 9.60000000e-01  4.15650216e-03 
 9.70000000e-01  4.14862069e-03 
 9.80000000e-01  4.14080033e-03 
 9.90000000e-01  4.13303560e-03 
 1.00000000e+00  4.12532727e-03 
 1.01000000e+00  4.11757354e-03 
 1.02000000e+00  4.10996343e-03 
 1.03000000e+00  4.10240995e-03 
 1.04000000e+00  4.09490837e-03 
 1.05000000e+00  4.08745905e-03 
 1.06000000e+00  4.08016483e-03 
 1.07000000e+00  4.07282658e-03 
 1.08000000e+00  4.06554248e-03 
 1.09000000e+00  4.05830771e-03 
 1.10000000e+00  4.05112300e-03 
 1.11000000e+00  4.04388466e-03 
 1.12000000e+00  4.03678662e-03 
 1.13000000e+00  4.02973906e-03 
 1.14000000e+00  4.02273746e-03 
 1.15000000e+00  4.01578225e-03 
 1.16000000e+00  4.00898180e-03 
 1.17000000e+00  4.00212610e-03 
 1.18000000e+00  3.99531918e-03 
 1.19000000e+00  3.98855596e-03 
 1.20000000e+00  3.98173346e-03 
 1.21000000e+00  3.97504744e-03 
 1.22000000e+00  3.96840720e-03 
 1.23000000e+00  3.96180825e-03 
 1.24000000e+00  3.95535632e-03 
 1.25000000e+00  3.94884876e-03 
 1.26000000e+00  3.94238590e-03 
 1.27000000e+00  3.93596303e-03 
 1.28000000e+00  3.92947527e-03 
 1.29000000e+00  3.92312181e-03 
 1.30000000e+00  3.91681063e-03 
 1.31000000e+00  3.91053711e-03 
 1.32000000e+00  3.90441434e-03 
 1.33000000e+00  3.89822588e-03 
 1.34000000e+00  3.89207942e-03 
 1.35000000e+00  3.88586165e-03 
 1.36000000e+00  3.87977730e-03 
 1.37000000e+00  3.87373302e-03 
 1.38000000e+00  3.86783311e-03 
 1.39000000e+00  3.86186939e-03 
 1.40000000e+00  3.85594620e-03 
 1.41000000e+00  3.84994973e-03 
 1.42000000e+00  3.84408657e-03 
 1.43000000e+00  3.83826334e-03 
 1.44000000e+00  3.83258973e-03 
 1.45000000e+00  3.82684862e-03 
 1.46000000e+00  3.82115004e-03 
 1.47000000e+00  3.81537174e-03 
 1.48000000e+00  3.80973744e-03 
 1.49000000e+00  3.80426294e-03 
 1.50000000e+00  3.79872375e-03 
 1.51000000e+00  3.79312385e-03 
 1.52000000e+00  3.78766611e-03 
 1.53000000e+00  3.78226076e-03 
 1.54000000e+00  3.77702527e-03 
 1.55000000e+00  3.77173465e-03 
 1.56000000e+00  3.76639295e-03 
 1.57000000e+00  3.76121553e-03 
 1.58000000e+00  3.75622374e-03 
 1.59000000e+00  3.75119825e-03 
 1.60000000e+00  3.74625686e-03 
