 v-sweep         ic              ib              beta           
 3.00000000e-01  1.27346311e-12  3.51966720e-14  3.61813500e+01 
 3.01000000e-01  1.32150454e-12  3.59009697e-14  3.68097171e+01 
 3.02000000e-01  1.37327129e-12  3.66304209e-14  3.74899129e+01 
 3.03000000e-01  1.42607887e-12  3.73668110e-14  3.81643184e+01 
 3.04000000e-01  1.48091695e-12  3.81283546e-14  3.88403057e+01 
 3.05000000e-01  1.53786359e-12  3.88994392e-14  3.95343382e+01 
 3.06000000e-01  1.59700638e-12  3.96809322e-14  4.02461912e+01 
 3.07000000e-01  1.65842513e-12  4.04815070e-14  4.09674751e+01 
 3.08000000e-01  1.72221438e-12  4.13055007e-14  4.16945529e+01 
 3.09000000e-01  1.78845740e-12  4.21425048e-14  4.24383271e+01 
 3.10000000e-01  1.85725480e-12  4.29977234e-14  4.31942590e+01 
 3.11000000e-01  1.92869765e-12  4.38702894e-14  4.39636410e+01 
 3.12000000e-01  2.00289438e-12  4.47628046e-14  4.47446132e+01 
 3.13000000e-01  2.07994733e-12  4.56770039e-14  4.55359842e+01 
 3.14000000e-01  2.15996838e-12  4.66050809e-14  4.63461996e+01 
 3.15000000e-01  2.24307378e-12  4.75557094e-14  4.71672868e+01 
 3.16000000e-01  2.32937367e-12  4.85228177e-14  4.80057380e+01 
 3.17000000e-01  2.41900076e-12  4.95194164e-14  4.88495411e+01 
 3.18000000e-01  2.51207735e-12  5.05324949e-14  4.97121181e+01 
 3.19000000e-01  2.60874568e-12  5.15637880e-14  5.05925920e+01 
 3.20000000e-01  2.70913066e-12  5.26219693e-14  5.14828825e+01 
 3.21000000e-01  2.81338494e-12  5.36983652e-14  5.23923760e+01 
 3.22000000e-01  2.92165250e-12  5.48068535e-14  5.33081598e+01 
 3.23000000e-01  3.03409554e-12  5.59292196e-14  5.42488446e+01 
 3.24000000e-01  3.15086152e-12  5.70810760e-14  5.51997568e+01 
 3.25000000e-01  3.27213256e-12  5.82572185e-14  5.61669892e+01 
 3.26000000e-01  3.39806655e-12  5.94576472e-14  5.71510430e+01 
 3.27000000e-01  3.52885429e-12  6.06840967e-14  5.81512206e+01 
 3.28000000e-01  3.66467794e-12  6.19400365e-14  5.91649302e+01 
 3.29000000e-01  3.80573698e-12  6.32254666e-14  6.01931023e+01 
 3.30000000e-01  3.95222570e-12  6.45317134e-14  6.12447043e+01 
 3.31000000e-01  4.10435574e-12  6.58691852e-14  6.23107108e+01 
 3.32000000e-01  4.26234568e-12  6.72378820e-14  6.33920278e+01 
 3.33000000e-01  4.42642104e-12  6.86343344e-14  6.44928092e+01 
 3.34000000e-01  4.59681425e-12  7.00620118e-14  6.56106516e+01 
 3.35000000e-01  4.77377339e-12  7.15191795e-14  6.67481565e+01 
 3.36000000e-01  4.95754826e-12  7.30162459e-14  6.78965099e+01 
 3.37000000e-01  5.14839386e-12  7.45393331e-14  6.90694919e+01 
 3.38000000e-01  5.34659643e-12  7.60988495e-14  7.02585711e+01 
 3.39000000e-01  5.55242831e-12  7.76878562e-14  7.14709940e+01 
 3.40000000e-01  5.76618787e-12  7.93184963e-14  7.26966362e+01 
 3.41000000e-01  5.98818564e-12  8.09820961e-14  7.39445622e+01 
 3.42000000e-01  6.21873039e-12  8.26838599e-14  7.52109348e+01 
 3.43000000e-01  6.45815346e-12  8.44220528e-14  7.64984177e+01 
 3.44000000e-01  6.70680352e-12  8.62053485e-14  7.78003178e+01 
 3.45000000e-01  6.96502231e-12  8.80198693e-14  7.91301142e+01 
 3.46000000e-01  7.23318801e-12  8.98812276e-14  8.04749579e+01 
 3.47000000e-01  7.51169266e-12  9.17790151e-14  8.18454267e+01 
 3.48000000e-01  7.80090749e-12  9.37201707e-14  8.32361639e+01 
 3.49000000e-01  8.10126965e-12  9.57098985e-14  8.46440105e+01 
 3.50000000e-01  8.41319722e-12  9.77412597e-14  8.60762102e+01 
 3.51000000e-01  8.73713948e-12  9.98229279e-14  8.75263796e+01 
 3.52000000e-01  9.07356135e-12  1.01951434e-13  8.89988598e+01 
 3.53000000e-01  9.42293812e-12  1.04125042e-13  9.04963679e+01 
 3.54000000e-01  9.78577115e-12  1.06348958e-13  9.20156752e+01 
 3.55000000e-01  1.01625756e-11  1.08623180e-13  9.35580750e+01 
 3.56000000e-01  1.05538946e-11  1.10949444e-13  9.51234557e+01 
 3.57000000e-01  1.09602830e-11  1.13327750e-13  9.67131439e+01 
 3.58000000e-01  1.13823308e-11  1.15763302e-13  9.83241721e+01 
 3.59000000e-01  1.18206243e-11  1.18259569e-13  9.99549078e+01 
 3.60000000e-01  1.22758071e-11  1.20804409e-13  1.01617211e+02 
 3.61000000e-01  1.27485158e-11  1.23406494e-13  1.03305064e+02 
 3.62000000e-01  1.32394287e-11  1.26077968e-13  1.05009851e+02 
 3.63000000e-01  1.37492552e-11  1.28806688e-13  1.06743333e+02 
 3.64000000e-01  1.42787067e-11  1.31599593e-13  1.08501146e+02 
 3.65000000e-01  1.48285603e-11  1.34456683e-13  1.10285037e+02 
 3.66000000e-01  1.53995826e-11  1.37381426e-13  1.12093629e+02 
 3.67000000e-01  1.59926031e-11  1.40377294e-13  1.13925854e+02 
 3.68000000e-01  1.66084646e-11  1.43440816e-13  1.15786183e+02 
 3.69000000e-01  1.72480450e-11  1.46575461e-13  1.17673483e+02 
 3.70000000e-01  1.79122550e-11  1.49789904e-13  1.19582526e+02 
 3.71000000e-01  1.86020487e-11  1.53073735e-13  1.21523452e+02 
 3.72000000e-01  1.93184080e-11  1.56440834e-13  1.23486992e+02 
 3.73000000e-01  2.00623632e-11  1.59880790e-13  1.25483263e+02 
 3.74000000e-01  2.08349657e-11  1.63407483e-13  1.27503131e+02 
 3.75000000e-01  2.16373308e-11  1.67015708e-13  1.29552669e+02 
 3.76000000e-01  2.24705914e-11  1.70714139e-13  1.31627008e+02 
 3.77000000e-01  2.33359478e-11  1.74502775e-13  1.33728233e+02 
 3.78000000e-01  2.42346299e-11  1.78379882e-13  1.35859659e+02 
 3.79000000e-01  2.51679250e-11  1.82345460e-13  1.38023316e+02 
 3.80000000e-01  2.61371653e-11  1.86413387e-13  1.40210774e+02 
 3.81000000e-01  2.71437421e-11  1.90576724e-13  1.42429472e+02 
 3.82000000e-01  2.81890830e-11  1.94837205e-13  1.44680186e+02 
 3.83000000e-01  2.92746782e-11  1.99206973e-13  1.46956091e+02 
 3.84000000e-01  3.04020923e-11  2.03682560e-13  1.49262128e+02 
 3.85000000e-01  3.15729231e-11  2.08269169e-13  1.51596721e+02 
 3.86000000e-01  3.27888515e-11  2.12965066e-13  1.53963521e+02 
 3.87000000e-01  3.40516035e-11  2.17775454e-13  1.56361072e+02 
 3.88000000e-01  3.53629972e-11  2.22707274e-13  1.58786899e+02 
 3.89000000e-01  3.67248974e-11  2.27762258e-13  1.61242243e+02 
 3.90000000e-01  3.81392487e-11  2.32935204e-13  1.63733296e+02 
 3.91000000e-01  3.96080738e-11  2.38243458e-13  1.66250415e+02 
 3.92000000e-01  4.11334629e-11  2.43681817e-13  1.68799886e+02 
 3.93000000e-01  4.27176072e-11  2.49255484e-13  1.71380812e+02 
 3.94000000e-01  4.43627600e-11  2.54966194e-13  1.73994675e+02 
 3.95000000e-01  4.60712805e-11  2.60820886e-13  1.76639537e+02 
 3.96000000e-01  4.78456042e-11  2.66829969e-13  1.79311209e+02 
 3.97000000e-01  4.96882552e-11  2.72981299e-13  1.82020730e+02 
 3.98000000e-01  5.16018825e-11  2.79293958e-13  1.84758320e+02 
 3.99000000e-01  5.35892094e-11  2.85761008e-13  1.87531566e+02 
 4.00000000e-01  5.56530759e-11  2.92394592e-13  1.90335517e+02 
 4.01000000e-01  5.77964308e-11  2.99194709e-13  1.93173305e+02 
 4.02000000e-01  6.00223360e-11  3.06173502e-13  1.96040270e+02 
 4.03000000e-01  6.23339696e-11  3.13324033e-13  1.98944106e+02 
 4.04000000e-01  6.47346308e-11  3.20670588e-13  2.01872679e+02 
 4.05000000e-01  6.72277563e-11  3.28194085e-13  2.04841462e+02 
 4.06000000e-01  6.98169022e-11  3.35911871e-13  2.07842914e+02 
 4.07000000e-01  7.25057583e-11  3.43836090e-13  2.10873031e+02 
 4.08000000e-01  7.52981843e-11  3.51968475e-13  2.13934456e+02 
 4.09000000e-01  7.81981511e-11  3.60300353e-13  2.17036010e+02 
 4.10000000e-01  8.12098132e-11  3.68854277e-13  2.20167742e+02 
 4.11000000e-01  8.43374641e-11  3.77631979e-13  2.23332421e+02 
 4.12000000e-01  8.75855707e-11  3.86645605e-13  2.26526746e+02 
 4.13000000e-01  9.09587821e-11  3.95891683e-13  2.29756739e+02 
 4.14000000e-01  9.44619053e-11  4.05378888e-13  2.33021275e+02 
 4.15000000e-01  9.80999413e-11  4.15115894e-13  2.36319406e+02 
 4.16000000e-01  1.01878101e-10  4.25120047e-13  2.39645489e+02 
 4.17000000e-01  1.05801770e-10  4.35384409e-13  2.43007715e+02 
 4.18000000e-01  1.09876557e-10  4.45919388e-13  2.46404531e+02 
 4.19000000e-01  1.14108275e-10  4.56731923e-13  2.49836434e+02 
 4.20000000e-01  1.18502985e-10  4.67844565e-13  2.53295633e+02 
 4.21000000e-01  1.23066944e-10  4.79246907e-13  2.56792359e+02 
 4.22000000e-01  1.27806673e-10  4.90956295e-13  2.60321895e+02 
 4.23000000e-01  1.32728954e-10  5.02988342e-13  2.63880777e+02 
 4.24000000e-01  1.37840815e-10  5.15348252e-13  2.67471199e+02 
 4.25000000e-01  1.43149551e-10  5.28036025e-13  2.71098077e+02 
 4.26000000e-01  1.48662747e-10  5.41075948e-13  2.74753937e+02 
 4.27000000e-01  1.54388275e-10  5.54464550e-13  2.78445709e+02 
 4.28000000e-01  1.60334322e-10  5.68222650e-13  2.82168129e+02 
 4.29000000e-01  1.66509365e-10  5.82364123e-13  2.85919683e+02 
 4.30000000e-01  1.72922237e-10  5.96878563e-13  2.89710919e+02 
 4.31000000e-01  1.79582097e-10  6.11804133e-13  2.93528742e+02 
 4.32000000e-01  1.86498452e-10  6.27140833e-13  2.97378901e+02 
 4.33000000e-01  1.93681180e-10  6.42907746e-13  3.01258122e+02 
 4.34000000e-01  2.01140538e-10  6.59104871e-13  3.05172283e+02 
 4.35000000e-01  2.08887190e-10  6.75756494e-13  3.09116068e+02 
 4.36000000e-01  2.16932189e-10  6.92871289e-13  3.13091612e+02 
 4.37000000e-01  2.25287041e-10  7.10471808e-13  3.17094975e+02 
 4.38000000e-01  2.33963661e-10  7.28559786e-13  3.21131725e+02 
 4.39000000e-01  2.42974458e-10  7.47157773e-13  3.25198327e+02 
 4.40000000e-01  2.52332278e-10  7.66284853e-13  3.29293052e+02 
 4.41000000e-01  2.62050518e-10  7.85956637e-13  3.33416000e+02 
 4.42000000e-01  2.72143035e-10  8.06180065e-13  3.37571030e+02 
 4.43000000e-01  2.82624255e-10  8.26975954e-13  3.41756316e+02 
 4.44000000e-01  2.93509144e-10  8.48373793e-13  3.45966773e+02 
 4.45000000e-01  3.04813252e-10  8.70382258e-13  3.50206188e+02 
 4.46000000e-01  3.16552718e-10  8.93018694e-13  3.54474906e+02 
 4.47000000e-01  3.28744316e-10  9.16309123e-13  3.58770100e+02 
 4.48000000e-01  3.41405454e-10  9.40263954e-13  3.63095333e+02 
 4.49000000e-01  3.54554219e-10  9.64923086e-13  3.67442985e+02 
 4.50000000e-01  3.68209391e-10  9.90289988e-13  3.71819766e+02 
 4.51000000e-01  3.82390466e-10  1.01639242e-12  3.76223258e+02 
 4.52000000e-01  3.97117706e-10  1.04326333e-12  3.80649540e+02 
 4.53000000e-01  4.12412142e-10  1.07090793e-12  3.85105132e+02 
 4.54000000e-01  4.28295619e-10  1.09936266e-12  3.89585380e+02 
 4.55000000e-01  4.44790834e-10  1.12865873e-12  3.94087976e+02 
 4.56000000e-01  4.61921323e-10  1.15881002e-12  3.98616956e+02 
 4.57000000e-01  4.79711573e-10  1.18985644e-12  4.03167608e+02 
 4.58000000e-01  4.98186987e-10  1.22182226e-12  4.07740964e+02 
 4.59000000e-01  5.17373948e-10  1.25473005e-12  4.12338852e+02 
 4.60000000e-01  5.37299865e-10  1.28861449e-12  4.16959354e+02 
 4.61000000e-01  5.57993196e-10  1.32349814e-12  4.21604820e+02 
 4.62000000e-01  5.79483493e-10  1.35943998e-12  4.26266332e+02 
 4.63000000e-01  6.01801460e-10  1.39645215e-12  4.30950290e+02 
 4.64000000e-01  6.24978961e-10  1.43457108e-12  4.35655624e+02 
 4.65000000e-01  6.49049101e-10  1.47383668e-12  4.40380613e+02 
 4.66000000e-01  6.74046261e-10  1.51428710e-12  4.45124482e+02 
 4.67000000e-01  7.00006145e-10  1.55595878e-12  4.49887332e+02 
 4.68000000e-01  7.26965826e-10  1.59888988e-12  4.54669101e+02 
 4.69000000e-01  7.54963811e-10  1.64312204e-12  4.59469104e+02 
 4.70000000e-01  7.84040089e-10  1.68870556e-12  4.64284661e+02 
 4.71000000e-01  8.14236186e-10  1.73567340e-12  4.69118317e+02 
 4.72000000e-01  8.45595221e-10  1.78408456e-12  4.73965888e+02 
 4.73000000e-01  8.78162002e-10  1.83396677e-12  4.78832013e+02 
 4.74000000e-01  9.11983024e-10  1.88538077e-12  4.83712913e+02 
 4.75000000e-01  9.47106601e-10  1.93837338e-12  4.88608959e+02 
 4.76000000e-01  9.83582886e-10  1.99300534e-12  4.93517437e+02 
 4.77000000e-01  1.02146399e-09  2.04931826e-12  4.98440877e+02 
 4.78000000e-01  1.06080401e-09  2.10737981e-12  5.03375806e+02 
 4.79000000e-01  1.10165913e-09  2.16724377e-12  5.08322667e+02 
 4.80000000e-01  1.14408770e-09  2.22896391e-12  5.13282290e+02 
 4.81000000e-01  1.18815033e-09  2.29260443e-12  5.18253525e+02 
 4.82000000e-01  1.23390993e-09  2.35823298e-12  5.23234956e+02 
 4.83000000e-01  1.28143187e-09  2.42591547e-12  5.28226100e+02 
 4.84000000e-01  1.33078401e-09  2.49572305e-12  5.33225835e+02 
 4.85000000e-01  1.38203685e-09  2.56772163e-12  5.38234688e+02 
 4.86000000e-01  1.43526357e-09  2.64198060e-12  5.43252882e+02 
 4.87000000e-01  1.49054021e-09  2.71857803e-12  5.48279355e+02 
 4.88000000e-01  1.54794570e-09  2.79760414e-12  5.53311201e+02 
 4.89000000e-01  1.60756204e-09  2.87913004e-12  5.58349925e+02 
 4.90000000e-01  1.66947437e-09  2.96324248e-12  5.63394452e+02 
 4.91000000e-01  1.73377111e-09  3.05003168e-12  5.68443642e+02 
 4.92000000e-01  1.80054409e-09  3.13957569e-12  5.73499182e+02 
 4.93000000e-01  1.86988867e-09  3.23198556e-12  5.78557249e+02 
 4.94000000e-01  1.94190390e-09  3.32734281e-12  5.83620029e+02 
 4.95000000e-01  2.01669262e-09  3.42575327e-12  5.88685894e+02 
 4.96000000e-01  2.09436165e-09  3.52732104e-12  5.93754192e+02 
 4.97000000e-01  2.17502192e-09  3.63215714e-12  5.98823738e+02 
 4.98000000e-01  2.25878860e-09  3.74036741e-12  6.03894846e+02 
 4.99000000e-01  2.34578136e-09  3.85207328e-12  6.08965923e+02 
 5.00000000e-01  2.43612442e-09  3.96738579e-12  6.14037695e+02 
 5.01000000e-01  2.52994681e-09  4.08642984e-12  6.19109322e+02 
 5.02000000e-01  2.62738254e-09  4.20933730e-12  6.24179616e+02 
 5.03000000e-01  2.72857074e-09  4.33623654e-12  6.29248593e+02 
 5.04000000e-01  2.83365594e-09  4.46727156e-12  6.34314681e+02 
 5.05000000e-01  2.94278822e-09  4.60256555e-12  6.39379969e+02 
 5.06000000e-01  3.05612343e-09  4.74228331e-12  6.44441345e+02 
 5.07000000e-01  3.17382343e-09  4.88657232e-12  6.49498917e+02 
 5.08000000e-01  3.29605634e-09  5.03558526e-12  6.54552781e+02 
 5.09000000e-01  3.42299669e-09  5.18949909e-12  6.59600596e+02 
 5.10000000e-01  3.55482581e-09  5.34846475e-12  6.64644150e+02 
 5.11000000e-01  3.69173194e-09  5.51266095e-12  6.69682386e+02 
 5.12000000e-01  3.83391061e-09  5.68227332e-12  6.74714220e+02 
 5.13000000e-01  3.98156488e-09  5.85748752e-12  6.79739371e+02 
 5.14000000e-01  4.13490562e-09  6.03849613e-12  6.84757517e+02 
 5.15000000e-01  4.29415183e-09  6.22551082e-12  6.89766985e+02 
 5.16000000e-01  4.45953091e-09  6.41871552e-12  6.94769990e+02 
 5.17000000e-01  4.63127908e-09  6.61834444e-12  6.99763985e+02 
 5.18000000e-01  4.80964158e-09  6.82462142e-12  7.04748482e+02 
 5.19000000e-01  4.99487316e-09  7.03775813e-12  7.09725039e+02 
 5.20000000e-01  5.18723836e-09  7.25802178e-12  7.14690382e+02 
 5.21000000e-01  5.38701189e-09  7.48563967e-12  7.19646166e+02 
 5.22000000e-01  5.59447903e-09  7.72088074e-12  7.24590785e+02 
 5.23000000e-01  5.80993610e-09  7.96401220e-12  7.29523757e+02 
 5.24000000e-01  6.03369080e-09  8.21528914e-12  7.34446554e+02 
 5.25000000e-01  6.26606264e-09  8.47501867e-12  7.39356795e+02 
 5.26000000e-01  6.50738350e-09  8.74348710e-12  7.44254944e+02 
 5.27000000e-01  6.75799800e-09  9.02100677e-12  7.49140110e+02 
 5.28000000e-01  7.01826406e-09  9.30787615e-12  7.54013477e+02 
 5.29000000e-01  7.28855334e-09  9.60445443e-12  7.58872187e+02 
 5.30000000e-01  7.56925185e-09  9.91106091e-12  7.63717620e+02 
 5.31000000e-01  7.86076046e-09  1.02280548e-11  7.68548918e+02 
 5.32000000e-01  8.16349546e-09  1.05557919e-11  7.73366467e+02 
 5.33000000e-01  8.47788917e-09  1.08946573e-11  7.78169420e+02 
 5.34000000e-01  8.80439058e-09  1.12450538e-11  7.82956732e+02 
 5.35000000e-01  9.14346594e-09  1.16073614e-11  7.87729929e+02 
 5.36000000e-01  9.49559950e-09  1.19820434e-11  7.92485824e+02 
 5.37000000e-01  9.86129411e-09  1.23694851e-11  7.97227535e+02 
 5.38000000e-01  1.02410720e-08  1.27701725e-11  8.01952521e+02 
 5.39000000e-01  1.06354756e-08  1.31845620e-11  8.06661271e+02 
 5.40000000e-01  1.10450679e-08  1.36131309e-11  8.11353978e+02 
 5.41000000e-01  1.14704341e-08  1.40563948e-11  8.16029594e+02 
 5.42000000e-01  1.19121815e-08  1.45148690e-11  8.20688186e+02 
 5.43000000e-01  1.23709409e-08  1.49890951e-11  8.25329403e+02 
 5.44000000e-01  1.28473675e-08  1.54796251e-11  8.29953400e+02 
 5.45000000e-01  1.33421416e-08  1.59870457e-11  8.34559544e+02 
 5.46000000e-01  1.38559697e-08  1.65119505e-11  8.39147966e+02 
 5.47000000e-01  1.43895857e-08  1.70549593e-11  8.43718555e+02 
 5.48000000e-01  1.49437514e-08  1.76167300e-11  8.48270446e+02 
 5.49000000e-01  1.55192583e-08  1.81979084e-11  8.52804511e+02 
 5.50000000e-01  1.61169283e-08  1.87992079e-11  8.57319541e+02 
 5.51000000e-01  1.67376146e-08  1.94213230e-11  8.61816397e+02 
 5.52000000e-01  1.73822037e-08  2.00650142e-11  8.66294117e+02 
 5.53000000e-01  1.80516161e-08  2.07310401e-11  8.70753035e+02 
 5.54000000e-01  1.87468076e-08  2.14201995e-11  8.75192949e+02 
 5.55000000e-01  1.94687709e-08  2.21333102e-11  8.79614061e+02 
 5.56000000e-01  2.02185370e-08  2.28712456e-11  8.84015558e+02 
 5.57000000e-01  2.09971765e-08  2.36348879e-11  8.88397549e+02 
 5.58000000e-01  2.18058012e-08  2.44251521e-11  8.92760097e+02 
 5.59000000e-01  2.26455658e-08  2.52429796e-11  8.97103516e+02 
 5.60000000e-01  2.35176694e-08  2.60893829e-11  9.01426817e+02 
 5.61000000e-01  2.44233573e-08  2.69653502e-11  9.05731137e+02 
 5.62000000e-01  2.53639227e-08  2.78719879e-11  9.10014846e+02 
 5.63000000e-01  2.63407088e-08  2.88103417e-11  9.14279638e+02 
 5.64000000e-01  2.73551101e-08  2.97815962e-11  9.18523972e+02 
 5.65000000e-01  2.84085752e-08  3.07869016e-11  9.22748756e+02 
 5.66000000e-01  2.95026082e-08  3.18274878e-11  9.26953721e+02 
 5.67000000e-01  3.06387713e-08  3.29046403e-11  9.31138313e+02 
 5.68000000e-01  3.18186868e-08  3.40196330e-11  9.35303645e+02 
 5.69000000e-01  3.30440393e-08  3.51738611e-11  9.39448736e+02 
 5.70000000e-01  3.43165786e-08  3.63687130e-11  9.43574180e+02 
 5.71000000e-01  3.56381214e-08  3.76056781e-11  9.47679266e+02 
 5.72000000e-01  3.70105548e-08  3.88862441e-11  9.51764708e+02 
 5.73000000e-01  3.84358382e-08  4.02119928e-11  9.55830227e+02 
 5.74000000e-01  3.99160068e-08  4.15845495e-11  9.59875896e+02 
 5.75000000e-01  4.14531737e-08  4.30056022e-11  9.63901714e+02 
 5.76000000e-01  4.30495338e-08  4.44769017e-11  9.67907658e+02 
 5.77000000e-01  4.47073661e-08  4.60002528e-11  9.71893921e+02 
 5.78000000e-01  4.64290377e-08  4.75775406e-11  9.75860398e+02 
 5.79000000e-01  4.82170066e-08  4.92107007e-11  9.79807357e+02 
 5.80000000e-01  5.00738255e-08  5.09017646e-11  9.83734569e+02 
 5.81000000e-01  5.20021453e-08  5.26528232e-11  9.87642107e+02 
 5.82000000e-01  5.40047190e-08  5.44660372e-11  9.91530168e+02 
 5.83000000e-01  5.60844057e-08  5.63436251e-11  9.95399312e+02 
 5.84000000e-01  5.82441743e-08  5.82879707e-11  9.99248620e+02 
 5.85000000e-01  6.04871082e-08  6.03014463e-11  1.00307890e+03 
 5.86000000e-01  6.28164094e-08  6.23865791e-11  1.00688979e+03 
 5.87000000e-01  6.52354032e-08  6.45459526e-11  1.01068155e+03 
 5.88000000e-01  6.77475428e-08  6.67822378e-11  1.01445452e+03 
 5.89000000e-01  7.03564144e-08  6.90982486e-11  1.01820836e+03 
 5.90000000e-01  7.30657424e-08  7.14968414e-11  1.02194364e+03 
 5.91000000e-01  7.58793942e-08  7.39810402e-11  1.02566001e+03 
 5.92000000e-01  7.88013862e-08  7.65539167e-11  1.02935800e+03 
 5.93000000e-01  8.18358896e-08  7.92187172e-11  1.03303730e+03 
 5.94000000e-01  8.49872359e-08  8.19787586e-11  1.03669825e+03 
 5.95000000e-01  8.82599233e-08  8.48375030e-11  1.04034089e+03 
 5.96000000e-01  9.16586233e-08  8.77985300e-11  1.04396535e+03 
 5.97000000e-01  9.51881871e-08  9.08655439e-11  1.04757186e+03 
 5.98000000e-01  9.88536524e-08  9.40424033e-11  1.05116042e+03 
 5.99000000e-01  1.02660251e-07  9.73331004e-11  1.05473113e+03 
 6.00000000e-01  1.06613416e-07  1.00741759e-10  1.05828424e+03 
 6.01000000e-01  1.10718790e-07  1.04272677e-10  1.06181977e+03 
 6.02000000e-01  1.14982232e-07  1.07930290e-10  1.06533793e+03 
 6.03000000e-01  1.19409826e-07  1.11719205e-10  1.06883885e+03 
 6.04000000e-01  1.24007892e-07  1.15644205e-10  1.07232257e+03 
 6.05000000e-01  1.28782991e-07  1.19710236e-10  1.07578930e+03 
 6.06000000e-01  1.33741939e-07  1.23922426e-10  1.07923919e+03 
 6.07000000e-01  1.38891811e-07  1.28286103e-10  1.08267230e+03 
 6.08000000e-01  1.44239957e-07  1.32806763e-10  1.08608894e+03 
 6.09000000e-01  1.49794008e-07  1.37490145e-10  1.08948905e+03 
 6.10000000e-01  1.55561890e-07  1.42342153e-10  1.09287296e+03 
 6.11000000e-01  1.61551832e-07  1.47368952e-10  1.09624062e+03 
 6.12000000e-01  1.67772383e-07  1.52576901e-10  1.09959228e+03 
 6.13000000e-01  1.74232416e-07  1.57972592e-10  1.10292813e+03 
 6.14000000e-01  1.80941149e-07  1.63562872e-10  1.10624830e+03 
 6.15000000e-01  1.87908154e-07  1.69354841e-10  1.10955289e+03 
 6.16000000e-01  1.95143369e-07  1.75355847e-10  1.11284210e+03 
 6.17000000e-01  2.02657118e-07  1.81573516e-10  1.11611606e+03 
 6.18000000e-01  2.10460118e-07  1.88015761e-10  1.11937487e+03 
 6.19000000e-01  2.18563501e-07  1.94690762e-10  1.12261875e+03 
 6.20000000e-01  2.26978825e-07  2.01607025e-10  1.12584780e+03 
 6.21000000e-01  2.35718095e-07  2.08773333e-10  1.12906228e+03 
 6.22000000e-01  2.44793775e-07  2.16198839e-10  1.13226221e+03 
 6.23000000e-01  2.54218810e-07  2.23892994e-10  1.13544781e+03 
 6.24000000e-01  2.64006641e-07  2.31865622e-10  1.13861916e+03 
 6.25000000e-01  2.74171227e-07  2.40126876e-10  1.14177651e+03 
 6.26000000e-01  2.84727064e-07  2.48687301e-10  1.14491999e+03 
 6.27000000e-01  2.95689203e-07  2.57557845e-10  1.14804969e+03 
 6.28000000e-01  3.07073276e-07  2.66749816e-10  1.15116584e+03 
 6.29000000e-01  3.18895514e-07  2.76274972e-10  1.15426856e+03 
 6.30000000e-01  3.31172774e-07  2.86145498e-10  1.15735797e+03 
 6.31000000e-01  3.43922557e-07  2.96374009e-10  1.16043427e+03 
 6.32000000e-01  3.57163040e-07  3.06973610e-10  1.16349754e+03 
 6.33000000e-01  3.70913096e-07  3.17957863e-10  1.16654796e+03 
 6.34000000e-01  3.85192326e-07  3.29340820e-10  1.16958574e+03 
 6.35000000e-01  4.00021079e-07  3.41137083e-10  1.17261095e+03 
 6.36000000e-01  4.15420491e-07  3.53361769e-10  1.17562376e+03 
 6.37000000e-01  4.31412506e-07  3.66030548e-10  1.17862432e+03 
 6.38000000e-01  4.48019912e-07  3.79159668e-10  1.18161279e+03 
 6.39000000e-01  4.65266373e-07  3.92765988e-10  1.18458926e+03 
 6.40000000e-01  4.83176458e-07  4.06866969e-10  1.18755391e+03 
 6.41000000e-01  5.01775685e-07  4.21480695e-10  1.19050692e+03 
 6.42000000e-01  5.21090545e-07  4.36625970e-10  1.19344835e+03 
 6.43000000e-01  5.41148550e-07  4.52322233e-10  1.19637840e+03 
 6.44000000e-01  5.61978268e-07  4.68589666e-10  1.19929719e+03 
 6.45000000e-01  5.83609359e-07  4.85449193e-10  1.20220482e+03 
 6.46000000e-01  6.06072625e-07  5.02922480e-10  1.20510148e+03 
 6.47000000e-01  6.29400049e-07  5.21032036e-10  1.20798724e+03 
 6.48000000e-01  6.53624837e-07  5.39801147e-10  1.21086226e+03 
 6.49000000e-01  6.78781473e-07  5.59253982e-10  1.21372667e+03 
 6.50000000e-01  7.04905761e-07  5.79415563e-10  1.21658065e+03 
 6.51000000e-01  7.32034878e-07  6.00311899e-10  1.21942423e+03 
 6.52000000e-01  7.60207423e-07  6.21969875e-10  1.22225763e+03 
 6.53000000e-01  7.89463480e-07  6.44417441e-10  1.22508087e+03 
 6.54000000e-01  8.19844662e-07  6.67683500e-10  1.22789415e+03 
 6.55000000e-01  8.51394182e-07  6.91798064e-10  1.23069755e+03 
 6.56000000e-01  8.84156904e-07  7.16792237e-10  1.23349118e+03 
 6.57000000e-01  9.18179412e-07  7.42698229e-10  1.23627521e+03 
 6.58000000e-01  9.53510071e-07  7.69549502e-10  1.23904969e+03 
 6.59000000e-01  9.90199098e-07  7.97380685e-10  1.24181475e+03 
 6.60000000e-01  1.02829863e-06  8.26227715e-10  1.24457049e+03 
 6.61000000e-01  1.06786281e-06  8.56127817e-10  1.24731703e+03 
 6.62000000e-01  1.10894783e-06  8.87119619e-10  1.25005446e+03 
 6.63000000e-01  1.15161205e-06  9.19243128e-10  1.25278288e+03 
 6.64000000e-01  1.19591605e-06  9.52539847e-10  1.25550238e+03 
 6.65000000e-01  1.24192273e-06  9.87052788e-10  1.25821308e+03 
 6.66000000e-01  1.28969738e-06  1.02282655e-09  1.26091504e+03 
 6.67000000e-01  1.33930781e-06  1.05990737e-09  1.26360836e+03 
 6.68000000e-01  1.39082439e-06  1.09834315e-09  1.26629313e+03 
 6.69000000e-01  1.44432019e-06  1.13818360e-09  1.26896943e+03 
 6.70000000e-01  1.49987108e-06  1.17948022e-09  1.27163732e+03 
 6.71000000e-01  1.55755579e-06  1.22228639e-09  1.27429692e+03 
 6.72000000e-01  1.61745608e-06  1.26665748e-09  1.27694827e+03 
 6.73000000e-01  1.67965681e-06  1.31265087e-09  1.27959144e+03 
 6.74000000e-01  1.74424609e-06  1.36032604e-09  1.28222650e+03 
 6.75000000e-01  1.81131537e-06  1.40974465e-09  1.28485351e+03 
 6.76000000e-01  1.88095957e-06  1.46097063e-09  1.28747255e+03 
 6.77000000e-01  1.95327725e-06  1.51407025e-09  1.29008364e+03 
 6.78000000e-01  2.02837070e-06  1.56911219e-09  1.29268685e+03 
 6.79000000e-01  2.10634610e-06  1.62616767e-09  1.29528224e+03 
 6.80000000e-01  2.18731365e-06  1.68531051e-09  1.29786982e+03 
 6.81000000e-01  2.27138777e-06  1.74661721e-09  1.30044966e+03 
 6.82000000e-01  2.35868717e-06  1.81016712e-09  1.30302178e+03 
 6.83000000e-01  2.44933511e-06  1.87604242e-09  1.30558621e+03 
 6.84000000e-01  2.54345950e-06  1.94432835e-09  1.30814299e+03 
 6.85000000e-01  2.64119309e-06  2.01511326e-09  1.31069213e+03 
 6.86000000e-01  2.74267366e-06  2.08848875e-09  1.31323363e+03 
 6.87000000e-01  2.84804420e-06  2.16454969e-09  1.31576753e+03 
 6.88000000e-01  2.95745311e-06  2.24339451e-09  1.31829382e+03 
 6.89000000e-01  3.07105440e-06  2.32512518e-09  1.32081250e+03 
 6.90000000e-01  3.18900787e-06  2.40984739e-09  1.32332358e+03 
 6.91000000e-01  3.31147938e-06  2.49767073e-09  1.32582704e+03 
 6.92000000e-01  3.43864165e-06  2.58870927e-09  1.32832284e+03 
 6.93000000e-01  3.57067205e-06  2.68307975e-09  1.33081100e+03 
 6.94000000e-01  3.70775643e-06  2.78090461e-09  1.33329148e+03 
 6.95000000e-01  3.85008706e-06  2.88231031e-09  1.33576425e+03 
 6.96000000e-01  3.99786340e-06  2.98742789e-09  1.33822926e+03 
 6.97000000e-01  4.15129241e-06  3.09639318e-09  1.34068646e+03 
 6.98000000e-01  4.31058880e-06  3.20934694e-09  1.34313581e+03 
 6.99000000e-01  4.47597532e-06  3.32643506e-09  1.34557724e+03 
 7.00000000e-01  4.64768303e-06  3.44780874e-09  1.34801069e+03 
 7.01000000e-01  4.82595164e-06  3.57362464e-09  1.35043608e+03 
 7.02000000e-01  5.01102981e-06  3.70404518e-09  1.35285332e+03 
 7.03000000e-01  5.20317544e-06  3.83923859e-09  1.35526233e+03 
 7.04000000e-01  5.40265603e-06  3.97937927e-09  1.35766301e+03 
 7.05000000e-01  5.60974903e-06  4.12464791e-09  1.36005525e+03 
 7.06000000e-01  5.82474220e-06  4.27523177e-09  1.36243893e+03 
 7.07000000e-01  6.04793391e-06  4.43132485e-09  1.36481394e+03 
 7.08000000e-01  6.27963363e-06  4.59312822e-09  1.36718013e+03 
 7.09000000e-01  6.52016222e-06  4.76085021e-09  1.36953736e+03 
 7.10000000e-01  6.76985238e-06  4.93470663e-09  1.37188548e+03 
 7.11000000e-01  7.02904907e-06  5.11492113e-09  1.37422433e+03 
 7.12000000e-01  7.29810992e-06  5.30172542e-09  1.37655373e+03 
 7.13000000e-01  7.57740567e-06  5.49535956e-09  1.37887350e+03 
 7.14000000e-01  7.86732064e-06  5.69607223e-09  1.38118344e+03 
 7.15000000e-01  8.16825320e-06  5.90412108e-09  1.38348335e+03 
 7.16000000e-01  8.48061623e-06  6.11977304e-09  1.38577300e+03 
 7.17000000e-01  8.80483764e-06  6.34330456e-09  1.38805217e+03 
 7.18000000e-01  9.14136088e-06  6.57500208e-09  1.39032061e+03 
 7.19000000e-01  9.49064544e-06  6.81516225e-09  1.39257806e+03 
 7.20000000e-01  9.85316744e-06  7.06409236e-09  1.39482427e+03 
 7.21000000e-01  1.02294201e-05  7.32211071e-09  1.39705893e+03 
 7.22000000e-01  1.06199145e-05  7.58954688e-09  1.39928176e+03 
 7.23000000e-01  1.10251799e-05  7.86674232e-09  1.40149244e+03 
 7.24000000e-01  1.14457645e-05  8.15405053e-09  1.40369065e+03 
 7.25000000e-01  1.18822361e-05  8.45183764e-09  1.40587605e+03 
 7.26000000e-01  1.23351826e-05  8.76048279e-09  1.40804827e+03 
 7.27000000e-01  1.28052128e-05  9.08037853e-09  1.41020694e+03 
 7.28000000e-01  1.32929570e-05  9.41193135e-09  1.41235167e+03 
 7.29000000e-01  1.37990675e-05  9.75556203e-09  1.41448206e+03 
 7.30000000e-01  1.43242196e-05  1.01117063e-08  1.41659767e+03 
 7.31000000e-01  1.48691122e-05  1.04808152e-08  1.41869806e+03 
 7.32000000e-01  1.54344685e-05  1.08633556e-08  1.42078277e+03 
 7.33000000e-01  1.60210367e-05  1.12598108e-08  1.42285132e+03 
 7.34000000e-01  1.66295907e-05  1.16706810e-08  1.42490320e+03 
 7.35000000e-01  1.72609313e-05  1.20964840e-08  1.42693789e+03 
 7.36000000e-01  1.79158864e-05  1.25377555e-08  1.42895485e+03 
 7.37000000e-01  1.85953121e-05  1.29950499e-08  1.43095350e+03 
 7.38000000e-01  1.93000936e-05  1.34689409e-08  1.43293328e+03 
 7.39000000e-01  2.00311458e-05  1.39600221e-08  1.43489356e+03 
 7.40000000e-01  2.07894144e-05  1.44689077e-08  1.43683372e+03 
 7.41000000e-01  2.15758764e-05  1.49962328e-08  1.43875309e+03 
 7.42000000e-01  2.23915412e-05  1.55426547e-08  1.44065101e+03 
 7.43000000e-01  2.32374517e-05  1.61088530e-08  1.44252677e+03 
 7.44000000e-01  2.41146845e-05  1.66955306e-08  1.44437964e+03 
 7.45000000e-01  2.50243514e-05  1.73034146e-08  1.44620886e+03 
 7.46000000e-01  2.59676001e-05  1.79332564e-08  1.44801365e+03 
 7.47000000e-01  2.69456150e-05  1.85858334e-08  1.44979321e+03 
 7.48000000e-01  2.79596182e-05  1.92619488e-08  1.45154670e+03 
 7.49000000e-01  2.90108703e-05  1.99624332e-08  1.45327326e+03 
 7.50000000e-01  3.01006713e-05  2.06881449e-08  1.45497199e+03 
 7.51000000e-01  3.12303618e-05  2.14399710e-08  1.45664198e+03 
 7.52000000e-01  3.24013233e-05  2.22188281e-08  1.45828228e+03 
 7.53000000e-01  3.36149796e-05  2.30256634e-08  1.45989190e+03 
 7.54000000e-01  3.48727974e-05  2.38614552e-08  1.46146985e+03 
 7.55000000e-01  3.61762872e-05  2.47272141e-08  1.46301508e+03 
 7.56000000e-01  3.75270042e-05  2.56239840e-08  1.46452652e+03 
 7.57000000e-01  3.89265491e-05  2.65528426e-08  1.46600308e+03 
 7.58000000e-01  4.03765687e-05  2.75149030e-08  1.46744361e+03 
 7.59000000e-01  4.18787571e-05  2.85113140e-08  1.46884697e+03 
 7.60000000e-01  4.34348559e-05  2.95432614e-08  1.47021195e+03 
 7.61000000e-01  4.50466554e-05  3.06119693e-08  1.47153732e+03 
 7.62000000e-01  4.67159949e-05  3.17187005e-08  1.47282184e+03 
 7.63000000e-01  4.84447637e-05  3.28647580e-08  1.47406421e+03 
 7.64000000e-01  5.02349011e-05  3.40514858e-08  1.47526312e+03 
 7.65000000e-01  5.20883976e-05  3.52802700e-08  1.47641721e+03 
 7.66000000e-01  5.40072950e-05  3.65525400e-08  1.47752509e+03 
 7.67000000e-01  5.59936868e-05  3.78697695e-08  1.47858536e+03 
 7.68000000e-01  5.80497189e-05  3.92334774e-08  1.47959658e+03 
 7.69000000e-01  6.01775894e-05  4.06452293e-08  1.48055726e+03 
 7.70000000e-01  6.23795491e-05  4.21066381e-08  1.48146592e+03 
 7.71000000e-01  6.46579017e-05  4.36193655e-08  1.48232101e+03 
 7.72000000e-01  6.70150037e-05  4.51851231e-08  1.48312097e+03 
 7.73000000e-01  6.94532645e-05  4.68056731e-08  1.48386424e+03 
 7.74000000e-01  7.19751460e-05  4.84828301e-08  1.48454919e+03 
 7.75000000e-01  7.45833462e-05  5.02186078e-08  1.48517351e+03 
 7.76000000e-01  7.72800892e-05  5.20146554e-08  1.48573683e+03 
 7.77000000e-01  8.00681554e-05  5.38730790e-08  1.48623685e+03 
 7.78000000e-01  8.29502148e-05  5.57959130e-08  1.48667188e+03 
 7.79000000e-01  8.59289875e-05  5.77852490e-08  1.48704019e+03 
 7.80000000e-01  8.90072438e-05  5.98432376e-08  1.48734005e+03 
 7.81000000e-01  9.21878025e-05  6.19720892e-08  1.48756971e+03 
 7.82000000e-01  9.54735302e-05  6.41740754e-08  1.48772740e+03 
 7.83000000e-01  9.88673403e-05  6.64515298e-08  1.48781135e+03 
 7.84000000e-01  1.02372191e-04  6.88068490e-08  1.48781978e+03 
 7.85000000e-01  1.05991085e-04  7.12424941e-08  1.48775091e+03 
 7.86000000e-01  1.09727068e-04  7.37609915e-08  1.48760294e+03 
 7.87000000e-01  1.13583223e-04  7.63649338e-08  1.48737407e+03 
 7.88000000e-01  1.17562675e-04  7.90569811e-08  1.48706253e+03 
 7.89000000e-01  1.21668584e-04  8.18398618e-08  1.48666654e+03 
 7.90000000e-01  1.25904145e-04  8.47163735e-08  1.48618431e+03 
 7.91000000e-01  1.30272585e-04  8.76893845e-08  1.48561409e+03 
 7.92000000e-01  1.34777161e-04  9.07618343e-08  1.48495413e+03 
 7.93000000e-01  1.39421156e-04  9.39367342e-08  1.48420272e+03 
 7.94000000e-01  1.44207880e-04  9.72171690e-08  1.48335815e+03 
 7.95000000e-01  1.49140660e-04  1.00606297e-07  1.48241873e+03 
 7.96000000e-01  1.54222846e-04  1.04107353e-07  1.48138284e+03 
 7.97000000e-01  1.59457802e-04  1.07723645e-07  1.48024886e+03 
 7.98000000e-01  1.64848903e-04  1.11458559e-07  1.47901521e+03 
 7.99000000e-01  1.70399535e-04  1.15315557e-07  1.47768037e+03 
 8.00000000e-01  1.76113088e-04  1.19298181e-07  1.47624286e+03 
 8.01000000e-01  1.81992954e-04  1.23410050e-07  1.47470124e+03 
 8.02000000e-01  1.88042525e-04  1.27654863e-07  1.47305414e+03 
 8.03000000e-01  1.94265185e-04  1.32036400e-07  1.47130023e+03 
 8.04000000e-01  2.00664312e-04  1.36558519e-07  1.46943826e+03 
 8.05000000e-01  2.07243270e-04  1.41225162e-07  1.46746704e+03 
 8.06000000e-01  2.14005406e-04  1.46040353e-07  1.46538544e+03 
 8.07000000e-01  2.20954048e-04  1.51008197e-07  1.46319242e+03 
 8.08000000e-01  2.28092498e-04  1.56132882e-07  1.46088700e+03 
 8.09000000e-01  2.35424031e-04  1.61418682e-07  1.45846830e+03 
 8.10000000e-01  2.42951890e-04  1.66869952e-07  1.45593552e+03 
 8.11000000e-01  2.50679283e-04  1.72491135e-07  1.45328792e+03 
 8.12000000e-01  2.58609379e-04  1.78286757e-07  1.45052489e+03 
 8.13000000e-01  2.66745302e-04  1.84261430e-07  1.44764589e+03 
 8.14000000e-01  2.75090131e-04  1.90419853e-07  1.44465048e+03 
 8.15000000e-01  2.83646894e-04  1.96766810e-07  1.44153831e+03 
 8.16000000e-01  2.92418566e-04  2.03307173e-07  1.43830915e+03 
 8.17000000e-01  3.01410279e-04  2.10047979e-07  1.43495920e+03 
 8.18000000e-01  3.10620711e-04  2.16990369e-07  1.43149538e+03 
 8.19000000e-01  3.20054645e-04  2.24141334e-07  1.42791443e+03 
 8.20000000e-01  3.29714814e-04  2.31506102e-07  1.42421652e+03 
 8.21000000e-01  3.39603879e-04  2.39089988e-07  1.42040192e+03 
 8.22000000e-01  3.49724430e-04  2.46898401e-07  1.41647102e+03 
 8.23000000e-01  3.60078984e-04  2.54936835e-07  1.41242432e+03 
 8.24000000e-01  3.70669983e-04  2.63210879e-07  1.40826240e+03 
 8.25000000e-01  3.81499789e-04  2.71726212e-07  1.40398597e+03 
 8.26000000e-01  3.92570684e-04  2.80488604e-07  1.39959584e+03 
 8.27000000e-01  4.03884871e-04  2.89503919e-07  1.39509293e+03 
 8.28000000e-01  4.15444467e-04  2.98778113e-07  1.39047825e+03 
 8.29000000e-01  4.27251505e-04  3.08317234e-07  1.38575291e+03 
 8.30000000e-01  4.39307936e-04  3.18127427e-07  1.38091814e+03 
 8.31000000e-01  4.51615619e-04  3.28214928e-07  1.37597526e+03 
 8.32000000e-01  4.64176332e-04  3.38586071e-07  1.37092566e+03 
 8.33000000e-01  4.76991759e-04  3.49247284e-07  1.36577085e+03 
 8.34000000e-01  4.90063502e-04  3.60205093e-07  1.36051242e+03 
 8.35000000e-01  5.03393073e-04  3.71466120e-07  1.35515205e+03 
 8.36000000e-01  5.16981893e-04  3.83037083e-07  1.34969149e+03 
 8.37000000e-01  5.30831301e-04  3.94924803e-07  1.34413260e+03 
 8.38000000e-01  5.44942545e-04  4.07136195e-07  1.33847727e+03 
 8.39000000e-01  5.59316786e-04  4.19678278e-07  1.33272751e+03 
 8.40000000e-01  5.73955102e-04  4.32558170e-07  1.32688536e+03 
 8.41000000e-01  5.88858484e-04  4.45783090e-07  1.32095294e+03 
 8.42000000e-01  6.04027839e-04  4.59360361e-07  1.31493244e+03 
 8.43000000e-01  6.19463993e-04  4.73297408e-07  1.30882608e+03 
 8.44000000e-01  6.35167688e-04  4.87601761e-07  1.30263617e+03 
 8.45000000e-01  6.51139589e-04  5.02281055e-07  1.29636502e+03 
 8.46000000e-01  6.67380280e-04  5.17343030e-07  1.29001502e+03 
 8.47000000e-01  6.83890268e-04  5.32795535e-07  1.28358859e+03 
 8.48000000e-01  7.00669988e-04  5.48646526e-07  1.27708817e+03 
 8.49000000e-01  7.17719798e-04  5.64904068e-07  1.27051625e+03 
 8.50000000e-01  7.35039986e-04  5.81576337e-07  1.26387533e+03 
 8.51000000e-01  7.52630772e-04  5.98671618e-07  1.25716795e+03 
 8.52000000e-01  7.70492306e-04  6.16198311e-07  1.25039665e+03 
 8.53000000e-01  7.88624674e-04  6.34164929e-07  1.24356400e+03 
 8.54000000e-01  8.07038195e-04  6.52593678e-07  1.23666260e+03 
 8.55000000e-01  8.25712990e-04  6.71467303e-07  1.22971437e+03 
 8.56000000e-01  8.44658543e-04  6.90807164e-07  1.22271248e+03 
 8.57000000e-01  8.63874700e-04  7.10622241e-07  1.21565953e+03 
 8.58000000e-01  8.83361254e-04  7.30921642e-07  1.20855808e+03 
 8.59000000e-01  9.03117944e-04  7.51714588e-07  1.20141069e+03 
 8.60000000e-01  9.23144456e-04  7.73010427e-07  1.19421993e+03 
 8.61000000e-01  9.43440431e-04  7.94818630e-07  1.18698832e+03 
 8.62000000e-01  9.64005461e-04  8.17148790e-07  1.17971840e+03 
 8.63000000e-01  9.84839095e-04  8.40010629e-07  1.17241266e+03 
 8.64000000e-01  1.00594084e-03  8.63413997e-07  1.16507358e+03 
 8.65000000e-01  1.02731016e-03  8.87368874e-07  1.15770363e+03 
 8.66000000e-01  1.04894649e-03  9.11885367e-07  1.15030522e+03 
 8.67000000e-01  1.07084922e-03  9.36973720e-07  1.14288074e+03 
 8.68000000e-01  1.09301771e-03  9.62644308e-07  1.13543258e+03 
 8.69000000e-01  1.11545128e-03  9.88907643e-07  1.12796305e+03 
 8.70000000e-01  1.13814923e-03  1.01577437e-06  1.12047445e+03 
 8.71000000e-01  1.16111083e-03  1.04325528e-06  1.11296904e+03 
 8.72000000e-01  1.18433532e-03  1.07136130e-06  1.10544904e+03 
 8.73000000e-01  1.20782191e-03  1.10010349e-06  1.09791663e+03 
 8.74000000e-01  1.23156981e-03  1.12949307e-06  1.09037394e+03 
 8.75000000e-01  1.25557817e-03  1.15954139e-06  1.08282307e+03 
 8.76000000e-01  1.27984616e-03  1.19025996e-06  1.07526608e+03 
 8.77000000e-01  1.30437290e-03  1.22166043e-06  1.06770496e+03 
 8.78000000e-01  1.32915751e-03  1.25375460e-06  1.06014168e+03 
 8.79000000e-01  1.35419910e-03  1.28655443e-06  1.05257817e+03 
 8.80000000e-01  1.37949675e-03  1.32007202e-06  1.04501628e+03 
 8.81000000e-01  1.40504952e-03  1.35431963e-06  1.03745784e+03 
 8.82000000e-01  1.43085650e-03  1.38930969e-06  1.02990464e+03 
 8.83000000e-01  1.45691672e-03  1.42505478e-06  1.02235840e+03 
 8.84000000e-01  1.48322924e-03  1.46156764e-06  1.01482080e+03 
 8.85000000e-01  1.50979309e-03  1.49886117e-06  1.00729348e+03 
 8.86000000e-01  1.53660729e-03  1.53694844e-06  9.99778030e+02 
 8.87000000e-01  1.56367087e-03  1.57584270e-06  9.92275988e+02 
 8.88000000e-01  1.59098285e-03  1.61555734e-06  9.84788851e+02 
 8.89000000e-01  1.61854225e-03  1.65610594e-06  9.77318065e+02 
 8.90000000e-01  1.64634807e-03  1.69750225e-06  9.69865032e+02 
 8.91000000e-01  1.67439934e-03  1.73976020e-06  9.62431107e+02 
 8.92000000e-01  1.70269505e-03  1.78289389e-06  9.55017600e+02 
 8.93000000e-01  1.73123421e-03  1.82691761e-06  9.47625777e+02 
 8.94000000e-01  1.76001585e-03  1.87184580e-06  9.40256855e+02 
 8.95000000e-01  1.78903896e-03  1.91769314e-06  9.32912012e+02 
 8.96000000e-01  1.81830257e-03  1.96447443e-06  9.25592380e+02 
 8.97000000e-01  1.84780568e-03  2.01220472e-06  9.18299048e+02 
 8.98000000e-01  1.87754732e-03  2.06089921e-06  9.11033063e+02 
 8.99000000e-01  1.90752651e-03  2.11057330e-06  9.03795432e+02 
 9.00000000e-01  1.93774227e-03  2.16124260e-06  8.96587119e+02 
 9.01000000e-01  1.96819365e-03  2.21292290e-06  8.89409048e+02 
 9.02000000e-01  1.99887967e-03  2.26563020e-06  8.82262106e+02 
 9.03000000e-01  2.02979939e-03  2.31938071e-06  8.75147139e+02 
 9.04000000e-01  2.06095185e-03  2.37419082e-06  8.68064956e+02 
 9.05000000e-01  2.09237650e-03  2.43017840e-06  8.60997079e+02 
 9.06000000e-01  2.12399322e-03  2.48716315e-06  8.53982265e+02 
 9.07000000e-01  2.15583993e-03  2.54525825e-06  8.47002432e+02 
 9.08000000e-01  2.18791566e-03  2.60448084e-06  8.40058269e+02 
 9.09000000e-01  2.22021955e-03  2.66484847e-06  8.33150394e+02 
 9.10000000e-01  2.25275068e-03  2.72637883e-06  8.26279405e+02 
 9.11000000e-01  2.28550816e-03  2.78908985e-06  8.19445871e+02 
 9.12000000e-01  2.31849110e-03  2.85299966e-06  8.12650326e+02 
 9.13000000e-01  2.35169863e-03  2.91812663e-06  8.05893275e+02 
 9.14000000e-01  2.38512988e-03  2.98448938e-06  7.99175195e+02 
 9.15000000e-01  2.41878400e-03  3.05210674e-06  7.92496530e+02 
 9.16000000e-01  2.45266014e-03  3.12099778e-06  7.85857700e+02 
 9.17000000e-01  2.48675746e-03  3.19118182e-06  7.79259096e+02 
 9.18000000e-01  2.52107514e-03  3.26267841e-06  7.72701081e+02 
 9.19000000e-01  2.55561235e-03  3.33550736e-06  7.66183995e+02 
 9.20000000e-01  2.59036830e-03  3.40968871e-06  7.59708150e+02 
 9.21000000e-01  2.62534219e-03  3.48524277e-06  7.53273837e+02 
 9.22000000e-01  2.66053324e-03  3.56219009e-06  7.46881321e+02 
 9.23000000e-01  2.69594068e-03  3.64055149e-06  7.40530845e+02 
 9.24000000e-01  2.73156373e-03  3.72034805e-06  7.34222631e+02 
 9.25000000e-01  2.76740165e-03  3.80160109e-06  7.27956877e+02 
 9.26000000e-01  2.80345371e-03  3.88433222e-06  7.21733762e+02 
 9.27000000e-01  2.83971917e-03  3.96856333e-06  7.15553446e+02 
 9.28000000e-01  2.87619731e-03  4.05431656e-06  7.09416068e+02 
 9.29000000e-01  2.91288743e-03  4.14161432e-06  7.03321748e+02 
 9.30000000e-01  2.94978883e-03  4.23047934e-06  6.97270591e+02 
 9.31000000e-01  2.98690083e-03  4.32093459e-06  6.91262682e+02 
 9.32000000e-01  3.02422276e-03  4.41300335e-06  6.85298088e+02 
 9.33000000e-01  3.06175396e-03  4.50670919e-06  6.79376864e+02 
 9.34000000e-01  3.09949377e-03  4.60207596e-06  6.73499046e+02 
 9.35000000e-01  3.13744155e-03  4.69912781e-06  6.67664655e+02 
 9.36000000e-01  3.17559669e-03  4.79788921e-06  6.61873700e+02 
 9.37000000e-01  3.21395856e-03  4.89838492e-06  6.56126174e+02 
 9.38000000e-01  3.25252655e-03  5.00063999e-06  6.50422058e+02 
 9.39000000e-01  3.29130008e-03  5.10467981e-06  6.44761318e+02 
 9.40000000e-01  3.33027857e-03  5.21053008e-06  6.39143910e+02 
 9.41000000e-01  3.36946143e-03  5.31821679e-06  6.33569778e+02 
 9.42000000e-01  3.40884811e-03  5.42776630e-06  6.28038852e+02 
 9.43000000e-01  3.44843806e-03  5.53920525e-06  6.22551054e+02 
 9.44000000e-01  3.48823075e-03  5.65256064e-06  6.17106294e+02 
 9.45000000e-01  3.52822563e-03  5.76785980e-06  6.11704472e+02 
 9.46000000e-01  3.56842221e-03  5.88513039e-06  6.06345479e+02 
 9.47000000e-01  3.60881996e-03  6.00440040e-06  6.01029198e+02 
 9.48000000e-01  3.64941839e-03  6.12569821e-06  5.95755499e+02 
 9.49000000e-01  3.69021703e-03  6.24905249e-06  5.90524248e+02 
 9.50000000e-01  3.73121538e-03  6.37449232e-06  5.85335301e+02 
 9.51000000e-01  3.77241300e-03  6.50204710e-06  5.80188506e+02 
 9.52000000e-01  3.81380942e-03  6.63174662e-06  5.75083705e+02 
 9.53000000e-01  3.85540419e-03  6.76362101e-06  5.70020731e+02 
 9.54000000e-01  3.89719689e-03  6.89770079e-06  5.64999412e+02 
 9.55000000e-01  3.93918709e-03  7.03401686e-06  5.60019569e+02 
 9.56000000e-01  3.98137438e-03  7.17260049e-06  5.55081017e+02 
 9.57000000e-01  4.02375835e-03  7.31348332e-06  5.50183568e+02 
 9.58000000e-01  4.06633861e-03  7.45669739e-06  5.45327026e+02 
 9.59000000e-01  4.10911478e-03  7.60227513e-06  5.40511191e+02 
 9.60000000e-01  4.15208649e-03  7.75024935e-06  5.35735860e+02 
 9.61000000e-01  4.19525339e-03  7.90065328e-06  5.31000822e+02 
 9.62000000e-01  4.23861510e-03  8.05352056e-06  5.26305865e+02 
 9.63000000e-01  4.28217130e-03  8.20888523e-06  5.21650770e+02 
 9.64000000e-01  4.32592165e-03  8.36678174e-06  5.17035317e+02 
 9.65000000e-01  4.36986582e-03  8.52724499e-06  5.12459280e+02 
 9.66000000e-01  4.41400350e-03  8.69031027e-06  5.07922429e+02 
 9.67000000e-01  4.45833438e-03  8.85601332e-06  5.03424534e+02 
 9.68000000e-01  4.50285815e-03  9.02439033e-06  4.98965358e+02 
 9.69000000e-01  4.54757454e-03  9.19547791e-06  4.94544665e+02 
 9.70000000e-01  4.59248324e-03  9.36931312e-06  4.90162212e+02 
 9.71000000e-01  4.63758399e-03  9.54593350e-06  4.85817756e+02 
 9.72000000e-01  4.68287651e-03  9.72537703e-06  4.81511051e+02 
 9.73000000e-01  4.72836055e-03  9.90768217e-06  4.77241848e+02 
 9.74000000e-01  4.77403583e-03  1.00928878e-05  4.73009896e+02 
 9.75000000e-01  4.81990211e-03  1.02810335e-05  4.68814942e+02 
 9.76000000e-01  4.86595914e-03  1.04721590e-05  4.64656731e+02 
 9.77000000e-01  4.91220667e-03  1.06663047e-05  4.60535003e+02 
 9.78000000e-01  4.95864446e-03  1.08635117e-05  4.56449500e+02 
 9.79000000e-01  5.00527226e-03  1.10638212e-05  4.52399958e+02 
 9.80000000e-01  5.05208983e-03  1.12672755e-05  4.48386112e+02 
 9.81000000e-01  5.09909692e-03  1.14739168e-05  4.44407694e+02 
 9.82000000e-01  5.14629328e-03  1.16837885e-05  4.40464435e+02 
 9.83000000e-01  5.19367865e-03  1.18969341e-05  4.36556060e+02 
 9.84000000e-01  5.24125276e-03  1.21133979e-05  4.32682292e+02 
 9.85000000e-01  5.28915549e-03  1.23341711e-05  4.28821317e+02 
 9.86000000e-01  5.33710931e-03  1.25574390e-05  4.25015747e+02 
 9.87000000e-01  5.38525108e-03  1.27841634e-05  4.21243918e+02 
 9.88000000e-01  5.43358016e-03  1.30143895e-05  4.17505575e+02 
 9.89000000e-01  5.48209634e-03  1.32481663e-05  4.13800388e+02 
 9.90000000e-01  5.53079919e-03  1.34855425e-05  4.10128044e+02 
 9.91000000e-01  5.57968819e-03  1.37265678e-05  4.06488225e+02 
 9.92000000e-01  5.62876277e-03  1.39712927e-05  4.02880600e+02 
 9.93000000e-01  5.67802227e-03  1.42197687e-05  3.99304825e+02 
 9.94000000e-01  5.72746592e-03  1.44720489e-05  3.95760543e+02 
 9.95000000e-01  5.77709282e-03  1.47281872e-05  3.92247378e+02 
 9.96000000e-01  5.82690191e-03  1.49882395e-05  3.88764931e+02 
 9.97000000e-01  5.87689195e-03  1.52522631e-05  3.85312783e+02 
 9.98000000e-01  5.92706146e-03  1.55203174e-05  3.81890481e+02 
 9.99000000e-01  5.97740872e-03  1.57924638e-05  3.78497542e+02 
 1.00000000e+00  6.02793165e-03  1.60687665e-05  3.75133439e+02 
