 v-sweep         ic              ib              beta           
 3.00000000e-01  5.13478149e-16  8.25728375e-16  6.21848739e-01 
 3.01000000e-01  5.26488575e-16  8.33534630e-16  6.31633715e-01 
 3.02000000e-01  5.37764278e-16  8.43075609e-16  6.37860082e-01 
 3.03000000e-01  5.53376789e-16  8.51749227e-16  6.49694501e-01 
 3.04000000e-01  5.67254577e-16  8.55218674e-16  6.63286004e-01 
 3.05000000e-01  5.79397641e-16  8.74300632e-16  6.62698413e-01 
 3.06000000e-01  5.95010152e-16  8.79504802e-16  6.76528600e-01 
 3.07000000e-01  6.08887940e-16  8.79504802e-16  6.92307692e-01 
 3.08000000e-01  6.27969898e-16  8.98586761e-16  6.98841699e-01 
 3.09000000e-01  6.45317133e-16  9.02056208e-16  7.15384615e-01 
 3.10000000e-01  6.62664368e-16  9.15933995e-16  7.23484848e-01 
 3.11000000e-01  6.83481050e-16  9.26342336e-16  7.37827715e-01 
 3.12000000e-01  7.02563008e-16  9.31546507e-16  7.54189944e-01 
 3.13000000e-01  7.19910243e-16  9.38485401e-16  7.67097967e-01 
 3.14000000e-01  7.44196371e-16  9.52363188e-16  7.81420765e-01 
 3.15000000e-01  7.68482500e-16  9.62771529e-16  7.98198198e-01 
 3.16000000e-01  7.92768629e-16  9.73179870e-16  8.14616756e-01 
 3.17000000e-01  8.15320034e-16  9.81853487e-16  8.30388693e-01 
 3.18000000e-01  8.44810333e-16  9.90527105e-16  8.52889667e-01 
 3.19000000e-01  8.72565908e-16  1.00093545e-15  8.71750433e-01 
 3.20000000e-01  8.98586761e-16  1.01654796e-15  8.83959044e-01 
 3.21000000e-01  9.29811783e-16  1.02348685e-15  9.08474576e-01 
 3.22000000e-01  9.61036806e-16  1.04430353e-15  9.20265781e-01 
 3.23000000e-01  9.99200722e-16  1.05471187e-15  9.47368421e-01 
 3.24000000e-01  1.02869102e-15  1.05991604e-15  9.70540098e-01 
 3.25000000e-01  1.06858966e-15  1.07899800e-15  9.90353698e-01 
 3.26000000e-01  1.10848830e-15  1.09461051e-15  1.01267829e+00 
 3.27000000e-01  1.14491749e-15  1.09981468e-15  1.04100946e+00 
 3.28000000e-01  1.19002030e-15  1.11369247e-15  1.06853583e+00 
 3.29000000e-01  1.23512311e-15  1.13103971e-15  1.09202454e+00 
 3.30000000e-01  1.27849120e-15  1.14318277e-15  1.11836115e+00 
 3.31000000e-01  1.32879818e-15  1.15879528e-15  1.14670659e+00 
 3.32000000e-01  1.38257461e-15  1.17093835e-15  1.18074074e+00 
 3.33000000e-01  1.43635104e-15  1.18308141e-15  1.21407625e+00 
 3.34000000e-01  1.49186219e-15  1.19695920e-15  1.24637681e+00 
 3.35000000e-01  1.55084279e-15  1.22124533e-15  1.26988636e+00 
 3.36000000e-01  1.61329283e-15  1.22818422e-15  1.31355932e+00 
 3.37000000e-01  1.67574288e-15  1.24553146e-15  1.34540390e+00 
 3.38000000e-01  1.74686654e-15  1.26808286e-15  1.37756498e+00 
 3.39000000e-01  1.81625548e-15  1.28196065e-15  1.41677943e+00 
 3.40000000e-01  1.89258331e-15  1.29236899e-15  1.46442953e+00 
 3.41000000e-01  1.97411532e-15  1.31838984e-15  1.49736842e+00 
 3.42000000e-01  2.06258621e-15  1.33400235e-15  1.54616385e+00 
 3.43000000e-01  2.14585294e-15  1.35481903e-15  1.58386684e+00 
 3.44000000e-01  2.24126273e-15  1.37043155e-15  1.63544304e+00 
 3.45000000e-01  2.33320308e-15  1.39298295e-15  1.67496887e+00 
 3.46000000e-01  2.43381704e-15  1.41726908e-15  1.71725826e+00 
 3.47000000e-01  2.54310462e-15  1.43288159e-15  1.77481840e+00 
 3.48000000e-01  2.65239219e-15  1.45196355e-15  1.82676225e+00 
 3.49000000e-01  2.77382284e-15  1.46931078e-15  1.88783943e+00 
 3.50000000e-01  2.89004931e-15  1.49186219e-15  1.93720930e+00 
 3.51000000e-01  3.02188830e-15  1.52308721e-15  1.98405467e+00 
 3.52000000e-01  3.16066617e-15  1.54043445e-15  2.05180180e+00 
 3.53000000e-01  3.30117877e-15  1.56645530e-15  2.10741971e+00 
 3.54000000e-01  3.45209972e-15  1.58900670e-15  2.17248908e+00 
 3.55000000e-01  3.61342900e-15  1.60808866e-15  2.24703344e+00 
 3.56000000e-01  3.77128884e-15  1.63757896e-15  2.30296610e+00 
 3.57000000e-01  3.94823063e-15  1.66186509e-15  2.37578288e+00 
 3.58000000e-01  4.12864187e-15  1.67921232e-15  2.45867769e+00 
 3.59000000e-01  4.32293090e-15  1.71737624e-15  2.51717172e+00 
 3.60000000e-01  4.52242410e-15  1.73992765e-15  2.59920239e+00 
 3.61000000e-01  4.73926454e-15  1.77288739e-15  2.67318982e+00 
 3.62000000e-01  4.95783969e-15  1.80411242e-15  2.74807692e+00 
 3.63000000e-01  5.19202736e-15  1.82319437e-15  2.84776403e+00 
 3.64000000e-01  5.43315393e-15  1.85268467e-15  2.93258427e+00 
 3.65000000e-01  5.69162772e-15  1.88217497e-15  3.02396313e+00 
 3.66000000e-01  5.95704042e-15  1.91513472e-15  3.11050725e+00 
 3.67000000e-01  6.24673924e-15  1.95156391e-15  3.20088889e+00 
 3.68000000e-01  6.54164223e-15  1.98278893e-15  3.29921260e+00 
 3.69000000e-01  6.85562718e-15  2.01921813e-15  3.39518900e+00 
 3.70000000e-01  7.18002047e-15  2.04870843e-15  3.50465707e+00 
 3.71000000e-01  7.52523044e-15  2.08860707e-15  3.60299003e+00 
 3.72000000e-01  7.89125709e-15  2.12503626e-15  3.71346939e+00 
 3.73000000e-01  8.26942681e-15  2.15279183e-15  3.84125705e+00 
 3.74000000e-01  8.67014793e-15  2.19962937e-15  3.94164038e+00 
 3.75000000e-01  9.09168574e-15  2.23952801e-15  4.05964369e+00 
 3.76000000e-01  9.53230550e-15  2.27422248e-15  4.19145690e+00 
 3.77000000e-01  9.99547667e-15  2.31759056e-15  4.31287425e+00 
 3.78000000e-01  1.04777298e-14  2.35922393e-15  4.44117647e+00 
 3.79000000e-01  1.09860038e-14  2.39565312e-15  4.58580739e+00 
 3.80000000e-01  1.15272375e-14  2.44769482e-15  4.70942594e+00 
 3.81000000e-01  1.20858185e-14  2.48932819e-15  4.85505226e+00 
 3.82000000e-01  1.26808286e-14  2.53616572e-15  5.00000000e+00 
 3.83000000e-01  1.33001249e-14  2.57953381e-15  5.15601883e+00 
 3.84000000e-01  1.39575851e-14  2.63331024e-15  5.30039526e+00 
 3.85000000e-01  1.46358620e-14  2.67667832e-15  5.46791964e+00 
 3.86000000e-01  1.53592417e-14  2.73045475e-15  5.62515883e+00 
 3.87000000e-01  1.61225200e-14  2.78596590e-15  5.78704857e+00 
 3.88000000e-01  1.69066150e-14  2.83106871e-15  5.97181373e+00 
 3.89000000e-01  1.77444864e-14  2.89178403e-15  6.13617277e+00 
 3.90000000e-01  1.86170523e-14  2.94902991e-15  6.31294118e+00 
 3.91000000e-01  1.95416600e-14  2.99933689e-15  6.51532678e+00 
 3.92000000e-01  2.05079009e-14  3.06005221e-15  6.70181406e+00 
 3.93000000e-01  2.15244489e-14  3.12250226e-15  6.89333333e+00 
 3.94000000e-01  2.25930386e-14  3.18495230e-15  7.09368192e+00 
 3.95000000e-01  2.37102005e-14  3.24046345e-15  7.31691649e+00 
 3.96000000e-01  2.48846083e-14  3.31852601e-15  7.49869315e+00 
 3.97000000e-01  2.61249355e-14  3.37230244e-15  7.74691358e+00 
 3.98000000e-01  2.74277129e-14  3.44342610e-15  7.96523929e+00 
 3.99000000e-01  2.87912055e-14  3.51281504e-15  8.19604938e+00 
 4.00000000e-01  3.02223524e-14  3.58046925e-15  8.44089147e+00 
 4.01000000e-01  3.17228882e-14  3.65853181e-15  8.67093409e+00 
 4.02000000e-01  3.33049560e-14  3.73139020e-15  8.92561599e+00 
 4.03000000e-01  3.49650864e-14  3.80598331e-15  9.18687329e+00 
 4.04000000e-01  3.67119529e-14  3.89098476e-15  9.43513152e+00 
 4.05000000e-01  3.85455556e-14  3.96904731e-15  9.71153846e+00 
 4.06000000e-01  4.04658945e-14  4.04710987e-15  9.99871410e+00 
 4.07000000e-01  4.24903168e-14  4.13211132e-15  1.02829555e+01 
 4.08000000e-01  4.46153531e-14  4.21711277e-15  1.05795969e+01 
 4.09000000e-01  4.68427380e-14  4.30384894e-15  1.08839178e+01 
 4.10000000e-01  4.91846147e-14  4.39752401e-15  1.11846154e+01 
 4.11000000e-01  5.16531262e-14  4.49987270e-15  1.14787972e+01 
 4.12000000e-01  5.42291906e-14  4.58834359e-15  1.18189036e+01 
 4.13000000e-01  5.69509717e-14  4.69763117e-15  1.21233383e+01 
 4.14000000e-01  5.98011224e-14  4.79304096e-15  1.24766558e+01 
 4.15000000e-01  6.27969898e-14  4.89192020e-15  1.28368794e+01 
 4.16000000e-01  6.59437782e-14  4.99947306e-15  1.31901457e+01 
 4.17000000e-01  6.92518959e-14  5.10876064e-15  1.35555178e+01 
 4.18000000e-01  7.27213428e-14  5.21631349e-15  1.39411373e+01 
 4.19000000e-01  7.63729358e-14  5.33600941e-15  1.43127438e+01 
 4.20000000e-01  8.02032052e-14  5.45050116e-15  1.47148313e+01 
 4.21000000e-01  8.42277637e-14  5.56846236e-15  1.51258567e+01 
 4.22000000e-01  8.84500806e-14  5.68989300e-15  1.55451220e+01 
 4.23000000e-01  9.28909727e-14  5.81826254e-15  1.59654144e+01 
 4.24000000e-01  9.75608483e-14  5.94316263e-15  1.64156451e+01 
 4.25000000e-01  1.02456238e-13  6.07847106e-15  1.68555936e+01 
 4.26000000e-01  1.07604897e-13  6.22765728e-15  1.72785515e+01 
 4.27000000e-01  1.13013765e-13  6.35949626e-15  1.77708674e+01 
 4.28000000e-01  1.18691515e-13  6.50000886e-15  1.82602082e+01 
 4.29000000e-01  1.24655494e-13  6.64919508e-15  1.87474563e+01 
 4.30000000e-01  1.30923050e-13  6.80011603e-15  1.92530612e+01 
 4.31000000e-01  1.37504591e-13  6.95624114e-15  1.97670823e+01 
 4.32000000e-01  1.44427872e-13  7.11410098e-15  2.03016337e+01 
 4.33000000e-01  1.51684221e-13  7.27196081e-15  2.08587786e+01 
 4.34000000e-01  1.59315269e-13  7.44022899e-15  2.14126836e+01 
 4.35000000e-01  1.67329692e-13  7.60676244e-15  2.19974914e+01 
 4.36000000e-01  1.75751774e-13  7.78890841e-15  2.25643653e+01 
 4.37000000e-01  1.84590190e-13  7.96758493e-15  2.31676464e+01 
 4.38000000e-01  1.93879635e-13  8.14973089e-15  2.37896977e+01 
 4.39000000e-01  2.03632250e-13  8.34748937e-15  2.43944306e+01 
 4.40000000e-01  2.13882731e-13  8.53657423e-15  2.50548669e+01 
 4.41000000e-01  2.24653629e-13  8.73606743e-15  2.57156473e+01 
 4.42000000e-01  2.35955352e-13  8.94249952e-15  2.63858390e+01 
 4.43000000e-01  2.47834739e-13  9.14719689e-15  2.70940641e+01 
 4.44000000e-01  2.60314340e-13  9.36924149e-15  2.77839289e+01 
 4.45000000e-01  2.73421910e-13  9.58781665e-15  2.85176407e+01 
 4.46000000e-01  2.87193880e-13  9.80812653e-15  2.92812168e+01 
 4.47000000e-01  3.01651065e-13  1.00509878e-14  3.00120815e+01 
 4.48000000e-01  3.16845508e-13  1.02851755e-14  3.08060381e+01 
 4.49000000e-01  3.32801495e-13  1.05245673e-14  3.16213944e+01 
 4.50000000e-01  3.49562393e-13  1.07778370e-14  3.24334460e+01 
 4.51000000e-01  3.67173306e-13  1.10415149e-14  3.32538885e+01 
 4.52000000e-01  3.85667193e-13  1.13069276e-14  3.41089291e+01 
 4.53000000e-01  4.05092626e-13  1.15740750e-14  3.50000000e+01 
 4.54000000e-01  4.25503383e-13  1.18551002e-14  3.58920105e+01 
 4.55000000e-01  4.46939361e-13  1.21413296e-14  3.68114016e+01 
 4.56000000e-01  4.69459541e-13  1.24397020e-14  3.77388091e+01 
 4.57000000e-01  4.93117699e-13  1.27346050e-14  3.87226536e+01 
 4.58000000e-01  5.17962409e-13  1.30468553e-14  3.97001728e+01 
 4.59000000e-01  5.44056120e-13  1.33660444e-14  4.07043478e+01 
 4.60000000e-01  5.71482098e-13  1.36956418e-14  4.17272958e+01 
 4.61000000e-01  6.00273303e-13  1.40304435e-14  4.27836301e+01 
 4.62000000e-01  6.30525146e-13  1.43756534e-14  4.38606251e+01 
 4.63000000e-01  6.62303545e-13  1.47278023e-14  4.49696113e+01 
 4.64000000e-01  6.95688299e-13  1.50903595e-14  4.61015059e+01 
 4.65000000e-01  7.30743591e-13  1.54650598e-14  4.72512619e+01 
 4.66000000e-01  7.67580444e-13  1.58519031e-14  4.84219742e+01 
 4.67000000e-01  8.06266512e-13  1.62422159e-14  4.96401794e+01 
 4.68000000e-01  8.46907613e-13  1.66481412e-14  5.08710013e+01 
 4.69000000e-01  8.89597423e-13  1.70592707e-14  5.21474476e+01 
 4.70000000e-01  9.34436556e-13  1.74860126e-14  5.34390873e+01 
 4.71000000e-01  9.81541237e-13  1.79301019e-14  5.47426470e+01 
 4.72000000e-01  1.03101902e-12  1.83741911e-14  5.61123489e+01 
 4.73000000e-01  1.08298787e-12  1.88390970e-14  5.74861878e+01 
 4.74000000e-01  1.13759002e-12  1.93074723e-14  5.89196765e+01 
 4.75000000e-01  1.19493478e-12  1.97914601e-14  6.03762819e+01 
 4.76000000e-01  1.25517825e-12  2.02945300e-14  6.18481067e+01 
 4.77000000e-01  1.31845923e-12  2.08132123e-14  6.33472245e+01 
 4.78000000e-01  1.38492516e-12  2.13353640e-14  6.49121880e+01 
 4.79000000e-01  1.45474952e-12  2.18887408e-14  6.64610873e+01 
 4.80000000e-01  1.52809362e-12  2.24438523e-14  6.80851754e+01 
 4.81000000e-01  1.60513443e-12  2.30111069e-14  6.97547681e+01 
 4.82000000e-01  1.68605928e-12  2.36043824e-14  7.14299257e+01 
 4.83000000e-01  1.77106420e-12  2.42011272e-14  7.31810622e+01 
 4.84000000e-01  1.86036256e-12  2.48204235e-14  7.49528934e+01 
 4.85000000e-01  1.95416253e-12  2.54692101e-14  7.67264677e+01 
 4.86000000e-01  2.05269308e-12  2.61197314e-14  7.85878328e+01 
 4.87000000e-01  2.15618842e-12  2.67910694e-14  8.04816109e+01 
 4.88000000e-01  2.26490875e-12  2.74901630e-14  8.23897898e+01 
 4.89000000e-01  2.37910386e-12  2.81961954e-14  8.43767687e+01 
 4.90000000e-01  2.49906693e-12  2.89351876e-14  8.63677457e+01 
 4.91000000e-01  2.62507203e-12  2.96897923e-14  8.84166519e+01 
 4.92000000e-01  2.75744184e-12  3.04634790e-14  9.05163144e+01 
 4.93000000e-01  2.89647820e-12  3.12631865e-14  9.26482076e+01 
 4.94000000e-01  3.04253150e-12  3.20750371e-14  9.48566791e+01 
 4.95000000e-01  3.19595218e-12  3.29267864e-14  9.70623780e+01 
 4.96000000e-01  3.35710452e-12  3.37837398e-14  9.93704234e+01 
 4.97000000e-01  3.52638405e-12  3.46805918e-14  1.01681773e+02 
 4.98000000e-01  3.70420014e-12  3.56034647e-14  1.04040440e+02 
 4.99000000e-01  3.89098823e-12  3.65367459e-14  1.06495204e+02 
 5.00000000e-01  4.08720106e-12  3.75029869e-14  1.08983348e+02 
 5.01000000e-01  4.29329489e-12  3.85039224e-14  1.11502793e+02 
 5.02000000e-01  4.50978838e-12  3.95378176e-14  1.14062653e+02 
 5.03000000e-01  4.73720715e-12  4.05821211e-14  1.16731384e+02 
 5.04000000e-01  4.97608552e-12  4.16749969e-14  1.19402181e+02 
 5.05000000e-01  5.22701847e-12  4.27869547e-14  1.22163835e+02 
 5.06000000e-01  5.49059929e-12  4.39422805e-14  1.24950258e+02 
 5.07000000e-01  5.76747851e-12  4.51323009e-14  1.27790483e+02 
 5.08000000e-01  6.05831184e-12  4.63361990e-14  1.30746845e+02 
 5.09000000e-01  6.36382093e-12  4.75921388e-14  1.33715800e+02 
 5.10000000e-01  6.68473783e-12  4.88827731e-14  1.36750381e+02 
 5.11000000e-01  7.02183624e-12  5.02081018e-14  1.39854645e+02 
 5.12000000e-01  7.37593320e-12  5.15767987e-14  1.43008744e+02 
 5.13000000e-01  7.74788740e-12  5.29801900e-14  1.46241216e+02 
 5.14000000e-01  8.13860784e-12  5.44356231e-14  1.49508858e+02 
 5.15000000e-01  8.54902087e-12  5.59257506e-14  1.52863766e+02 
 5.16000000e-01  8.98013781e-12  5.74557767e-14  1.56296518e+02 
 5.17000000e-01  9.43300125e-12  5.90447835e-14  1.59760113e+02 
 5.18000000e-01  9.90869366e-12  6.06788930e-14  1.63297205e+02 
 5.19000000e-01  1.04083825e-11  6.23598401e-14  1.66908422e+02 
 5.20000000e-01  1.09332682e-11  6.40910942e-14  1.70589507e+02 
 5.21000000e-01  1.14846292e-11  6.58743900e-14  1.74341337e+02 
 5.22000000e-01  1.20637892e-11  6.77010539e-14  1.78192044e+02 
 5.23000000e-01  1.26721567e-11  6.95988415e-14  1.82074248e+02 
 5.24000000e-01  1.33112098e-11  7.15434666e-14  1.86057657e+02 
 5.25000000e-01  1.39824870e-11  7.35609501e-14  1.90080294e+02 
 5.26000000e-01  1.46876192e-11  7.56270059e-14  1.94211301e+02 
 5.27000000e-01  1.54283131e-11  7.77485729e-14  1.98438538e+02 
 5.28000000e-01  1.62063626e-11  7.99568760e-14  2.02688792e+02 
 5.29000000e-01  1.70236498e-11  8.22258945e-14  2.07035143e+02 
 5.30000000e-01  1.78821489e-11  8.45625672e-14  2.11466485e+02 
 5.31000000e-01  1.87839466e-11  8.69755677e-14  2.15968083e+02 
 5.32000000e-01  1.97312184e-11  8.94683656e-14  2.20538492e+02 
 5.33000000e-01  2.07262714e-11  9.20236135e-14  2.25227750e+02 
 5.34000000e-01  2.17714978e-11  9.46742713e-14  2.29962138e+02 
 5.35000000e-01  2.28694355e-11  9.74047263e-14  2.34787740e+02 
 5.36000000e-01  2.40227456e-11  1.00214979e-13  2.39712126e+02 
 5.37000000e-01  2.52342210e-11  1.03132784e-13  2.44677008e+02 
 5.38000000e-01  2.65067863e-11  1.06116509e-13  2.49789469e+02 
 5.39000000e-01  2.78435365e-11  1.09207786e-13  2.54959261e+02 
 5.40000000e-01  2.92476911e-11  1.12403148e-13  2.60203488e+02 
 5.41000000e-01  3.07226675e-11  1.15699123e-13  2.65539329e+02 
 5.42000000e-01  3.22720253e-11  1.19099181e-13  2.70967650e+02 
 5.43000000e-01  3.38995169e-11  1.22605058e-13  2.76493624e+02 
 5.44000000e-01  3.56090764e-11  1.26230631e-13  2.82095369e+02 
 5.45000000e-01  3.74048622e-11  1.29974165e-13  2.87786901e+02 
 5.46000000e-01  3.92912057e-11  1.33830456e-13  2.93589418e+02 
 5.47000000e-01  4.12726814e-11  1.37839403e-13  2.99425857e+02 
 5.48000000e-01  4.33540807e-11  1.41952434e-13  3.05412733e+02 
 5.49000000e-01  4.55404533e-11  1.46199038e-13  3.11496259e+02 
 5.50000000e-01  4.78370798e-11  1.50613911e-13  3.17613955e+02 
 5.51000000e-01  5.02495250e-11  1.55151949e-13  3.23872987e+02 
 5.52000000e-01  5.27836333e-11  1.59846112e-13  3.30215309e+02 
 5.53000000e-01  5.54455405e-11  1.64705074e-13  3.36635290e+02 
 5.54000000e-01  5.82416823e-11  1.69725366e-13  3.43152492e+02 
 5.55000000e-01  6.11788415e-11  1.74903518e-13  3.49786226e+02 
 5.56000000e-01  6.42641252e-11  1.80279428e-13  3.56469542e+02 
 5.57000000e-01  6.75050016e-11  1.85823607e-13  3.63274627e+02 
 5.58000000e-01  7.09093131e-11  1.91548198e-13  3.70190448e+02 
 5.59000000e-01  7.44853050e-11  1.97479221e-13  3.77180469e+02 
 5.60000000e-01  7.82416319e-11  2.03614941e-13  3.84262723e+02 
 5.61000000e-01  8.21873992e-11  2.09953625e-13  3.91455014e+02 
 5.62000000e-01  8.63321532e-11  2.16517823e-13  3.98730007e+02 
 5.63000000e-01  9.06859240e-11  2.23300597e-13  4.06115905e+02 
 5.64000000e-01  9.52592518e-11  2.30329702e-13  4.13577802e+02 
 5.65000000e-01  1.00063225e-10  2.37594730e-13  4.21150861e+02 
 5.66000000e-01  1.05109459e-10  2.45119967e-13  4.28808230e+02 
 5.67000000e-01  1.10410179e-10  2.52910618e-13  4.36558102e+02 
 5.68000000e-01  1.15978222e-10  2.60970151e-13  4.44411827e+02 
 5.69000000e-01  1.21827054e-10  2.69328058e-13  4.52337029e+02 
 5.70000000e-01  1.27970844e-10  2.77956583e-13  4.60398680e+02 
 5.71000000e-01  1.34424463e-10  2.86918175e-13  4.68511493e+02 
 5.72000000e-01  1.41203542e-10  2.96193754e-13  4.76726939e+02 
 5.73000000e-01  1.48324488e-10  3.05793727e-13  4.85047517e+02 
 5.74000000e-01  1.55804544e-10  3.15752790e-13  4.93438378e+02 
 5.75000000e-01  1.63661824e-10  3.26055329e-13  5.01944943e+02 
 5.76000000e-01  1.71915343e-10  3.36737775e-13  5.10531802e+02 
 5.77000000e-01  1.80585090e-10  3.47803596e-13  5.19215707e+02 
 5.78000000e-01  1.89692057e-10  3.59285753e-13  5.27969883e+02 
 5.79000000e-01  1.99258276e-10  3.71182511e-13  5.36820217e+02 
 5.80000000e-01  2.09306933e-10  3.83512953e-13  5.45762355e+02 
 5.81000000e-01  2.19862336e-10  3.96301365e-13  5.54785716e+02 
 5.82000000e-01  2.30950042e-10  4.09563359e-13  5.63893318e+02 
 5.83000000e-01  2.42596895e-10  4.23312815e-13  5.73091310e+02 
 5.84000000e-01  2.54831109e-10  4.37579221e-13  5.82365653e+02 
 5.85000000e-01  2.67682282e-10  4.52378192e-13  5.91722339e+02 
 5.86000000e-01  2.81181545e-10  4.67714933e-13  6.01181457e+02 
 5.87000000e-01  2.95361563e-10  4.83646688e-13  6.10696961e+02 
 5.88000000e-01  3.10256684e-10  5.00187338e-13  6.20280965e+02 
 5.89000000e-01  3.25902953e-10  5.17333412e-13  6.29966953e+02 
 5.90000000e-01  3.42338266e-10  5.35143892e-13  6.39712554e+02 
 5.91000000e-01  3.59602403e-10  5.53620514e-13  6.49546744e+02 
 5.92000000e-01  3.77737165e-10  5.72808382e-13  6.59447692e+02 
 5.93000000e-01  3.96786439e-10  5.92731782e-13  6.69419882e+02 
 5.94000000e-01  4.16796371e-10  6.13416735e-13  6.79466905e+02 
 5.95000000e-01  4.37815395e-10  6.34901409e-13  6.89580129e+02 
 5.96000000e-01  4.59894401e-10  6.57230905e-13  6.99745549e+02 
 5.97000000e-01  4.83086821e-10  6.80406961e-13  7.09996882e+02 
 5.98000000e-01  5.07448835e-10  7.04483354e-13  7.20313449e+02 
 5.99000000e-01  5.33039401e-10  7.29510393e-13  7.30681023e+02 
 6.00000000e-01  5.59920490e-10  7.55522774e-13  7.41103391e+02 
 6.01000000e-01  5.88157158e-10  7.82537847e-13  7.51602188e+02 
 6.02000000e-01  6.17817800e-10  8.10633676e-13  7.62141788e+02 
 6.03000000e-01  6.48974186e-10  8.39829346e-13  7.72745307e+02 
 6.04000000e-01  6.81701772e-10  8.70178636e-13  7.83404399e+02 
 6.05000000e-01  7.16079782e-10  9.01740529e-13  7.94108459e+02 
 6.06000000e-01  7.52191448e-10  9.34558398e-13  8.04862970e+02 
 6.07000000e-01  7.90124187e-10  9.68677347e-13  8.15673237e+02 
 6.08000000e-01  8.29969835e-10  1.00419106e-12  8.26505901e+02 
 6.09000000e-01  8.71824864e-10  1.04110300e-12  8.37405004e+02 
 6.10000000e-01  9.15790594e-10  1.07950686e-12  8.48341613e+02 
 6.11000000e-01  9.61973477e-10  1.11944775e-12  8.59328612e+02 
 6.12000000e-01  1.01048530e-09  1.16103321e-12  8.70332815e+02 
 6.13000000e-01  1.06144352e-09  1.20429449e-12  8.81382025e+02 
 6.14000000e-01  1.11497151e-09  1.24932873e-12  8.92456468e+02 
 6.15000000e-01  1.17119885e-09  1.29617759e-12  9.03579001e+02 
 6.16000000e-01  1.23026165e-09  1.34496942e-12  9.14713474e+02 
 6.17000000e-01  1.29230292e-09  1.39573895e-12  9.25891566e+02 
 6.18000000e-01  1.35747285e-09  1.44861455e-12  9.37083542e+02 
 6.19000000e-01  1.42592922e-09  1.50364134e-12  9.48317384e+02 
 6.20000000e-01  1.49783773e-09  1.56097545e-12  9.59552394e+02 
 6.21000000e-01  1.57337247e-09  1.62066894e-12  9.70816698e+02 
 6.22000000e-01  1.65271633e-09  1.68284673e-12  9.82095580e+02 
 6.23000000e-01  1.73606138e-09  1.74760598e-12  9.93394049e+02 
 6.24000000e-01  1.82360938e-09  1.81507508e-12  1.00470189e+03 
 6.25000000e-01  1.91557228e-09  1.88535467e-12  1.01602754e+03 
 6.26000000e-01  2.01217272e-09  1.95859049e-12  1.02735754e+03 
 6.27000000e-01  2.11364455e-09  2.03491094e-12  1.03869143e+03 
 6.28000000e-01  2.22023342e-09  2.11443053e-12  1.05003848e+03 
 6.29000000e-01  2.33219738e-09  2.19730196e-12  1.06139139e+03 
 6.30000000e-01  2.44980746e-09  2.28368485e-12  1.07274323e+03 
 6.31000000e-01  2.57334840e-09  2.37372498e-12  1.08409711e+03 
 6.32000000e-01  2.70311926e-09  2.46758196e-12  1.09545267e+03 
 6.33000000e-01  2.83943421e-09  2.56545363e-12  1.10679616e+03 
 6.34000000e-01  2.98262323e-09  2.66746839e-12  1.11814754e+03 
 6.35000000e-01  3.13303297e-09  2.77385529e-12  1.12948681e+03 
 6.36000000e-01  3.29102755e-09  2.88480869e-12  1.14081310e+03 
 6.37000000e-01  3.45698945e-09  3.00051254e-12  1.15213298e+03 
 6.38000000e-01  3.63132042e-09  3.12118551e-12  1.16344268e+03 
 6.39000000e-01  3.81444250e-09  3.24705666e-12  1.17473851e+03 
 6.40000000e-01  4.00679898e-09  3.37836895e-12  1.18601581e+03 
 6.41000000e-01  4.20885553e-09  3.51533761e-12  1.19728345e+03 
 6.42000000e-01  4.42110128e-09  3.65826113e-12  1.20852534e+03 
 6.43000000e-01  4.64405003e-09  3.80736515e-12  1.21975430e+03 
 6.44000000e-01  4.87824152e-09  3.96294821e-12  1.23096272e+03 
 6.45000000e-01  5.12424264e-09  4.12530536e-12  1.24214869e+03 
 6.46000000e-01  5.38264891e-09  4.29475251e-12  1.25330829e+03 
 6.47000000e-01  5.65408588e-09  4.47160557e-12  1.26444200e+03 
 6.48000000e-01  5.93921065e-09  4.65619438e-12  1.27555041e+03 
 6.49000000e-01  6.23871340e-09  4.84885919e-12  1.28663530e+03 
 6.50000000e-01  6.55331916e-09  5.04998189e-12  1.29769162e+03 
 6.51000000e-01  6.88378953e-09  5.25995138e-12  1.30871733e+03 
 6.52000000e-01  7.23092446e-09  5.47916350e-12  1.31971321e+03 
 6.53000000e-01  7.59556428e-09  5.70804883e-12  1.33067612e+03 
 6.54000000e-01  7.97859166e-09  5.94704839e-12  1.34160530e+03 
 6.55000000e-01  8.38093381e-09  6.19661367e-12  1.35250223e+03 
 6.56000000e-01  8.80356467e-09  6.45722741e-12  1.36336606e+03 
 6.57000000e-01  9.24750730e-09  6.72941057e-12  1.37419276e+03 
 6.58000000e-01  9.71383632e-09  7.01368071e-12  1.38498411e+03 
 6.59000000e-01  1.02036806e-08  7.31060748e-12  1.39573635e+03 
 6.60000000e-01  1.07182258e-08  7.62077796e-12  1.40644772e+03 
 6.61000000e-01  1.12587175e-08  7.94476543e-12  1.41712396e+03 
 6.62000000e-01  1.18264640e-08  8.28323345e-12  1.42775935e+03 
 6.63000000e-01  1.24228396e-08  8.63681098e-12  1.43835956e+03 
 6.64000000e-01  1.30492880e-08  9.00625895e-12  1.44891326e+03 
 6.65000000e-01  1.37073254e-08  9.39226550e-12  1.45942695e+03 
 6.66000000e-01  1.43985447e-08  9.79560221e-12  1.46989887e+03 
 6.67000000e-01  1.51246190e-08  1.02170720e-11  1.48032812e+03 
 6.68000000e-01  1.58873059e-08  1.06574849e-11  1.49071812e+03 
 6.69000000e-01  1.66884514e-08  1.11177864e-11  1.50105883e+03 
 6.70000000e-01  1.75299948e-08  1.15988112e-11  1.51136133e+03 
 6.71000000e-01  1.84139729e-08  1.21015815e-11  1.52161706e+03 
 6.72000000e-01  1.93425255e-08  1.26270955e-11  1.53182697e+03 
 6.73000000e-01  2.03179000e-08  1.31763655e-11  1.54199578e+03 
 6.74000000e-01  2.13424574e-08  1.37505359e-11  1.55211822e+03 
 6.75000000e-01  2.24186774e-08  1.43507516e-11  1.56219536e+03 
 6.76000000e-01  2.35491651e-08  1.49782095e-11  1.57222831e+03 
 6.77000000e-01  2.47366565e-08  1.56342079e-11  1.58221361e+03 
 6.78000000e-01  2.59840260e-08  1.63200384e-11  1.59215471e+03 
 6.79000000e-01  2.72942924e-08  1.70371041e-11  1.60204999e+03 
 6.80000000e-01  2.86706272e-08  1.77868606e-11  1.61189925e+03 
 6.81000000e-01  3.01163615e-08  1.85708198e-11  1.62170340e+03 
 6.82000000e-01  3.16349943e-08  1.93905910e-11  1.63146107e+03 
 6.83000000e-01  3.32302012e-08  2.02478263e-11  1.64117376e+03 
 6.84000000e-01  3.49058429e-08  2.11442961e-11  1.65083968e+03 
 6.85000000e-01  3.66659748e-08  2.20818135e-11  1.66046030e+03 
 6.86000000e-01  3.85148567e-08  2.30622897e-11  1.67003611e+03 
 6.87000000e-01  4.04569631e-08  2.40877618e-11  1.67956506e+03 
 6.88000000e-01  4.24969943e-08  2.51602819e-11  1.68905080e+03 
 6.89000000e-01  4.46398872e-08  2.62821011e-11  1.69849005e+03 
 6.90000000e-01  4.68908278e-08  2.74554998e-11  1.70788469e+03 
 6.91000000e-01  4.92552633e-08  2.86829054e-11  1.71723410e+03 
 6.92000000e-01  5.17389156e-08  2.99668167e-11  1.72654026e+03 
 6.93000000e-01  5.43477950e-08  3.13099112e-11  1.73580163e+03 
 6.94000000e-01  5.70882147e-08  3.27149655e-11  1.74501834e+03 
 6.95000000e-01  5.99668061e-08  3.41848559e-11  1.75419216e+03 
 6.96000000e-01  6.29905349e-08  3.57226484e-11  1.76332209e+03 
 6.97000000e-01  6.61667178e-08  3.73315333e-11  1.77240825e+03 
 6.98000000e-01  6.95030401e-08  3.90148117e-11  1.78145266e+03 
 6.99000000e-01  7.30075748e-08  4.07760030e-11  1.79045442e+03 
 7.00000000e-01  7.66888015e-08  4.26187589e-11  1.79941424e+03 
 7.01000000e-01  8.05556269e-08  4.45469296e-11  1.80833174e+03 
 7.02000000e-01  8.46174070e-08  4.65644880e-11  1.81720901e+03 
 7.03000000e-01  8.88839690e-08  4.86756789e-11  1.82604477e+03 
 7.04000000e-01  9.33656353e-08  5.08848781e-11  1.83484050e+03 
 7.05000000e-01  9.80732484e-08  5.31967206e-11  1.84359576e+03 
 7.06000000e-01  1.03018197e-07  5.56160324e-11  1.85231115e+03 
 7.07000000e-01  1.08212444e-07  5.81478654e-11  1.86098739e+03 
 7.08000000e-01  1.13668555e-07  6.07974782e-11  1.86962615e+03 
 7.09000000e-01  1.19399728e-07  6.35705059e-11  1.87822522e+03 
 7.10000000e-01  1.25419826e-07  6.64727123e-11  1.88678664e+03 
 7.11000000e-01  1.31743411e-07  6.95101603e-11  1.89531156e+03 
 7.12000000e-01  1.38385778e-07  7.26892828e-11  1.90379892e+03 
 7.13000000e-01  1.45362993e-07  7.60167381e-11  1.91224981e+03 
 7.14000000e-01  1.52691930e-07  7.94995088e-11  1.92066508e+03 
 7.15000000e-01  1.60390315e-07  8.31449446e-11  1.92904470e+03 
 7.16000000e-01  1.68476763e-07  8.69606986e-11  1.93738972e+03 
 7.17000000e-01  1.76970831e-07  9.09548401e-11  1.94569999e+03 
 7.18000000e-01  1.85893058e-07  9.51357802e-11  1.95397628e+03 
 7.19000000e-01  1.95265016e-07  9.95123303e-11  1.96221931e+03 
 7.20000000e-01  2.05109366e-07  1.04093732e-10  1.97042956e+03 
 7.21000000e-01  2.15449909e-07  1.08889673e-10  1.97860736e+03 
 7.22000000e-01  2.26311643e-07  1.13910308e-10  1.98675298e+03 
 7.23000000e-01  2.37720826e-07  1.19166242e-10  1.99486719e+03 
 7.24000000e-01  2.49705034e-07  1.24668582e-10  2.00295079e+03 
 7.25000000e-01  2.62293236e-07  1.30429000e-10  2.01100396e+03 
 7.26000000e-01  2.75515855e-07  1.36459713e-10  2.01902708e+03 
 7.27000000e-01  2.89404846e-07  1.42773488e-10  2.02702092e+03 
 7.28000000e-01  3.03993771e-07  1.49383724e-10  2.03498590e+03 
 7.29000000e-01  3.19317882e-07  1.56304460e-10  2.04292239e+03 
 7.30000000e-01  3.35414201e-07  1.63550375e-10  2.05083114e+03 
 7.31000000e-01  3.52321616e-07  1.71136882e-10  2.05871237e+03 
 7.32000000e-01  3.70080966e-07  1.79080071e-10  2.06656701e+03 
 7.33000000e-01  3.88735148e-07  1.87396894e-10  2.07439483e+03 
 7.34000000e-01  4.08329211e-07  1.96104984e-10  2.08219701e+03 
 7.35000000e-01  4.28910471e-07  2.05222904e-10  2.08997370e+03 
 7.36000000e-01  4.50528622e-07  2.14770062e-10  2.09772543e+03 
 7.37000000e-01  4.73235853e-07  2.24766791e-10  2.10545272e+03 
 7.38000000e-01  4.97086976e-07  2.35234403e-10  2.11315594e+03 
 7.39000000e-01  5.22139557e-07  2.46195212e-10  2.12083554e+03 
 7.40000000e-01  5.48454051e-07  2.57672593e-10  2.12849200e+03 
 7.41000000e-01  5.76093950e-07  2.69691006e-10  2.13612593e+03 
 7.42000000e-01  6.05125931e-07  2.82276127e-10  2.14373754e+03 
 7.43000000e-01  6.35620019e-07  2.95454820e-10  2.15132730e+03 
 7.44000000e-01  6.67649751e-07  3.09255232e-10  2.15889557e+03 
 7.45000000e-01  7.01292353e-07  3.23706805e-10  2.16644303e+03 
 7.46000000e-01  7.36628925e-07  3.38840426e-10  2.17397001e+03 
 7.47000000e-01  7.73744630e-07  3.54688481e-10  2.18147662e+03 
 7.48000000e-01  8.12728901e-07  3.71284807e-10  2.18896353e+03 
 7.49000000e-01  8.53675651e-07  3.88664904e-10  2.19643102e+03 
 7.50000000e-01  8.96683497e-07  4.06865938e-10  2.20387949e+03 
 7.51000000e-01  9.41855993e-07  4.25926875e-10  2.21130914e+03 
 7.52000000e-01  9.89301877e-07  4.45888446e-10  2.21872059e+03 
 7.53000000e-01  1.03913532e-06  4.66793418e-10  2.22611392e+03 
 7.54000000e-01  1.09147622e-06  4.88686501e-10  2.23348961e+03 
 7.55000000e-01  1.14645045e-06  5.11614573e-10  2.24084792e+03 
 7.56000000e-01  1.20419018e-06  5.35626769e-10  2.24818895e+03 
 7.57000000e-01  1.26483419e-06  5.60774431e-10  2.25551330e+03 
 7.58000000e-01  1.32852816e-06  5.87111439e-10  2.26282112e+03 
 7.59000000e-01  1.39542507e-06  6.14694210e-10  2.27011260e+03 
 7.60000000e-01  1.46568552e-06  6.43581867e-10  2.27738784e+03 
 7.61000000e-01  1.53947809e-06  6.73836177e-10  2.28464743e+03 
 7.62000000e-01  1.61697979e-06  7.05522033e-10  2.29189127e+03 
 7.63000000e-01  1.69837642e-06  7.38707259e-10  2.29911972e+03 
 7.64000000e-01  1.78386304e-06  7.73463001e-10  2.30633273e+03 
 7.65000000e-01  1.87364438e-06  8.09863642e-10  2.31353068e+03 
 7.66000000e-01  1.96793536e-06  8.47987196e-10  2.32071352e+03 
 7.67000000e-01  2.06696155e-06  8.87915283e-10  2.32788149e+03 
 7.68000000e-01  2.17095973e-06  9.29733430e-10  2.33503460e+03 
 7.69000000e-01  2.28017839e-06  9.73531175e-10  2.34217296e+03 
 7.70000000e-01  2.39487884e-06  1.01940256e-09  2.34929647e+03 
 7.71000000e-01  2.51533385e-06  1.06744531e-09  2.35640535e+03 
 7.72000000e-01  2.64183106e-06  1.11776248e-09  2.36349950e+03 
 7.73000000e-01  2.77467189e-06  1.17046175e-09  2.37057888e+03 
 7.74000000e-01  2.91417259e-06  1.22565583e-09  2.37764349e+03 
 7.75000000e-01  3.06066500e-06  1.28346281e-09  2.38469316e+03 
 7.76000000e-01  3.21449726e-06  1.34400630e-09  2.39172782e+03 
 7.77000000e-01  3.37603465e-06  1.40741571e-09  2.39874730e+03 
 7.78000000e-01  3.54566032e-06  1.47382651e-09  2.40575149e+03 
 7.79000000e-01  3.72377624e-06  1.54338059e-09  2.41274009e+03 
 7.80000000e-01  3.91080399e-06  1.61622644e-09  2.41971291e+03 
 7.81000000e-01  4.10718578e-06  1.69251951e-09  2.42666968e+03 
 7.82000000e-01  4.31338536e-06  1.77242257e-09  2.43361004e+03 
 7.83000000e-01  4.52988904e-06  1.85610593e-09  2.44053368e+03 
 7.84000000e-01  4.75720677e-06  1.94374793e-09  2.44744018e+03 
 7.85000000e-01  4.99587323e-06  2.03553518e-09  2.45432910e+03 
 7.86000000e-01  5.24644895e-06  2.13166300e-09  2.46119999e+03 
 7.87000000e-01  5.50952153e-06  2.23233583e-09  2.46805228e+03 
 7.88000000e-01  5.78570689e-06  2.33776758e-09  2.47488542e+03 
 7.89000000e-01  6.07565053e-06  2.44818210e-09  2.48169878e+03 
 7.90000000e-01  6.38002891e-06  2.56381362e-09  2.48849170e+03 
 7.91000000e-01  6.69955081e-06  2.68490723e-09  2.49526342e+03 
 7.92000000e-01  7.03495884e-06  2.81171933e-09  2.50201318e+03 
 7.93000000e-01  7.38703087e-06  2.94451817e-09  2.50874012e+03 
 7.94000000e-01  7.75658166e-06  3.08358432e-09  2.51544335e+03 
 7.95000000e-01  8.14446447e-06  3.22921129e-09  2.52212189e+03 
 7.96000000e-01  8.55157269e-06  3.38170605e-09  2.52877470e+03 
 7.97000000e-01  8.97884165e-06  3.54138963e-09  2.53540067e+03 
 7.98000000e-01  9.42725037e-06  3.70859769e-09  2.54199866e+03 
 7.99000000e-01  9.89782346e-06  3.88368128e-09  2.54856739e+03 
 8.00000000e-01  1.03916330e-05  4.06700738e-09  2.55510552e+03 
 8.01000000e-01  1.09098005e-05  4.25895959e-09  2.56161166e+03 
 8.02000000e-01  1.14534991e-05  4.45993889e-09  2.56808432e+03 
 8.03000000e-01  1.20239555e-05  4.67036439e-09  2.57452192e+03 
 8.04000000e-01  1.26224520e-05  4.89067405e-09  2.58092277e+03 
 8.05000000e-01  1.32503291e-05  5.12132548e-09  2.58728511e+03 
 8.06000000e-01  1.39089876e-05  5.36279673e-09  2.59360708e+03 
 8.07000000e-01  1.45998906e-05  5.61558720e-09  2.59988673e+03 
 8.08000000e-01  1.53245665e-05  5.88021845e-09  2.60612197e+03 
 8.09000000e-01  1.60846108e-05  6.15723516e-09  2.61231062e+03 
 8.10000000e-01  1.68816891e-05  6.44720595e-09  2.61845042e+03 
 8.11000000e-01  1.77175392e-05  6.75072447e-09  2.62453894e+03 
 8.12000000e-01  1.85939740e-05  7.06841029e-09  2.63057366e+03 
 8.13000000e-01  1.95128836e-05  7.40090999e-09  2.63655194e+03 
 8.14000000e-01  2.04762384e-05  7.74889812e-09  2.64247098e+03 
 8.15000000e-01  2.14860915e-05  8.11307828e-09  2.64832790e+03 
 8.16000000e-01  2.25445814e-05  8.49418427e-09  2.65411965e+03 
 8.17000000e-01  2.36539342e-05  8.89298121e-09  2.65984304e+03 
 8.18000000e-01  2.48164669e-05  9.31026662e-09  2.66549477e+03 
 8.19000000e-01  2.60345896e-05  9.74687164e-09  2.67107135e+03 
 8.20000000e-01  2.73108079e-05  1.02036622e-08  2.67656918e+03 
 8.21000000e-01  2.86477257e-05  1.06815404e-08  2.68198449e+03 
 8.22000000e-01  3.00480475e-05  1.11814453e-08  2.68731336e+03 
 8.23000000e-01  3.15145808e-05  1.17043549e-08  2.69255172e+03 
 8.24000000e-01  3.30502384e-05  1.22512866e-08  2.69769531e+03 
 8.25000000e-01  3.46580404e-05  1.28232991e-08  2.70273976e+03 
 8.26000000e-01  3.63411165e-05  1.34214936e-08  2.70768049e+03 
 8.27000000e-01  3.81027074e-05  1.40470149e-08  2.71251279e+03 
 8.28000000e-01  3.99461671e-05  1.47010526e-08  2.71723176e+03 
 8.29000000e-01  4.18749639e-05  1.53848432e-08  2.72183235e+03 
 8.30000000e-01  4.38926818e-05  1.60996704e-08  2.72630934e+03 
 8.31000000e-01  4.60030217e-05  1.68468672e-08  2.73065735e+03 
 8.32000000e-01  4.82098021e-05  1.76278168e-08  2.73487084e+03 
 8.33000000e-01  5.05170855e-05  1.84440080e-08  2.73894294e+03 
 8.34000000e-01  5.29286967e-05  1.92968306e-08  2.74286994e+03 
 8.35000000e-01  5.54489157e-05  2.01878726e-08  2.74664482e+03 
 8.36000000e-01  5.80820328e-05  2.11187317e-08  2.75026141e+03 
 8.37000000e-01  6.08324549e-05  2.20910625e-08  2.75371340e+03 
 8.38000000e-01  6.37047041e-05  2.31065776e-08  2.75699436e+03 
 8.39000000e-01  6.67034153e-05  2.41670484e-08  2.76009772e+03 
 8.40000000e-01  6.98333344e-05  2.52743069e-08  2.76301679e+03 
 8.41000000e-01  7.30993154e-05  2.64302462e-08  2.76574478e+03 
 8.42000000e-01  7.65063168e-05  2.76368217e-08  2.76827479e+03 
 8.43000000e-01  8.00593978e-05  2.88960521e-08  2.77059985e+03 
 8.44000000e-01  8.37637138e-05  3.02100204e-08  2.77271291e+03 
 8.45000000e-01  8.76245115e-05  3.15808746e-08  2.77460686e+03 
 8.46000000e-01  9.16471233e-05  3.30108284e-08  2.77627457e+03 
 8.47000000e-01  9.58369609e-05  3.45021621e-08  2.77770885e+03 
 8.48000000e-01  1.00199509e-04  3.60572231e-08  2.77890253e+03 
 8.49000000e-01  1.04740316e-04  3.76784266e-08  2.77984846e+03 
 8.50000000e-01  1.09464991e-04  3.93682558e-08  2.78053951e+03 
 8.51000000e-01  1.14379188e-04  4.11292624e-08  2.78096861e+03 
 8.52000000e-01  1.19488603e-04  4.29640673e-08  2.78112876e+03 
 8.53000000e-01  1.24798963e-04  4.48753600e-08  2.78101308e+03 
 8.54000000e-01  1.30316014e-04  4.68658994e-08  2.78061482e+03 
 8.55000000e-01  1.36045513e-04  4.89385137e-08  2.77992735e+03 
 8.56000000e-01  1.41993213e-04  5.10961003e-08  2.77894423e+03 
 8.57000000e-01  1.48164859e-04  5.33416255e-08  2.77765925e+03 
 8.58000000e-01  1.54566170e-04  5.56781248e-08  2.77606638e+03 
 8.59000000e-01  1.61202830e-04  5.81087024e-08  2.77415987e+03 
 8.60000000e-01  1.68080476e-04  6.06365305e-08  2.77193425e+03 
 8.61000000e-01  1.75204684e-04  6.32648497e-08  2.76938434e+03 
 8.62000000e-01  1.82580961e-04  6.59969679e-08  2.76650529e+03 
 8.63000000e-01  1.90214729e-04  6.88362602e-08  2.76329262e+03 
 8.64000000e-01  1.98112725e-04  7.17868293e-08  2.75973639e+03 
 8.65000000e-01  2.06277572e-04  7.48509689e-08  2.75584371e+03 
 8.66000000e-01  2.14715589e-04  7.80328206e-08  2.75160615e+03 
 8.67000000e-01  2.23431754e-04  8.13360244e-08  2.74702084e+03 
 8.68000000e-01  2.32430903e-04  8.47642848e-08  2.74208534e+03 
 8.69000000e-01  2.41717721e-04  8.83213700e-08  2.73679769e+03 
 8.70000000e-01  2.51296735e-04  9.20111115e-08  2.73115640e+03 
 8.71000000e-01  2.61172305e-04  9.58374037e-08  2.72516048e+03 
 8.72000000e-01  2.71348609e-04  9.98042032e-08  2.71880944e+03 
 8.73000000e-01  2.81829647e-04  1.03915528e-07  2.71210329e+03 
 8.74000000e-01  2.92619221e-04  1.08175459e-07  2.70504257e+03 
 8.75000000e-01  3.03720942e-04  1.12588135e-07  2.69762832e+03 
 8.76000000e-01  3.15138213e-04  1.17157759e-07  2.68986209e+03 
 8.77000000e-01  3.26874234e-04  1.21888591e-07  2.68174595e+03 
 8.78000000e-01  3.38931992e-04  1.26784953e-07  2.67328247e+03 
 8.79000000e-01  3.51314261e-04  1.31851226e-07  2.66447473e+03 
 8.80000000e-01  3.64023602e-04  1.37091853e-07  2.65532629e+03 
 8.81000000e-01  3.77062357e-04  1.42511335e-07  2.64584118e+03 
 8.82000000e-01  3.90432656e-04  1.48114232e-07  2.63602391e+03 
 8.83000000e-01  4.04136411e-04  1.53905166e-07  2.62587944e+03 
 8.84000000e-01  4.18175320e-04  1.59888819e-07  2.61541315e+03 
 8.85000000e-01  4.32550870e-04  1.66069935e-07  2.60463082e+03 
 8.86000000e-01  4.47264340e-04  1.72453316e-07  2.59353866e+03 
 8.87000000e-01  4.62316804e-04  1.79043828e-07  2.58214321e+03 
 8.88000000e-01  4.77709134e-04  1.85846399e-07  2.57045139e+03 
 8.89000000e-01  4.93442007e-04  1.92866020e-07  2.55847042e+03 
 8.90000000e-01  5.09522094e-04  2.00111424e-07  2.54619193e+03 
 8.91000000e-01  5.25937988e-04  2.07580816e-07  2.53365411e+03 
 8.92000000e-01  5.42695387e-04  2.15282658e-07  2.52085046e+03 
 8.93000000e-01  5.59794241e-04  2.23222204e-07  2.50778924e+03 
 8.94000000e-01  5.77234337e-04  2.31404774e-07  2.49447895e+03 
 8.95000000e-01  5.95015303e-04  2.39835759e-07  2.48092822e+03 
 8.96000000e-01  6.13136612e-04  2.48520616e-07  2.46714588e+03 
 8.97000000e-01  6.31597598e-04  2.57464875e-07  2.45314083e+03 
 8.98000000e-01  6.50397453e-04  2.66674138e-07  2.43892211e+03 
 8.99000000e-01  6.69535242e-04  2.76154079e-07  2.42449883e+03 
 9.00000000e-01  6.89009909e-04  2.85910446e-07  2.40988015e+03 
 9.01000000e-01  7.08820281e-04  2.95949065e-07  2.39507525e+03 
 9.02000000e-01  7.28965080e-04  3.06275837e-07  2.38009334e+03 
 9.03000000e-01  7.49442927e-04  3.16896741e-07  2.36494362e+03 
 9.04000000e-01  7.70252351e-04  3.27817839e-07  2.34963525e+03 
 9.05000000e-01  7.91391795e-04  3.39045272e-07  2.33417735e+03 
 9.06000000e-01  8.12859624e-04  3.50585265e-07  2.31857898e+03 
 9.07000000e-01  8.34654130e-04  3.62444125e-07  2.30284911e+03 
 9.08000000e-01  8.56773540e-04  3.74628248e-07  2.28699663e+03 
 9.09000000e-01  8.79216022e-04  3.87144117e-07  2.27103030e+03 
 9.10000000e-01  9.01979691e-04  3.99998303e-07  2.25495880e+03 
 9.11000000e-01  9.25062615e-04  4.13197467e-07  2.23879062e+03 
 9.12000000e-01  9.48462818e-04  4.26748365e-07  2.22253416e+03 
 9.13000000e-01  9.72178290e-04  4.40657844e-07  2.20619763e+03 
 9.14000000e-01  9.96206989e-04  4.54932847e-07  2.18978910e+03 
 9.15000000e-01  1.02054685e-03  4.69580417e-07  2.17331645e+03 
 9.16000000e-01  1.04519577e-03  4.84607693e-07  2.15678741e+03 
 9.17000000e-01  1.07015166e-03  5.00021914e-07  2.14020951e+03 
 9.18000000e-01  1.09541238e-03  5.15830424e-07  2.12359010e+03 
 9.19000000e-01  1.12097582e-03  5.32040670e-07  2.10693633e+03 
 9.20000000e-01  1.14683982e-03  5.48660203e-07  2.09025517e+03 
 9.21000000e-01  1.17300226e-03  5.65696682e-07  2.07355337e+03 
 9.22000000e-01  1.19946100e-03  5.83157878e-07  2.05683751e+03 
 9.23000000e-01  1.22621389e-03  6.01051669e-07  2.04011394e+03 
 9.24000000e-01  1.25325882e-03  6.19386048e-07  2.02338884e+03 
 9.25000000e-01  1.28061728e-03  6.38192029e-07  2.00663315e+03 
 9.26000000e-01  1.30824129e-03  6.57433710e-07  1.98992122e+03 
 9.27000000e-01  1.33615108e-03  6.77140761e-07  1.97322500e+03 
 9.28000000e-01  1.36434454e-03  6.97321621e-07  1.95654989e+03 
 9.29000000e-01  1.39281963e-03  7.17984893e-07  1.93990103e+03 
 9.30000000e-01  1.42157432e-03  7.39139288e-07  1.92328340e+03 
 9.31000000e-01  1.45060658e-03  7.60793644e-07  1.90670176e+03 
 9.32000000e-01  1.47991442e-03  7.82956926e-07  1.89016071e+03 
 9.33000000e-01  1.50949587e-03  8.05638229e-07  1.87366465e+03 
 9.34000000e-01  1.53934898e-03  8.28846780e-07  1.85721778e+03 
 9.35000000e-01  1.56947182e-03  8.52591938e-07  1.84082414e+03 
 9.36000000e-01  1.59986252e-03  8.76883199e-07  1.82448760e+03 
 9.37000000e-01  1.63051920e-03  9.01730197e-07  1.80821181e+03 
 9.38000000e-01  1.66144002e-03  9.27142705e-07  1.79200031e+03 
 9.39000000e-01  1.69262317e-03  9.53130637e-07  1.77585643e+03 
 9.40000000e-01  1.72406689e-03  9.79704052e-07  1.75978336e+03 
 9.41000000e-01  1.75576942e-03  1.00687315e-06  1.74378412e+03 
 9.42000000e-01  1.78772904e-03  1.03464830e-06  1.72786158e+03 
 9.43000000e-01  1.81994407e-03  1.06303998e-06  1.71201845e+03 
 9.44000000e-01  1.85241285e-03  1.09205887e-06  1.69625733e+03 
 9.45000000e-01  1.88513377e-03  1.12171576e-06  1.68058063e+03 
 9.46000000e-01  1.91810523e-03  1.15202162e-06  1.66499065e+03 
 9.47000000e-01  1.95132566e-03  1.18298759e-06  1.64948955e+03 
 9.48000000e-01  1.98479356e-03  1.21462494e-06  1.63407937e+03 
 9.49000000e-01  2.01850741e-03  1.24694513e-06  1.61876201e+03 
 9.50000000e-01  2.05246576e-03  1.27995978e-06  1.60353926e+03 
 9.51000000e-01  2.08666718e-03  1.31368067e-06  1.58841279e+03 
 9.52000000e-01  2.12111026e-03  1.34811975e-06  1.57338415e+03 
 9.53000000e-01  2.15579364e-03  1.38328917e-06  1.55845480e+03 
 9.54000000e-01  2.19071598e-03  1.41920121e-06  1.54362606e+03 
 9.55000000e-01  2.22587598e-03  1.45586838e-06  1.52889919e+03 
 9.56000000e-01  2.26127236e-03  1.49330332e-06  1.51427532e+03 
 9.57000000e-01  2.29690388e-03  1.53151889e-06  1.49975550e+03 
 9.58000000e-01  2.33276933e-03  1.57052813e-06  1.48534069e+03 
 9.59000000e-01  2.36886753e-03  1.61034425e-06  1.47103176e+03 
 9.60000000e-01  2.40519732e-03  1.65098066e-06  1.45682949e+03 
 9.61000000e-01  2.44175759e-03  1.69245099e-06  1.44273459e+03 
 9.62000000e-01  2.47854724e-03  1.73476902e-06  1.42874769e+03 
 9.63000000e-01  2.51556520e-03  1.77794877e-06  1.41486934e+03 
 9.64000000e-01  2.55281046e-03  1.82200443e-06  1.40110003e+03 
 9.65000000e-01  2.59028199e-03  1.86695043e-06  1.38744016e+03 
 9.66000000e-01  2.62797883e-03  1.91280137e-06  1.37389008e+03 
 9.67000000e-01  2.66590002e-03  1.95957208e-06  1.36045009e+03 
 9.68000000e-01  2.70404465e-03  2.00727762e-06  1.34712041e+03 
 9.69000000e-01  2.74241182e-03  2.05593324e-06  1.33390120e+03 
 9.70000000e-01  2.78100066e-03  2.10555441e-06  1.32079259e+03 
 9.71000000e-01  2.81981034e-03  2.15615683e-06  1.30779463e+03 
 9.72000000e-01  2.85884004e-03  2.20775645e-06  1.29490734e+03 
 9.73000000e-01  2.89808897e-03  2.26036940e-06  1.28213068e+03 
 9.74000000e-01  2.93755637e-03  2.31401209e-06  1.26946457e+03 
 9.75000000e-01  2.97724151e-03  2.36870113e-06  1.25690889e+03 
 9.76000000e-01  3.01714367e-03  2.42445338e-06  1.24446347e+03 
 9.77000000e-01  3.05726216e-03  2.48128595e-06  1.23212811e+03 
 9.78000000e-01  3.09759633e-03  2.53921618e-06  1.21990257e+03 
 9.79000000e-01  3.13814553e-03  2.59826167e-06  1.20778656e+03 
 9.80000000e-01  3.17890915e-03  2.65844028e-06  1.19577979e+03 
 9.81000000e-01  3.21988659e-03  2.71977009e-06  1.18388190e+03 
 9.82000000e-01  3.26107729e-03  2.78226948e-06  1.17209253e+03 
 9.83000000e-01  3.30256338e-03  2.84614692e-06  1.16036293e+03 
 9.84000000e-01  3.34418142e-03  2.91104998e-06  1.14878873e+03 
 9.85000000e-01  3.38601132e-03  2.97717990e-06  1.13732170e+03 
 9.86000000e-01  3.42805234e-03  3.04455552e-06  1.12596151e+03 
 9.87000000e-01  3.47030415e-03  3.11319686e-06  1.11470759e+03 
 9.88000000e-01  3.51276631e-03  3.18312390e-06  1.10355940e+03 
 9.89000000e-01  3.55543840e-03  3.25435694e-06  1.09251642e+03 
 9.90000000e-01  3.59832002e-03  3.32691655e-06  1.08157808e+03 
 9.91000000e-01  3.64141080e-03  3.40082359e-06  1.07074381e+03 
 9.92000000e-01  3.68471038e-03  3.47609922e-06  1.06001301e+03 
 9.93000000e-01  3.72821842e-03  3.55276490e-06  1.04938507e+03 
 9.94000000e-01  3.77193460e-03  3.63084238e-06  1.03885936e+03 
 9.95000000e-01  3.81585862e-03  3.71035375e-06  1.02843526e+03 
 9.96000000e-01  3.85999019e-03  3.79132139e-06  1.01811210e+03 
 9.97000000e-01  3.90432906e-03  3.87376799e-06  1.00788924e+03 
 9.98000000e-01  3.94887498e-03  3.95771658e-06  9.97765984e+02 
 9.99000000e-01  3.99362771e-03  4.04319050e-06  9.87741664e+02 
 1.00000000e+00  4.03858705e-03  4.13021342e-06  9.77815584e+02 
