 v-sweep         ic              ib              beta           
 3.00000000e-01  1.84122191e-10  8.19457427e-13  2.24687928e+02 
 3.01000000e-01  1.89935081e-10  8.36508897e-13  2.27056857e+02 
 3.02000000e-01  1.95933178e-10  8.53950677e-13  2.29443202e+02 
 3.03000000e-01  2.02122397e-10  8.71785375e-13  2.31848804e+02 
 3.04000000e-01  2.08508827e-10  8.90033805e-13  2.34270683e+02 
 3.05000000e-01  2.15098747e-10  9.08695967e-13  2.36711458e+02 
 3.06000000e-01  2.21898645e-10  9.27801351e-13  2.39166116e+02 
 3.07000000e-01  2.28915204e-10  9.47338681e-13  2.41640300e+02 
 3.08000000e-01  2.36155336e-10  9.67325306e-13  2.44132284e+02 
 3.09000000e-01  2.43626160e-10  9.87782041e-13  2.46639592e+02 
 3.10000000e-01  2.51335032e-10  1.00871322e-12  2.49164010e+02 
 3.11000000e-01  2.59289526e-10  1.03013013e-12  2.51705604e+02 
 3.12000000e-01  2.67497476e-10  1.05205184e-12  2.54262638e+02 
 3.13000000e-01  2.75966960e-10  1.07448356e-12  2.56836838e+02 
 3.14000000e-01  2.84706308e-10  1.09743917e-12  2.59427871e+02 
 3.15000000e-01  2.93724117e-10  1.12094122e-12  2.62033470e+02 
 3.16000000e-01  3.03029258e-10  1.14499751e-12  2.64654950e+02 
 3.17000000e-01  3.12630891e-10  1.16961498e-12  2.67293850e+02 
 3.18000000e-01  3.22538465e-10  1.19481793e-12  2.69947795e+02 
 3.19000000e-01  3.32761723e-10  1.22062022e-12  2.72616918e+02 
 3.20000000e-01  3.43310720e-10  1.24703054e-12  2.75302576e+02 
 3.21000000e-01  3.54195847e-10  1.27407576e-12  2.78002186e+02 
 3.22000000e-01  3.65427805e-10  1.30176544e-12  2.80717089e+02 
 3.23000000e-01  3.77017649e-10  1.33011691e-12  2.83447000e+02 
 3.24000000e-01  3.88976778e-10  1.35914927e-12  2.86191360e+02 
 3.25000000e-01  4.01316957e-10  1.38887899e-12  2.88950269e+02 
 3.26000000e-01  4.14050344e-10  1.41932514e-12  2.91723391e+02 
 3.27000000e-01  4.27189442e-10  1.45050596e-12  2.94510643e+02 
 3.28000000e-01  4.40747195e-10  1.48244138e-12  2.97311719e+02 
 3.29000000e-01  4.54736947e-10  1.51515136e-12  3.00126416e+02 
 3.30000000e-01  4.69172443e-10  1.54865237e-12  3.02955299e+02 
 3.31000000e-01  4.84067900e-10  1.58297391e-12  3.05796511e+02 
 3.32000000e-01  4.99437970e-10  1.61812552e-12  3.08652180e+02 
 3.33000000e-01  5.15297780e-10  1.65414363e-12  3.11519370e+02 
 3.34000000e-01  5.31662930e-10  1.69103343e-12  3.14401193e+02 
 3.35000000e-01  5.48549519e-10  1.72884178e-12  3.17293072e+02 
 3.36000000e-01  5.65974166e-10  1.76757127e-12  3.20198781e+02 
 3.37000000e-01  5.83954014e-10  1.80725486e-12  3.23116583e+02 
 3.38000000e-01  6.02506750e-10  1.84792030e-12  3.26045852e+02 
 3.39000000e-01  6.21650631e-10  1.88959710e-12  3.28985810e+02 
 3.40000000e-01  6.41404493e-10  1.93230085e-12  3.31938214e+02 
 3.41000000e-01  6.61787766e-10  1.97606453e-12  3.34901901e+02 
 3.42000000e-01  6.82820514e-10  2.02092281e-12  3.37875603e+02 
 3.43000000e-01  7.04523424e-10  2.06690174e-12  3.40859660e+02 
 3.44000000e-01  7.26917847e-10  2.11402386e-12  3.43855083e+02 
 3.45000000e-01  7.50025830e-10  2.16232732e-12  3.46860451e+02 
 3.46000000e-01  7.73870086e-10  2.21184857e-12  3.49874804e+02 
 3.47000000e-01  7.98474094e-10  2.26260495e-12  3.52900357e+02 
 3.48000000e-01  8.23862057e-10  2.31464850e-12  3.55933981e+02 
 3.49000000e-01  8.50058952e-10  2.36799657e-12  3.58978117e+02 
 3.50000000e-01  8.77090546e-10  2.42270641e-12  3.62029234e+02 
 3.51000000e-01  9.04983452e-10  2.47879363e-12  3.65090277e+02 
 3.52000000e-01  9.33765096e-10  2.53630679e-12  3.68159364e+02 
 3.53000000e-01  9.63463803e-10  2.59528061e-12  3.71236852e+02 
 3.54000000e-01  9.94108798e-10  2.65575844e-12  3.74321995e+02 
 3.55000000e-01  1.02573022e-09  2.71778192e-12  3.77414471e+02 
 3.56000000e-01  1.05835919e-09  2.78139268e-12  3.80514121e+02 
 3.57000000e-01  1.09202781e-09  2.84663236e-12  3.83620950e+02 
 3.58000000e-01  1.12676920e-09  2.91354780e-12  3.86734413e+02 
 3.59000000e-01  1.16261754e-09  2.98218237e-12  3.89854610e+02 
 3.60000000e-01  1.19960812e-09  3.05258983e-12  3.92980448e+02 
 3.61000000e-01  1.23777730e-09  3.12481010e-12  3.96112807e+02 
 3.62000000e-01  1.27716266e-09  3.19889695e-12  3.99250955e+02 
 3.63000000e-01  1.31780295e-09  3.27490763e-12  4.02393928e+02 
 3.64000000e-01  1.35973813e-09  3.35289418e-12  4.05541619e+02 
 3.65000000e-01  1.40300948e-09  3.43289996e-12  4.08695125e+02 
 3.66000000e-01  1.44765957e-09  3.51499612e-12  4.11852397e+02 
 3.67000000e-01  1.49373233e-09  3.59923294e-12  4.15014076e+02 
 3.68000000e-01  1.54127308e-09  3.68567116e-12  4.18179761e+02 
 3.69000000e-01  1.59032861e-09  3.77437148e-12  4.21349254e+02 
 3.70000000e-01  1.64094717e-09  3.86539983e-12  4.24521975e+02 
 3.71000000e-01  1.69317857e-09  3.95881866e-12  4.27697934e+02 
 3.72000000e-01  1.74707418e-09  4.05469563e-12  4.30876776e+02 
 3.73000000e-01  1.80268705e-09  4.15310013e-12  4.34058172e+02 
 3.74000000e-01  1.86007188e-09  4.25409981e-12  4.37242181e+02 
 3.75000000e-01  1.91928514e-09  4.35777969e-12  4.40427299e+02 
 3.76000000e-01  1.98038507e-09  4.46419873e-12  4.43614899e+02 
 3.77000000e-01  2.04343180e-09  4.57344195e-12  4.46803921e+02 
 3.78000000e-01  2.10848734e-09  4.68559089e-12  4.49993906e+02 
 3.79000000e-01  2.17561572e-09  4.80072360e-12  4.53184958e+02 
 3.80000000e-01  2.24488296e-09  4.91892683e-12  4.56376572e+02 
 3.81000000e-01  2.31635723e-09  5.04028731e-12  4.59568490e+02 
 3.82000000e-01  2.39010883e-09  5.16489527e-12  4.62760368e+02 
 3.83000000e-01  2.46621033e-09  5.29284437e-12  4.65951794e+02 
 3.84000000e-01  2.54473660e-09  5.42422483e-12  4.69142907e+02 
 3.85000000e-01  2.62576491e-09  5.55912859e-12  4.72333905e+02 
 3.86000000e-01  2.70937496e-09  5.69766668e-12  4.75523597e+02 
 3.87000000e-01  2.79564901e-09  5.83994320e-12  4.78711678e+02 
 3.88000000e-01  2.88467195e-09  5.98605875e-12  4.81898370e+02 
 3.89000000e-01  2.97653137e-09  6.13611743e-12  4.85083834e+02 
 3.90000000e-01  3.07131762e-09  6.29024241e-12  4.88266972e+02 
 3.91000000e-01  3.16912398e-09  6.44855340e-12  4.91447272e+02 
 3.92000000e-01  3.27004666e-09  6.61116315e-12  4.94625013e+02 
 3.93000000e-01  3.37418494e-09  6.77818965e-12  4.97800315e+02 
 3.94000000e-01  3.48164131e-09  6.94976647e-12  5.00972417e+02 
 3.95000000e-01  3.59252146e-09  7.12602026e-12  5.04141349e+02 
 3.96000000e-01  3.70693449e-09  7.30708459e-12  5.07306907e+02 
 3.97000000e-01  3.82499296e-09  7.49310521e-12  5.10468337e+02 
 3.98000000e-01  3.94681300e-09  7.68421916e-12  5.13625772e+02 
 3.99000000e-01  4.07251448e-09  7.88056870e-12  5.16779263e+02 
 4.00000000e-01  4.20222108e-09  8.08231344e-12  5.19928002e+02 
 4.01000000e-01  4.33606038e-09  8.28960778e-12  5.23071838e+02 
 4.02000000e-01  4.47416407e-09  8.50260614e-12  5.26210905e+02 
 4.03000000e-01  4.61666801e-09  8.72147332e-12  5.29344967e+02 
 4.04000000e-01  4.76371240e-09  8.94638803e-12  5.32473260e+02 
 4.05000000e-01  4.91544189e-09  9.17751333e-12  5.35596269e+02 
 4.06000000e-01  5.07200579e-09  9.41504354e-12  5.38712941e+02 
 4.07000000e-01  5.23355811e-09  9.65915043e-12  5.41823853e+02 
 4.08000000e-01  5.40025778e-09  9.91003523e-12  5.44928212e+02 
 4.09000000e-01  5.57226879e-09  1.01678819e-11  5.48026509e+02 
 4.10000000e-01  5.74976040e-09  1.04329054e-11  5.51117849e+02 
 4.11000000e-01  5.93290719e-09  1.07053107e-11  5.54202243e+02 
 4.12000000e-01  6.12188936e-09  1.09853128e-11  5.57279478e+02 
 4.13000000e-01  6.31689283e-09  1.12731251e-11  5.60349752e+02 
 4.14000000e-01  6.51810944e-09  1.15689835e-11  5.63412458e+02 
 4.15000000e-01  6.72573715e-09  1.18731206e-11  5.66467516e+02 
 4.16000000e-01  6.93998022e-09  1.21857776e-11  5.69514762e+02 
 4.17000000e-01  7.16104941e-09  1.25072077e-11  5.72553811e+02 
 4.18000000e-01  7.38916222e-09  1.28376520e-11  5.75585177e+02 
 4.19000000e-01  7.62454306e-09  1.31773918e-11  5.78607905e+02 
 4.20000000e-01  7.86742349e-09  1.35266924e-11  5.81622120e+02 
 4.21000000e-01  8.11804246e-09  1.38858349e-11  5.84627611e+02 
 4.22000000e-01  8.37664651e-09  1.42551142e-11  5.87623948e+02 
 4.23000000e-01  8.64349006e-09  1.46348081e-11  5.90611781e+02 
 4.24000000e-01  8.91883563e-09  1.50252478e-11  5.93589919e+02 
 4.25000000e-01  9.20295409e-09  1.54267214e-11  5.96559296e+02 
 4.26000000e-01  9.49612493e-09  1.58395691e-11  5.99519146e+02 
 4.27000000e-01  9.79863659e-09  1.62641308e-11  6.02469122e+02 
 4.28000000e-01  1.01107867e-08  1.67007380e-11  6.05409574e+02 
 4.29000000e-01  1.04328822e-08  1.71497567e-11  6.08339953e+02 
 4.30000000e-01  1.07652401e-08  1.76115394e-11  6.11260600e+02 
 4.31000000e-01  1.11081874e-08  1.80864658e-11  6.14171251e+02 
 4.32000000e-01  1.14620613e-08  1.85749300e-11  6.17071572e+02 
 4.33000000e-01  1.18272100e-08  1.90773345e-11  6.19961346e+02 
 4.34000000e-01  1.22039928e-08  1.95940819e-11  6.22840755e+02 
 4.35000000e-01  1.25927802e-08  2.01255956e-11  6.25709693e+02 
 4.36000000e-01  1.29939548e-08  2.06723145e-11  6.28567972e+02 
 4.37000000e-01  1.34079113e-08  2.12346987e-11  6.31415189e+02 
 4.38000000e-01  1.38350567e-08  2.18131956e-11  6.34251714e+02 
 4.39000000e-01  1.42758114e-08  2.24082827e-11  6.37077441e+02 
 4.40000000e-01  1.47306089e-08  2.30204735e-11  6.39891656e+02 
 4.41000000e-01  1.51998966e-08  2.36502487e-11  6.42695001e+02 
 4.42000000e-01  1.56841362e-08  2.42981377e-11  6.45487172e+02 
 4.43000000e-01  1.61838040e-08  2.49646870e-11  6.48267849e+02 
 4.44000000e-01  1.66993915e-08  2.56504348e-11  6.51037366e+02 
 4.45000000e-01  1.72314060e-08  2.63559710e-11  6.53795150e+02 
 4.46000000e-01  1.77803708e-08  2.70818753e-11  6.56541344e+02 
 4.47000000e-01  1.83468259e-08  2.78287429e-11  6.59276127e+02 
 4.48000000e-01  1.89313285e-08  2.85972075e-11  6.61999200e+02 
 4.49000000e-01  1.95344536e-08  2.93879127e-11  6.64710481e+02 
 4.50000000e-01  2.01567945e-08  3.02015149e-11  6.67410050e+02 
 4.51000000e-01  2.07989635e-08  3.10386942e-11  6.70097889e+02 
 4.52000000e-01  2.14615921e-08  3.19001675e-11  6.72773648e+02 
 4.53000000e-01  2.21453322e-08  3.27866535e-11  6.75437406e+02 
 4.54000000e-01  2.28508564e-08  3.36988880e-11  6.78089329e+02 
 4.55000000e-01  2.35788587e-08  3.46376436e-11  6.80729294e+02 
 4.56000000e-01  2.43300551e-08  3.56037186e-11  6.83357135e+02 
 4.57000000e-01  2.51051848e-08  3.65979272e-11  6.85972859e+02 
 4.58000000e-01  2.59050100e-08  3.76211061e-11  6.88576510e+02 
 4.59000000e-01  2.67303175e-08  3.86741355e-11  6.91167810e+02 
 4.60000000e-01  2.75819193e-08  3.97578746e-11  6.93747328e+02 
 4.61000000e-01  2.84606528e-08  4.08732817e-11  6.96314356e+02 
 4.62000000e-01  2.93673826e-08  4.20212787e-11  6.98869323e+02 
 4.63000000e-01  3.03030004e-08  4.32028499e-11  7.01412070e+02 
 4.64000000e-01  3.12684266e-08  4.44190042e-11  7.03942540e+02 
 4.65000000e-01  3.22646109e-08  4.56707797e-11  7.06460697e+02 
 4.66000000e-01  3.32925330e-08  4.69592408e-11  7.08966593e+02 
 4.67000000e-01  3.43532040e-08  4.82854727e-11  7.11460448e+02 
 4.68000000e-01  3.54476673e-08  4.96506283e-11  7.13941968e+02 
 4.69000000e-01  3.65769993e-08  5.10558798e-11  7.16411105e+02 
 4.70000000e-01  3.77423108e-08  5.25024150e-11  7.18868092e+02 
 4.71000000e-01  3.89447481e-08  5.39914910e-11  7.21312700e+02 
 4.72000000e-01  4.01854939e-08  5.55243636e-11  7.23745240e+02 
 4.73000000e-01  4.14657684e-08  5.71023665e-11  7.26165498e+02 
 4.74000000e-01  4.27868310e-08  5.87268579e-11  7.28573476e+02 
 4.75000000e-01  4.41499809e-08  6.03992254e-11  7.30969323e+02 
 4.76000000e-01  4.55565589e-08  6.21209161e-11  7.33352980e+02 
 4.77000000e-01  4.70079485e-08  6.38934045e-11  7.35724585e+02 
 4.78000000e-01  4.85055771e-08  6.57182454e-11  7.38083874e+02 
 4.79000000e-01  5.00509178e-08  6.75969866e-11  7.40431198e+02 
 4.80000000e-01  5.16454903e-08  6.95312785e-11  7.42766297e+02 
 4.81000000e-01  5.32908629e-08  7.15227663e-11  7.45089510e+02 
 4.82000000e-01  5.49886540e-08  7.35732049e-11  7.47400552e+02 
 4.83000000e-01  5.67405332e-08  7.56843561e-11  7.49699622e+02 
 4.84000000e-01  5.85482235e-08  7.78580497e-11  7.51986773e+02 
 4.85000000e-01  6.04135028e-08  8.00961779e-11  7.54261993e+02 
 4.86000000e-01  6.23382054e-08  8.24006804e-11  7.56525372e+02 
 4.87000000e-01  6.43242243e-08  8.47735643e-11  7.58776923e+02 
 4.88000000e-01  6.63735126e-08  8.72169102e-11  7.61016555e+02 
 4.89000000e-01  6.84880856e-08  8.97328334e-11  7.63244433e+02 
 4.90000000e-01  7.06700229e-08  9.23235190e-11  7.65460672e+02 
 4.91000000e-01  7.29214702e-08  9.49912287e-11  7.67665302e+02 
 4.92000000e-01  7.52446417e-08  9.77383181e-11  7.69858159e+02 
 4.93000000e-01  7.76418218e-08  1.00567157e-10  7.72039540e+02 
 4.94000000e-01  8.01153680e-08  1.03480234e-10  7.74209380e+02 
 4.95000000e-01  8.26677126e-08  1.06480100e-10  7.76367720e+02 
 4.96000000e-01  8.53013656e-08  1.09569373e-10  7.78514685e+02 
 4.97000000e-01  8.80189167e-08  1.12750765e-10  7.80650287e+02 
 4.98000000e-01  9.08230382e-08  1.16027073e-10  7.82774533e+02 
 4.99000000e-01  9.37164874e-08  1.19401167e-10  7.84887531e+02 
 5.00000000e-01  9.67021095e-08  1.22876001e-10  7.86989394e+02 
 5.01000000e-01  9.97828402e-08  1.26454643e-10  7.89080083e+02 
 5.02000000e-01  1.02961709e-07  1.30140233e-10  7.91159706e+02 
 5.03000000e-01  1.06241841e-07  1.33936015e-10  7.93228322e+02 
 5.04000000e-01  1.09626461e-07  1.37845331e-10  7.95285994e+02 
 5.05000000e-01  1.13118898e-07  1.41871626e-10  7.97332785e+02 
 5.06000000e-01  1.16722586e-07  1.46018457e-10  7.99368709e+02 
 5.07000000e-01  1.20441066e-07  1.50289479e-10  8.01393866e+02 
 5.08000000e-01  1.24277997e-07  1.54688457e-10  8.03408340e+02 
 5.09000000e-01  1.28237148e-07  1.59219273e-10  8.05412223e+02 
 5.10000000e-01  1.32322414e-07  1.63885937e-10  8.07405547e+02 
 5.11000000e-01  1.36537811e-07  1.68692580e-10  8.09388360e+02 
 5.12000000e-01  1.40887482e-07  1.73643455e-10  8.11360735e+02 
 5.13000000e-01  1.45375703e-07  1.78742946e-10  8.13322744e+02 
 5.14000000e-01  1.50006888e-07  1.83995557e-10  8.15274511e+02 
 5.15000000e-01  1.54785588e-07  1.89405964e-10  8.17216020e+02 
 5.16000000e-01  1.59716501e-07  1.94978952e-10  8.19147395e+02 
 5.17000000e-01  1.64804474e-07  2.00719464e-10  8.21068722e+02 
 5.18000000e-01  1.70054509e-07  2.06632614e-10  8.22980001e+02 
 5.19000000e-01  1.75471765e-07  2.12723629e-10  8.24881402e+02 
 5.20000000e-01  1.81061569e-07  2.18997949e-10  8.26772900e+02 
 5.21000000e-01  1.86829414e-07  2.25461155e-10  8.28654557e+02 
 5.22000000e-01  1.92780968e-07  2.32118956e-10  8.30526602e+02 
 5.23000000e-01  1.98922082e-07  2.38977325e-10  8.32388939e+02 
 5.24000000e-01  2.05258792e-07  2.46042341e-10  8.34241744e+02 
 5.25000000e-01  2.11797324e-07  2.53320312e-10  8.36085042e+02 
 5.26000000e-01  2.18544105e-07  2.60817726e-10  8.37918910e+02 
 5.27000000e-01  2.25505764e-07  2.68541262e-10  8.39743445e+02 
 5.28000000e-01  2.32689144e-07  2.76497808e-10  8.41558729e+02 
 5.29000000e-01  2.40101303e-07  2.84694494e-10  8.43364758e+02 
 5.30000000e-01  2.47749525e-07  2.93138608e-10  8.45161702e+02 
 5.31000000e-01  2.55641324e-07  3.01837709e-10  8.46949588e+02 
 5.32000000e-01  2.63784455e-07  3.10799572e-10  8.48728502e+02 
 5.33000000e-01  2.72186919e-07  3.20032213e-10  8.50498505e+02 
 5.34000000e-01  2.80856970e-07  3.29543886e-10  8.52259690e+02 
 5.35000000e-01  2.89803128e-07  3.39343110e-10  8.54012118e+02 
 5.36000000e-01  2.99034181e-07  3.49438657e-10  8.55755870e+02 
 5.37000000e-01  3.08559198e-07  3.59839564e-10  8.57491027e+02 
 5.38000000e-01  3.18387534e-07  3.70555169e-10  8.59217629e+02 
 5.39000000e-01  3.28528845e-07  3.81595055e-10  8.60935803e+02 
 5.40000000e-01  3.38993091e-07  3.92969147e-10  8.62645563e+02 
 5.41000000e-01  3.49790551e-07  4.04687630e-10  8.64347031e+02 
 5.42000000e-01  3.60931830e-07  4.16761027e-10  8.66040263e+02 
 5.43000000e-01  3.72427868e-07  4.29200186e-10  8.67725320e+02 
 5.44000000e-01  3.84289957e-07  4.42016269e-10  8.69402291e+02 
 5.45000000e-01  3.96529745e-07  4.55220792e-10  8.71071251e+02 
 5.46000000e-01  4.09159250e-07  4.68825636e-10  8.72732246e+02 
 5.47000000e-01  4.22190874e-07  4.82843017e-10  8.74385378e+02 
 5.48000000e-01  4.35637411e-07  4.97285553e-10  8.76030699e+02 
 5.49000000e-01  4.49512062e-07  5.12166231e-10  8.77668295e+02 
 5.50000000e-01  4.63828450e-07  5.27498456e-10  8.79298214e+02 
 5.51000000e-01  4.78600628e-07  5.43296013e-10  8.80920560e+02 
 5.52000000e-01  4.93843096e-07  5.59573147e-10  8.82535373e+02 
 5.53000000e-01  5.09570815e-07  5.76344525e-10  8.84142719e+02 
 5.54000000e-01  5.25799222e-07  5.93625228e-10  8.85742715e+02 
 5.55000000e-01  5.42544242e-07  6.11430882e-10  8.87335360e+02 
 5.56000000e-01  5.59822308e-07  6.29777509e-10  8.88920769e+02 
 5.57000000e-01  5.77650374e-07  6.48681667e-10  8.90498996e+02 
 5.58000000e-01  5.96045932e-07  6.68160414e-10  8.92070107e+02 
 5.59000000e-01  6.15027030e-07  6.88231330e-10  8.93634165e+02 
 5.60000000e-01  6.34612290e-07  7.08912534e-10  8.95191239e+02 
 5.61000000e-01  6.54820921e-07  7.30222701e-10  8.96741391e+02 
 5.62000000e-01  6.75672747e-07  7.52181078e-10  8.98284690e+02 
 5.63000000e-01  6.97188216e-07  7.74807497e-10  8.99821206e+02 
 5.64000000e-01  7.19388430e-07  7.98122402e-10  9.01351006e+02 
 5.65000000e-01  7.42295156e-07  8.22146907e-10  9.02874109e+02 
 5.66000000e-01  7.65930853e-07  8.46902689e-10  9.04390626e+02 
 5.67000000e-01  7.90318694e-07  8.72412161e-10  9.05900593e+02 
 5.68000000e-01  8.15482584e-07  8.98698397e-10  9.07404072e+02 
 5.69000000e-01  8.41447189e-07  9.25785164e-10  9.08901138e+02 
 5.70000000e-01  8.68237954e-07  9.53696998e-10  9.10391829e+02 
 5.71000000e-01  8.95881134e-07  9.82459150e-10  9.11876218e+02 
 5.72000000e-01  9.24403812e-07  1.01209767e-09  9.13354354e+02 
 5.73000000e-01  9.53833932e-07  1.04263940e-09  9.14826288e+02 
 5.74000000e-01  9.84200323e-07  1.07411199e-09  9.16292095e+02 
 5.75000000e-01  1.01553273e-06  1.10654397e-09  9.17751809e+02 
 5.76000000e-01  1.04786183e-06  1.13996472e-09  9.19205488e+02 
 5.77000000e-01  1.08121928e-06  1.17440454e-09  9.20653187e+02 
 5.78000000e-01  1.11563775e-06  1.20989463e-09  9.22094968e+02 
 5.79000000e-01  1.15115091e-06  1.24646719e-09  9.23530862e+02 
 5.80000000e-01  1.18779354e-06  1.28415536e-09  9.24960937e+02 
 5.81000000e-01  1.22560149e-06  1.32299334e-09  9.26385229e+02 
 5.82000000e-01  1.26461174e-06  1.36301635e-09  9.27803790e+02 
 5.83000000e-01  1.30486246e-06  1.40426071e-09  9.29216669e+02 
 5.84000000e-01  1.34639303e-06  1.44676385e-09  9.30623909e+02 
 5.85000000e-01  1.38924404e-06  1.49056433e-09  9.32025555e+02 
 5.86000000e-01  1.43345741e-06  1.53570190e-09  9.33421656e+02 
 5.87000000e-01  1.47907634e-06  1.58221755e-09  9.34812246e+02 
 5.88000000e-01  1.52614543e-06  1.63015352e-09  9.36197364e+02 
 5.89000000e-01  1.57471067e-06  1.67955332e-09  9.37577064e+02 
 5.90000000e-01  1.62481950e-06  1.73046182e-09  9.38951373e+02 
 5.91000000e-01  1.67652086e-06  1.78292524e-09  9.40320338e+02 
 5.92000000e-01  1.72986525e-06  1.83699126e-09  9.41683987e+02 
 5.93000000e-01  1.78490475e-06  1.89270899e-09  9.43042357e+02 
 5.94000000e-01  1.84169306e-06  1.95012905e-09  9.44395482e+02 
 5.95000000e-01  1.90028562e-06  2.00930359e-09  9.45743403e+02 
 5.96000000e-01  1.96073957e-06  2.07028642e-09  9.47086141e+02 
 5.97000000e-01  2.02311389e-06  2.13313294e-09  9.48423728e+02 
 5.98000000e-01  2.08746939e-06  2.19790027e-09  9.49756191e+02 
 5.99000000e-01  2.15386880e-06  2.26464727e-09  9.51083569e+02 
 6.00000000e-01  2.22237684e-06  2.33343461e-09  9.52405877e+02 
 6.01000000e-01  2.29306023e-06  2.40432484e-09  9.53723138e+02 
 6.02000000e-01  2.36598782e-06  2.47738238e-09  9.55035382e+02 
 6.03000000e-01  2.44123062e-06  2.55267366e-09  9.56342623e+02 
 6.04000000e-01  2.51886186e-06  2.63026712e-09  9.57644890e+02 
 6.05000000e-01  2.59895707e-06  2.71023332e-09  9.58942190e+02 
 6.06000000e-01  2.68159416e-06  2.79264495e-09  9.60234548e+02 
 6.07000000e-01  2.76685347e-06  2.87757694e-09  9.61521977e+02 
 6.08000000e-01  2.85481786e-06  2.96510654e-09  9.62804482e+02 
 6.09000000e-01  2.94557281e-06  3.05531330e-09  9.64082084e+02 
 6.10000000e-01  3.03920645e-06  3.14827925e-09  9.65354789e+02 
 6.11000000e-01  3.13580968e-06  3.24408892e-09  9.66622606e+02 
 6.12000000e-01  3.23547625e-06  3.34282941e-09  9.67885539e+02 
 6.13000000e-01  3.33830282e-06  3.44459051e-09  9.69143593e+02 
 6.14000000e-01  3.44438909e-06  3.54946473e-09  9.70396765e+02 
 6.15000000e-01  3.55383788e-06  3.65754740e-09  9.71645064e+02 
 6.16000000e-01  3.66675519e-06  3.76893678e-09  9.72888482e+02 
 6.17000000e-01  3.78325035e-06  3.88373414e-09  9.74127015e+02 
 6.18000000e-01  3.90343609e-06  4.00204382e-09  9.75360658e+02 
 6.19000000e-01  4.02742865e-06  4.12397333e-09  9.76589403e+02 
 6.20000000e-01  4.15534790e-06  4.24963350e-09  9.77813238e+02 
 6.21000000e-01  4.28731741e-06  4.37913853e-09  9.79032149e+02 
 6.22000000e-01  4.42346462e-06  4.51260609e-09  9.80246121e+02 
 6.23000000e-01  4.56392173e-06  4.65015835e-09  9.81455122e+02 
 6.24000000e-01  4.70882264e-06  4.79191854e-09  9.82659159e+02 
 6.25000000e-01  4.85830776e-06  4.93801624e-09  9.83858197e+02 
 6.26000000e-01  5.01252106e-06  5.08858415e-09  9.85052209e+02 
 6.27000000e-01  5.17161100e-06  5.24375900e-09  9.86241169e+02 
 6.28000000e-01  5.33573061e-06  5.40368166e-09  9.87425045e+02 
 6.29000000e-01  5.50503763e-06  5.56849733e-09  9.88603802e+02 
 6.30000000e-01  5.67969470e-06  5.73835559e-09  9.89777404e+02 
 6.31000000e-01  5.85986945e-06  5.91341057e-09  9.90945814e+02 
 6.32000000e-01  6.04573468e-06  6.09382110e-09  9.92108987e+02 
 6.33000000e-01  6.23746850e-06  6.27975082e-09  9.93266879e+02 
 6.34000000e-01  6.43525449e-06  6.47136835e-09  9.94419440e+02 
 6.35000000e-01  6.63928187e-06  6.66884741e-09  9.95566620e+02 
 6.36000000e-01  6.84974566e-06  6.87236699e-09  9.96708363e+02 
 6.37000000e-01  7.06684684e-06  7.08211155e-09  9.97844611e+02 
 6.38000000e-01  7.29079254e-06  7.29827107e-09  9.98975301e+02 
 6.39000000e-01  7.52179622e-06  7.52104135e-09  1.00010037e+03 
 6.40000000e-01  7.76007784e-06  7.75062406e-09  1.00121974e+03 
 6.41000000e-01  8.00586404e-06  7.98722700e-09  1.00233336e+03 
 6.42000000e-01  8.25938839e-06  8.23106428e-09  1.00344112e+03 
 6.43000000e-01  8.52089151e-06  8.48235640e-09  1.00454297e+03 
 6.44000000e-01  8.79062134e-06  8.74133059e-09  1.00563882e+03 
 6.45000000e-01  9.06883330e-06  9.00822092e-09  1.00672856e+03 
 6.46000000e-01  9.35579054e-06  9.28326851e-09  1.00781212e+03 
 6.47000000e-01  9.65176414e-06  9.56672175e-09  1.00888940e+03 
 6.48000000e-01  9.95703335e-06  9.85883652e-09  1.00996029e+03 
 6.49000000e-01  1.02718858e-05  1.01598764e-08  1.01102468e+03 
 6.50000000e-01  1.05966177e-05  1.04701129e-08  1.01208247e+03 
 6.51000000e-01  1.09315343e-05  1.07898256e-08  1.01313355e+03 
 6.52000000e-01  1.12769496e-05  1.11193026e-08  1.01417779e+03 
 6.53000000e-01  1.16331875e-05  1.14588406e-08  1.01521506e+03 
 6.54000000e-01  1.20005810e-05  1.18087452e-08  1.01624523e+03 
 6.55000000e-01  1.23794733e-05  1.21693311e-08  1.01726818e+03 
 6.56000000e-01  1.27702177e-05  1.25409225e-08  1.01828376e+03 
 6.57000000e-01  1.31731779e-05  1.29238533e-08  1.01929182e+03 
 6.58000000e-01  1.35887283e-05  1.33184671e-08  1.02029221e+03 
 6.59000000e-01  1.40172543e-05  1.37251183e-08  1.02128477e+03 
 6.60000000e-01  1.44591527e-05  1.41441712e-08  1.02226934e+03 
 6.61000000e-01  1.49148317e-05  1.45760015e-08  1.02324576e+03 
 6.62000000e-01  1.53847117e-05  1.50209958e-08  1.02421383e+03 
 6.63000000e-01  1.58692251e-05  1.54795522e-08  1.02517340e+03 
 6.64000000e-01  1.63688168e-05  1.59520807e-08  1.02612425e+03 
 6.65000000e-01  1.68839447e-05  1.64390034e-08  1.02706620e+03 
 6.66000000e-01  1.74150798e-05  1.69407548e-08  1.02799905e+03 
 6.67000000e-01  1.79627066e-05  1.74577823e-08  1.02892259e+03 
 6.68000000e-01  1.85273236e-05  1.79905468e-08  1.02983660e+03 
 6.69000000e-01  1.91094433e-05  1.85395223e-08  1.03074087e+03 
 6.70000000e-01  1.97095928e-05  1.91051970e-08  1.03163515e+03 
 6.71000000e-01  2.03283144e-05  1.96880735e-08  1.03251922e+03 
 6.72000000e-01  2.09661652e-05  2.02886691e-08  1.03339283e+03 
 6.73000000e-01  2.16237184e-05  2.09075163e-08  1.03425573e+03 
 6.74000000e-01  2.23015630e-05  2.15451630e-08  1.03510765e+03 
 6.75000000e-01  2.30003043e-05  2.22021733e-08  1.03594833e+03 
 6.76000000e-01  2.37205646e-05  2.28791277e-08  1.03677749e+03 
 6.77000000e-01  2.44629832e-05  2.35766236e-08  1.03759485e+03 
 6.78000000e-01  2.52282169e-05  2.42952757e-08  1.03840011e+03 
 6.79000000e-01  2.60169408e-05  2.50357167e-08  1.03919297e+03 
 6.80000000e-01  2.68298479e-05  2.57985974e-08  1.03997312e+03 
 6.81000000e-01  2.76676502e-05  2.65845877e-08  1.04074024e+03 
 6.82000000e-01  2.85310788e-05  2.73943764e-08  1.04149401e+03 
 6.83000000e-01  2.94208843e-05  2.82286724e-08  1.04223407e+03 
 6.84000000e-01  3.03378372e-05  2.90882050e-08  1.04296010e+03 
 6.85000000e-01  3.12827286e-05  2.99737244e-08  1.04367172e+03 
 6.86000000e-01  3.22563701e-05  3.08860020e-08  1.04436858e+03 
 6.87000000e-01  3.32595947e-05  3.18258315e-08  1.04505030e+03 
 6.88000000e-01  3.42932568e-05  3.27940291e-08  1.04571649e+03 
 6.89000000e-01  3.53582329e-05  3.37914340e-08  1.04636675e+03 
 6.90000000e-01  3.64554219e-05  3.48189093e-08  1.04700068e+03 
 6.91000000e-01  3.75857454e-05  3.58773426e-08  1.04761787e+03 
 6.92000000e-01  3.87501484e-05  3.69676464e-08  1.04821789e+03 
 6.93000000e-01  3.99495994e-05  3.80907588e-08  1.04880030e+03 
 6.94000000e-01  4.11850907e-05  3.92476441e-08  1.04936466e+03 
 6.95000000e-01  4.24576394e-05  4.04392937e-08  1.04991051e+03 
 6.96000000e-01  4.37682869e-05  4.16667266e-08  1.05043738e+03 
 6.97000000e-01  4.51181001e-05  4.29309900e-08  1.05094479e+03 
 6.98000000e-01  4.65081711e-05  4.42331602e-08  1.05143225e+03 
 6.99000000e-01  4.79396181e-05  4.55743430e-08  1.05189927e+03 
 7.00000000e-01  4.94135854e-05  4.69556749e-08  1.05234533e+03 
 7.01000000e-01  5.09312437e-05  4.83783232e-08  1.05276992e+03 
 7.02000000e-01  5.24937907e-05  4.98434874e-08  1.05317251e+03 
 7.03000000e-01  5.41024512e-05  5.13523995e-08  1.05355254e+03 
 7.04000000e-01  5.57584775e-05  5.29063249e-08  1.05390948e+03 
 7.05000000e-01  5.74631496e-05  5.45065631e-08  1.05424276e+03 
 7.06000000e-01  5.92177754e-05  5.61544488e-08  1.05455181e+03 
 7.07000000e-01  6.10236913e-05  5.78513523e-08  1.05483604e+03 
 7.08000000e-01  6.28822618e-05  5.95986805e-08  1.05509486e+03 
 7.09000000e-01  6.47948802e-05  6.13978778e-08  1.05532768e+03 
 7.10000000e-01  6.67629686e-05  6.32504266e-08  1.05553389e+03 
 7.11000000e-01  6.87879780e-05  6.51578486e-08  1.05571285e+03 
 7.12000000e-01  7.08713886e-05  6.71217053e-08  1.05586395e+03 
 7.13000000e-01  7.30147096e-05  6.91435992e-08  1.05598653e+03 
 7.14000000e-01  7.52194796e-05  7.12251741e-08  1.05607997e+03 
 7.15000000e-01  7.74872663e-05  7.33681167e-08  1.05614359e+03 
 7.16000000e-01  7.98196667e-05  7.55741569e-08  1.05617674e+03 
 7.17000000e-01  8.22183073e-05  7.78450690e-08  1.05617875e+03 
 7.18000000e-01  8.46848434e-05  8.01826725e-08  1.05614893e+03 
 7.19000000e-01  8.72209596e-05  8.25888330e-08  1.05608660e+03 
 7.20000000e-01  8.98283694e-05  8.50654633e-08  1.05599107e+03 
 7.21000000e-01  9.25088150e-05  8.76145241e-08  1.05586164e+03 
 7.22000000e-01  9.52640671e-05  9.02380249e-08  1.05569761e+03 
 7.23000000e-01  9.80961619e-05  9.29382939e-08  1.05549777e+03 
 7.24000000e-01  1.01006478e-04  9.57169337e-08  1.05526236e+03 
 7.25000000e-01  1.03997084e-04  9.85763484e-08  1.05499022e+03 
 7.26000000e-01  1.07069861e-04  1.01518753e-07  1.05468062e+03 
 7.27000000e-01  1.10226719e-04  1.04546416e-07  1.05433284e+03 
 7.28000000e-01  1.13469594e-04  1.07661661e-07  1.05394615e+03 
 7.29000000e-01  1.16800445e-04  1.10866867e-07  1.05351985e+03 
 7.30000000e-01  1.20221258e-04  1.14164469e-07  1.05305319e+03 
 7.31000000e-01  1.23734046e-04  1.17556960e-07  1.05254547e+03 
 7.32000000e-01  1.27340841e-04  1.21046892e-07  1.05199596e+03 
 7.33000000e-01  1.31043702e-04  1.24636876e-07  1.05140394e+03 
 7.34000000e-01  1.34844709e-04  1.28329583e-07  1.05076870e+03 
 7.35000000e-01  1.38745963e-04  1.32127746e-07  1.05008953e+03 
 7.36000000e-01  1.42749586e-04  1.36034160e-07  1.04936573e+03 
 7.37000000e-01  1.46857720e-04  1.40051684e-07  1.04859660e+03 
 7.38000000e-01  1.51072525e-04  1.44183241e-07  1.04778145e+03 
 7.39000000e-01  1.55396179e-04  1.48431818e-07  1.04691960e+03 
 7.40000000e-01  1.59830877e-04  1.52800471e-07  1.04601037e+03 
 7.41000000e-01  1.64378829e-04  1.57292321e-07  1.04505311e+03 
 7.42000000e-01  1.69042258e-04  1.61910558e-07  1.04404716e+03 
 7.43000000e-01  1.73823403e-04  1.66658440e-07  1.04299190e+03 
 7.44000000e-01  1.78724511e-04  1.71539298e-07  1.04188669e+03 
 7.45000000e-01  1.83747842e-04  1.76556530e-07  1.04073094e+03 
 7.46000000e-01  1.88895665e-04  1.81713608e-07  1.03952404e+03 
 7.47000000e-01  1.94170255e-04  1.87014079e-07  1.03826544e+03 
 7.48000000e-01  1.99573894e-04  1.92461560e-07  1.03695457e+03 
 7.49000000e-01  2.05108870e-04  1.98059744e-07  1.03559091e+03 
 7.50000000e-01  2.10777472e-04  2.03812402e-07  1.03417393e+03 
 7.51000000e-01  2.16581993e-04  2.09723379e-07  1.03270315e+03 
 7.52000000e-01  2.22524724e-04  2.15796597e-07  1.03117809e+03 
 7.53000000e-01  2.28607956e-04  2.22036060e-07  1.02959833e+03 
 7.54000000e-01  2.34833977e-04  2.28445847e-07  1.02796343e+03 
 7.55000000e-01  2.41205069e-04  2.35030120e-07  1.02627301e+03 
 7.56000000e-01  2.47723511e-04  2.41793122e-07  1.02452670e+03 
 7.57000000e-01  2.54391570e-04  2.48739177e-07  1.02272418e+03 
 7.58000000e-01  2.61211507e-04  2.55872692e-07  1.02086512e+03 
 7.59000000e-01  2.68185570e-04  2.63198159e-07  1.01894926e+03 
 7.60000000e-01  2.75315995e-04  2.70720153e-07  1.01697636e+03 
 7.61000000e-01  2.82605003e-04  2.78443335e-07  1.01494619e+03 
 7.62000000e-01  2.90054801e-04  2.86372453e-07  1.01285860e+03 
 7.63000000e-01  2.97667575e-04  2.94512342e-07  1.01071342e+03 
 7.64000000e-01  3.05445496e-04  3.02867925e-07  1.00851055e+03 
 7.65000000e-01  3.13390712e-04  3.11444214e-07  1.00624991e+03 
 7.66000000e-01  3.21505348e-04  3.20246311e-07  1.00393147e+03 
 7.67000000e-01  3.29791507e-04  3.29279408e-07  1.00155521e+03 
 7.68000000e-01  3.38251267e-04  3.38548790e-07  9.99121180e+02 
 7.69000000e-01  3.46886678e-04  3.48059833e-07  9.96629442e+02 
 7.70000000e-01  3.55699762e-04  3.57818008e-07  9.94080103e+02 
 7.71000000e-01  3.64692514e-04  3.67828877e-07  9.91473310e+02 
 7.72000000e-01  3.73866896e-04  3.78098100e-07  9.88809243e+02 
 7.73000000e-01  3.83224839e-04  3.88631432e-07  9.86088122e+02 
 7.74000000e-01  3.92768241e-04  3.99434724e-07  9.83310207e+02 
 7.75000000e-01  4.02501902e-04  4.10518082e-07  9.80473017e+02 
 7.76000000e-01  4.12422036e-04  4.21879636e-07  9.77582230e+02 
 7.77000000e-01  4.22533131e-04  4.33529327e-07  9.74635635e+02 
 7.78000000e-01  4.32836944e-04  4.45473404e-07  9.71633638e+02 
 7.79000000e-01  4.43335194e-04  4.57718218e-07  9.68576683e+02 
 7.80000000e-01  4.54029557e-04  4.70270222e-07  9.65465250e+02 
 7.81000000e-01  4.64921674e-04  4.83135971e-07  9.62299854e+02 
 7.82000000e-01  4.76013143e-04  4.96322124e-07  9.59081047e+02 
 7.83000000e-01  4.87305520e-04  5.09835447e-07  9.55809415e+02 
 7.84000000e-01  4.98800322e-04  5.23682809e-07  9.52485576e+02 
 7.85000000e-01  5.10499020e-04  5.37871186e-07  9.49110184e+02 
 7.86000000e-01  5.22403046e-04  5.52407662e-07  9.45683925e+02 
 7.87000000e-01  5.34513786e-04  5.67299431e-07  9.42207514e+02 
 7.88000000e-01  5.46832584e-04  5.82553793e-07  9.38681699e+02 
 7.89000000e-01  5.59360741e-04  5.98178162e-07  9.35107258e+02 
 7.90000000e-01  5.72099511e-04  6.14180061e-07  9.31484995e+02 
 7.91000000e-01  5.85050107e-04  6.30567125e-07  9.27815745e+02 
 7.92000000e-01  5.98213697e-04  6.47347105e-07  9.24100366e+02 
 7.93000000e-01  6.11591404e-04  6.64527862e-07  9.20339745e+02 
 7.94000000e-01  6.25184307e-04  6.82117377e-07  9.16534790e+02 
 7.95000000e-01  6.38993442e-04  7.00123744e-07  9.12686433e+02 
 7.96000000e-01  6.53019801e-04  7.18555174e-07  9.08795629e+02 
 7.97000000e-01  6.67264332e-04  7.37419999e-07  9.04863351e+02 
 7.98000000e-01  6.81727938e-04  7.56726669e-07  9.00890594e+02 
 7.99000000e-01  6.96411482e-04  7.76483753e-07  8.96878368e+02 
 8.00000000e-01  7.11315781e-04  7.96699944e-07  8.92827703e+02 
 8.01000000e-01  7.26441613e-04  8.17384056e-07  8.88739642e+02 
 8.02000000e-01  7.41789712e-04  8.38545026e-07  8.84615243e+02 
 8.03000000e-01  7.57360770e-04  8.60191917e-07  8.80455576e+02 
 8.04000000e-01  7.73155439e-04  8.82333918e-07  8.76261723e+02 
 8.05000000e-01  7.89174332e-04  9.04980345e-07  8.72034776e+02 
 8.06000000e-01  8.05418020e-04  9.28140640e-07  8.67775836e+02 
 8.07000000e-01  8.21887036e-04  9.51824378e-07  8.63486011e+02 
 8.08000000e-01  8.38581873e-04  9.76041261e-07  8.59166418e+02 
 8.09000000e-01  8.55502989e-04  1.00080112e-06  8.54818174e+02 
 8.10000000e-01  8.72650803e-04  1.02611393e-06  8.50442406e+02 
 8.11000000e-01  8.90025697e-04  1.05198980e-06  8.46040238e+02 
 8.12000000e-01  9.07628018e-04  1.07843894e-06  8.41612800e+02 
 8.13000000e-01  9.25458078e-04  1.10547175e-06  8.37161219e+02 
 8.14000000e-01  9.43516155e-04  1.13309873e-06  8.32686623e+02 
 8.15000000e-01  9.61802493e-04  1.16133053e-06  8.28190139e+02 
 8.16000000e-01  9.80317304e-04  1.19017794e-06  8.23672888e+02 
 8.17000000e-01  9.99060768e-04  1.21965190e-06  8.19135990e+02 
 8.18000000e-01  1.01803303e-03  1.24976348e-06  8.14580559e+02 
 8.19000000e-01  1.03723422e-03  1.28052389e-06  8.10007703e+02 
 8.20000000e-01  1.05666441e-03  1.31194451e-06  8.05418524e+02 
 8.21000000e-01  1.07632367e-03  1.34403684e-06  8.00814114e+02 
 8.22000000e-01  1.09621204e-03  1.37681255e-06  7.96195560e+02 
 8.23000000e-01  1.11634418e-03  1.41031546e-06  7.91556370e+02 
 8.24000000e-01  1.13669157e-03  1.44449566e-06  7.86912415e+02 
 8.25000000e-01  1.15726803e-03  1.47939524e-06  7.82257505e+02 
 8.26000000e-01  1.17807349e-03  1.51502646e-06  7.77592682e+02 
 8.27000000e-01  1.19910786e-03  1.55140176e-06  7.72918977e+02 
 8.28000000e-01  1.22037103e-03  1.58853372e-06  7.68237407e+02 
 8.29000000e-01  1.24186285e-03  1.62643509e-06  7.63548976e+02 
 8.30000000e-01  1.26358317e-03  1.66511877e-06  7.58854677e+02 
 8.31000000e-01  1.28553180e-03  1.70459783e-06  7.54155485e+02 
 8.32000000e-01  1.30770855e-03  1.74488549e-06  7.49452362e+02 
 8.33000000e-01  1.33011319e-03  1.78599514e-06  7.44746254e+02 
 8.34000000e-01  1.35274549e-03  1.82794035e-06  7.40038091e+02 
 8.35000000e-01  1.37560518e-03  1.87073484e-06  7.35328787e+02 
 8.36000000e-01  1.39869200e-03  1.91439251e-06  7.30619241e+02 
 8.37000000e-01  1.42200565e-03  1.95892742e-06  7.25910333e+02 
 8.38000000e-01  1.44554584e-03  2.00435381e-06  7.21202927e+02 
 8.39000000e-01  1.46931223e-03  2.05068611e-06  7.16497871e+02 
 8.40000000e-01  1.49330450e-03  2.09793889e-06  7.11795993e+02 
 8.41000000e-01  1.51752229e-03  2.14612693e-06  7.07098106e+02 
 8.42000000e-01  1.54196525e-03  2.19526518e-06  7.02405004e+02 
 8.43000000e-01  1.56663299e-03  2.24536876e-06  6.97717462e+02 
 8.44000000e-01  1.59152514e-03  2.29645299e-06  6.93036239e+02 
 8.45000000e-01  1.61664130e-03  2.34853336e-06  6.88362075e+02 
 8.46000000e-01  1.64198105e-03  2.40162557e-06  6.83695692e+02 
 8.47000000e-01  1.66754399e-03  2.45574547e-06  6.79037795e+02 
 8.48000000e-01  1.69332968e-03  2.51090914e-06  6.74389069e+02 
 8.49000000e-01  1.71933768e-03  2.56713284e-06  6.69750182e+02 
 8.50000000e-01  1.74556756e-03  2.62443300e-06  6.65121784e+02 
 8.51000000e-01  1.77201885e-03  2.68282629e-06  6.60504506e+02 
 8.52000000e-01  1.79869110e-03  2.74232954e-06  6.55898964e+02 
 8.53000000e-01  1.82558384e-03  2.80295979e-06  6.51305754e+02 
 8.54000000e-01  1.85269659e-03  2.86473431e-06  6.46725453e+02 
 8.55000000e-01  1.88002888e-03  2.92767053e-06  6.42158624e+02 
 8.56000000e-01  1.90758021e-03  2.99178612e-06  6.37605810e+02 
 8.57000000e-01  1.93535010e-03  3.05709894e-06  6.33067538e+02 
 8.58000000e-01  1.96333804e-03  3.12362707e-06  6.28544316e+02 
 8.59000000e-01  1.99154354e-03  3.19138881e-06  6.24036639e+02 
 8.60000000e-01  2.01996610e-03  3.26040265e-06  6.19544982e+02 
 8.61000000e-01  2.04860519e-03  3.33068732e-06  6.15069804e+02 
 8.62000000e-01  2.07746032e-03  3.40226175e-06  6.10611549e+02 
 8.63000000e-01  2.10653096e-03  3.47514512e-06  6.06170644e+02 
 8.64000000e-01  2.13581659e-03  3.54935682e-06  6.01747501e+02 
 8.65000000e-01  2.16531670e-03  3.62491644e-06  5.97342515e+02 
 8.66000000e-01  2.19503077e-03  3.70184384e-06  5.92956068e+02 
 8.67000000e-01  2.22495826e-03  3.78015909e-06  5.88588524e+02 
 8.68000000e-01  2.25509865e-03  3.85988249e-06  5.84240235e+02 
 8.69000000e-01  2.28545142e-03  3.94103458e-06  5.79911536e+02 
 8.70000000e-01  2.31601603e-03  4.02363615e-06  5.75602749e+02 
 8.71000000e-01  2.34679196e-03  4.10770821e-06  5.71314183e+02 
 8.72000000e-01  2.37777868e-03  4.19327203e-06  5.67046131e+02 
 8.73000000e-01  2.40897566e-03  4.28034912e-06  5.62798873e+02 
 8.74000000e-01  2.44038237e-03  4.36896123e-06  5.58572678e+02 
 8.75000000e-01  2.47199828e-03  4.45913037e-06  5.54367798e+02 
 8.76000000e-01  2.50382287e-03  4.55087880e-06  5.50184475e+02 
 8.77000000e-01  2.53585559e-03  4.64422904e-06  5.46022940e+02 
 8.78000000e-01  2.56809594e-03  4.73920387e-06  5.41883408e+02 
 8.79000000e-01  2.60054338e-03  4.83582631e-06  5.37766084e+02 
 8.80000000e-01  2.63319739e-03  4.93411968e-06  5.33671162e+02 
 8.81000000e-01  2.66605744e-03  5.03410755e-06  5.29598824e+02 
 8.82000000e-01  2.69912301e-03  5.13581374e-06  5.25549241e+02 
 8.83000000e-01  2.73239359e-03  5.23926237e-06  5.21522573e+02 
 8.84000000e-01  2.76586865e-03  5.34447782e-06  5.17518969e+02 
 8.85000000e-01  2.79954769e-03  5.45148477e-06  5.13538569e+02 
 8.86000000e-01  2.83343018e-03  5.56030816e-06  5.09581501e+02 
 8.87000000e-01  2.86757184e-03  5.67122819e-06  5.05635067e+02 
 8.88000000e-01  2.90186149e-03  5.78377153e-06  5.01724777e+02 
 8.89000000e-01  2.93635311e-03  5.89820834e-06  4.97838146e+02 
 8.90000000e-01  2.97104615e-03  6.01456446e-06  4.93975278e+02 
 8.91000000e-01  3.00594016e-03  6.13286650e-06  4.90136245e+02 
 8.92000000e-01  3.04103462e-03  6.25314116e-06  4.86321121e+02 
 8.93000000e-01  3.07632905e-03  6.37541546e-06  4.82529973e+02 
 8.94000000e-01  3.11182295e-03  6.49971671e-06  4.78762857e+02 
 8.95000000e-01  3.14751583e-03  6.62607255e-06  4.75019826e+02 
 8.96000000e-01  3.18340722e-03  6.75451090e-06  4.71300923e+02 
 8.97000000e-01  3.21949664e-03  6.88506002e-06  4.67606183e+02 
 8.98000000e-01  3.25578361e-03  7.01774847e-06  4.63935637e+02 
 8.99000000e-01  3.29226765e-03  7.15260515e-06  4.60289305e+02 
 9.00000000e-01  3.32894831e-03  7.28965928e-06  4.56667203e+02 
 9.01000000e-01  3.36582511e-03  7.42894039e-06  4.53069339e+02 
 9.02000000e-01  3.40289760e-03  7.57047837e-06  4.49495717e+02 
 9.03000000e-01  3.44016532e-03  7.71430343e-06  4.45946333e+02 
 9.04000000e-01  3.47762782e-03  7.86044612e-06  4.42421176e+02 
 9.05000000e-01  3.51528464e-03  8.00893735e-06  4.38920232e+02 
 9.06000000e-01  3.55313535e-03  8.15980835e-06  4.35443480e+02 
 9.07000000e-01  3.59117949e-03  8.31309072e-06  4.31990894e+02 
 9.08000000e-01  3.62941664e-03  8.46881640e-06  4.28562442e+02 
 9.09000000e-01  3.66784635e-03  8.62701772e-06  4.25158087e+02 
 9.10000000e-01  3.70646820e-03  8.78772732e-06  4.21777789e+02 
 9.11000000e-01  3.74528176e-03  8.95097826e-06  4.18421501e+02 
 9.12000000e-01  3.78428661e-03  9.11680394e-06  4.15089173e+02 
 9.13000000e-01  3.82348232e-03  9.28523814e-06  4.11780750e+02 
 9.14000000e-01  3.86286848e-03  9.45631503e-06  4.08496171e+02 
 9.15000000e-01  3.90244468e-03  9.63006914e-06  4.05235375e+02 
 9.16000000e-01  3.94221050e-03  9.80653542e-06  4.01998293e+02 
 9.17000000e-01  3.98216553e-03  9.98574919e-06  3.98784854e+02 
 9.18000000e-01  4.02230938e-03  1.01677462e-05  3.95594983e+02 
 9.19000000e-01  4.06264162e-03  1.03525625e-05  3.92428600e+02 
 9.20000000e-01  4.10316187e-03  1.05402348e-05  3.89285624e+02 
 9.21000000e-01  4.14386972e-03  1.07307999e-05  3.86165968e+02 
 9.22000000e-01  4.18476477e-03  1.09242952e-05  3.83069543e+02 
 9.23000000e-01  4.22584662e-03  1.11207586e-05  3.79996255e+02 
 9.24000000e-01  4.26711486e-03  1.13202283e-05  3.76946008e+02 
 9.25000000e-01  4.30856911e-03  1.15227430e-05  3.73918703e+02 
 9.26000000e-01  4.35020894e-03  1.17283418e-05  3.70914237e+02 
 9.27000000e-01  4.39203396e-03  1.19370643e-05  3.67932504e+02 
 9.28000000e-01  4.43404375e-03  1.21489507e-05  3.64973393e+02 
 9.29000000e-01  4.47623790e-03  1.23640415e-05  3.62036792e+02 
 9.30000000e-01  4.51861598e-03  1.25823777e-05  3.59122585e+02 
 9.31000000e-01  4.56117756e-03  1.28040009e-05  3.56230651e+02 
 9.32000000e-01  4.60392220e-03  1.30289532e-05  3.53360867e+02 
 9.33000000e-01  4.64684943e-03  1.32572772e-05  3.50513106e+02 
 9.34000000e-01  4.68995878e-03  1.34890162e-05  3.47687237e+02 
 9.35000000e-01  4.73324976e-03  1.37242139e-05  3.44883123e+02 
 9.36000000e-01  4.77672185e-03  1.39629147e-05  3.42100625e+02 
 9.37000000e-01  4.82037452e-03  1.42051636e-05  3.39339599e+02 
 9.38000000e-01  4.86420718e-03  1.44510063e-05  3.36599893e+02 
 9.39000000e-01  4.90821922e-03  1.47004892e-05  3.33881353e+02 
 9.40000000e-01  4.95240999e-03  1.49536594e-05  3.31183816e+02 
 9.41000000e-01  4.99677877e-03  1.52105648e-05  3.28507115e+02 
 9.42000000e-01  5.04132481e-03  1.54712543e-05  3.25851072e+02 
 9.43000000e-01  5.08604725e-03  1.57357775e-05  3.23215505e+02 
 9.44000000e-01  5.13094520e-03  1.60041850e-05  3.20600218e+02 
 9.45000000e-01  5.17601762e-03  1.62765286e-05  3.18005008e+02 
 9.46000000e-01  5.22126341e-03  1.65528613e-05  3.15429660e+02 
 9.47000000e-01  5.26668132e-03  1.68332371e-05  3.12873946e+02 
 9.48000000e-01  5.31226995e-03  1.71177117e-05  3.10337623e+02 
 9.49000000e-01  5.35802774e-03  1.74063421e-05  3.07820432e+02 
 9.50000000e-01  5.40395295e-03  1.76991873e-05  3.05322095e+02 
 9.51000000e-01  5.45004361e-03  1.79963080e-05  3.02842316e+02 
 9.52000000e-01  5.49629747e-03  1.82977672e-05  3.00380774e+02 
 9.53000000e-01  5.54271203e-03  1.86036301e-05  2.97937124e+02 
 9.54000000e-01  5.58928443e-03  1.89139648e-05  2.95510989e+02 
 9.55000000e-01  5.63601144e-03  1.92288423e-05  2.93101964e+02 
 9.56000000e-01  5.68288939e-03  1.95483371e-05  2.90709607e+02 
 9.57000000e-01  5.72991411e-03  1.98725275e-05  2.88333436e+02 
 9.58000000e-01  5.77708091e-03  2.02014961e-05  2.85972924e+02 
 9.59000000e-01  5.82438443e-03  2.05353304e-05  2.83627501e+02 
 9.60000000e-01  5.87181864e-03  2.08741233e-05  2.81296539e+02 
 9.61000000e-01  5.91937672e-03  2.12179739e-05  2.78979357e+02 
 9.62000000e-01  5.96705100e-03  2.15669880e-05  2.76675213e+02 
 9.63000000e-01  6.01483285e-03  2.19212789e-05  2.74383299e+02 
 9.64000000e-01  6.06271261e-03  2.22809683e-05  2.72102743e+02 
 9.65000000e-01  6.11067952e-03  2.26461870e-05  2.69832601e+02 
 9.66000000e-01  6.15872166e-03  2.30170754e-05  2.67571859e+02 
 9.67000000e-01  6.20682585e-03  2.33937849e-05  2.65319437e+02 
 9.68000000e-01  6.25497768e-03  2.37764780e-05  2.63074190e+02 
 9.69000000e-01  6.30316144e-03  2.41653288e-05  2.60834914e+02 
 9.70000000e-01  6.35136021e-03  2.45605237e-05  2.58600357e+02 
 9.71000000e-01  6.39955588e-03  2.49622614e-05  2.56369235e+02 
 9.72000000e-01  6.44772930e-03  2.53707526e-05  2.54140246e+02 
 9.73000000e-01  6.49586046e-03  2.57862195e-05  2.51912090e+02 
 9.74000000e-01  6.54392868e-03  2.62088953e-05  2.49683498e+02 
 9.75000000e-01  6.59191287e-03  2.66390226e-05  2.47453256e+02 
 9.76000000e-01  6.63979192e-03  2.70768519e-05  2.45220233e+02 
 9.77000000e-01  6.68754496e-03  2.75226401e-05  2.42983411e+02 
 9.78000000e-01  6.73515178e-03  2.79766482e-05  2.40741912e+02 
 9.79000000e-01  6.78259317e-03  2.84391390e-05  2.38495025e+02 
 9.80000000e-01  6.82985124e-03  2.89103749e-05  2.36242223e+02 
 9.81000000e-01  6.87690978e-03  2.93906160e-05  2.33983179e+02 
 9.82000000e-01  6.92375447e-03  2.98801178e-05  2.31717777e+02 
 9.83000000e-01  6.97037310e-03  3.03791293e-05  2.29446112e+02 
 9.84000000e-01  7.01675569e-03  3.08878923e-05  2.27168485e+02 
 9.85000000e-01  7.06289454e-03  3.14066396e-05  2.24885395e+02 
 9.86000000e-01  7.10878423e-03  3.19355945e-05  2.22597523e+02 
 9.87000000e-01  7.15442156e-03  3.24749707e-05  2.20305713e+02 
 9.88000000e-01  7.19980544e-03  3.30249719e-05  2.18010948e+02 
 9.89000000e-01  7.24493671e-03  3.35857925e-05  2.15714329e+02 
 9.90000000e-01  7.28981802e-03  3.41576174e-05  2.13417052e+02 
 9.91000000e-01  7.33445358e-03  3.47406230e-05  2.11120381e+02 
 9.92000000e-01  7.37884901e-03  3.53349779e-05  2.08825630e+02 
 9.93000000e-01  7.42301111e-03  3.59408433e-05  2.06534138e+02 
 9.94000000e-01  7.46694768e-03  3.65583745e-05  2.04247256e+02 
 9.95000000e-01  7.51066734e-03  3.71877209e-05  2.01966325e+02 
 9.96000000e-01  7.55417938e-03  3.78290273e-05  1.99692668e+02 
 9.97000000e-01  7.59749355e-03  3.84824343e-05  1.97427572e+02 
 9.98000000e-01  7.64062002e-03  3.91480791e-05  1.95172284e+02 
 9.99000000e-01  7.68356918e-03  3.98260964e-05  1.92928001e+02 
 1.00000000e+00  7.72635156e-03  4.05166184e-05  1.90695864e+02 
