 v-sweep         ic              ib              beta           
 3.00000000e-01  1.07457235e-08  1.99010489e-11  5.39957648e+02 
 3.01000000e-01  1.10131363e-08  2.03507386e-11  5.41166416e+02 
 3.02000000e-01  1.12876646e-08  2.08111610e-11  5.42385146e+02 
 3.03000000e-01  1.15694978e-08  2.12825758e-11  5.43613607e+02 
 3.04000000e-01  1.18588304e-08  2.17652697e-11  5.44851064e+02 
 3.05000000e-01  1.21558617e-08  2.22595133e-11  5.46097374e+02 
 3.06000000e-01  1.24607968e-08  2.27655945e-11  5.47352138e+02 
 3.07000000e-01  1.27738460e-08  2.32838076e-11  5.48614995e+02 
 3.08000000e-01  1.30952251e-08  2.38144439e-11  5.49885823e+02 
 3.09000000e-01  1.34251558e-08  2.43578288e-11  5.51163895e+02 
 3.10000000e-01  1.37638657e-08  2.49142833e-11  5.52448792e+02 
 3.11000000e-01  1.41115884e-08  2.54841101e-11  5.53740677e+02 
 3.12000000e-01  1.44685636e-08  2.60676605e-11  5.55038824e+02 
 3.13000000e-01  1.48350377e-08  2.66652704e-11  5.56343046e+02 
 3.14000000e-01  1.52112634e-08  2.72772892e-11  5.57653046e+02 
 3.15000000e-01  1.55975002e-08  2.79040771e-11  5.58968501e+02 
 3.16000000e-01  1.59940144e-08  2.85460080e-11  5.60289003e+02 
 3.17000000e-01  1.64010795e-08  2.92034462e-11  5.61614522e+02 
 3.18000000e-01  1.68189763e-08  2.98767916e-11  5.62944525e+02 
 3.19000000e-01  1.72479930e-08  3.05664408e-11  5.64278749e+02 
 3.20000000e-01  1.76884254e-08  3.12728014e-11  5.65616914e+02 
 3.21000000e-01  1.81405775e-08  3.19962883e-11  5.66958809e+02 
 3.22000000e-01  1.86047609e-08  3.27373290e-11  5.68304180e+02 
 3.23000000e-01  1.90812959e-08  3.34963635e-11  5.69652759e+02 
 3.24000000e-01  1.95705110e-08  3.42738472e-11  5.71004209e+02 
 3.25000000e-01  2.00727438e-08  3.50702383e-11  5.72358352e+02 
 3.26000000e-01  2.05883406e-08  3.58860104e-11  5.73714947e+02 
 3.27000000e-01  2.11176569e-08  3.67216503e-11  5.75073743e+02 
 3.28000000e-01  2.16610579e-08  3.75776646e-11  5.76434381e+02 
 3.29000000e-01  2.22189182e-08  3.84545506e-11  5.77796852e+02 
 3.30000000e-01  2.27916228e-08  3.93528408e-11  5.79160800e+02 
 3.31000000e-01  2.33795664e-08  4.02730734e-11  5.80526006e+02 
 3.32000000e-01  2.39831547e-08  4.12157991e-11  5.81892264e+02 
 3.33000000e-01  2.46028038e-08  4.21815803e-11  5.83259414e+02 
 3.34000000e-01  2.52389412e-08  4.31709957e-11  5.84627266e+02 
 3.35000000e-01  2.58920055e-08  4.41846466e-11  5.85995532e+02 
 3.36000000e-01  2.65624472e-08  4.52231439e-11  5.87364011e+02 
 3.37000000e-01  2.72507286e-08  4.62871070e-11  5.88732595e+02 
 3.38000000e-01  2.79573244e-08  4.73771789e-11  5.90101079e+02 
 3.39000000e-01  2.86827219e-08  4.84940192e-11  5.91469265e+02 
 3.40000000e-01  2.94274213e-08  4.96383011e-11  5.92836996e+02 
 3.41000000e-01  3.01919363e-08  5.08107214e-11  5.94204047e+02 
 3.42000000e-01  3.09767941e-08  5.20119848e-11  5.95570313e+02 
 3.43000000e-01  3.17825359e-08  5.32428237e-11  5.96935581e+02 
 3.44000000e-01  3.26097175e-08  5.45039773e-11  5.98299777e+02 
 3.45000000e-01  3.34589092e-08  5.57962189e-11  5.99662662e+02 
 3.46000000e-01  3.43306967e-08  5.71203382e-11  6.01024045e+02 
 3.47000000e-01  3.52256812e-08  5.84771282e-11  6.02383910e+02 
 3.48000000e-01  3.61444799e-08  5.98674223e-11  6.03742044e+02 
 3.49000000e-01  3.70877264e-08  6.12920647e-11  6.05098337e+02 
 3.50000000e-01  3.80560713e-08  6.27519328e-11  6.06452576e+02 
 3.51000000e-01  3.90501822e-08  6.42479066e-11  6.07804740e+02 
 3.52000000e-01  4.00707447e-08  6.57809114e-11  6.09154599e+02 
 3.53000000e-01  4.11184627e-08  6.73518792e-11  6.10502085e+02 
 3.54000000e-01  4.21940586e-08  6.89617648e-11  6.11847141e+02 
 3.55000000e-01  4.32982741e-08  7.06115713e-11  6.13189500e+02 
 3.56000000e-01  4.44318707e-08  7.23022988e-11  6.14529157e+02 
 3.57000000e-01  4.55956302e-08  7.40349870e-11  6.15865985e+02 
 3.58000000e-01  4.67903550e-08  7.58107088e-11  6.17199809e+02 
 3.59000000e-01  4.80168690e-08  7.76305421e-11  6.18530641e+02 
 3.60000000e-01  4.92760179e-08  7.94956103e-11  6.19858351e+02 
 3.61000000e-01  5.05686701e-08  8.14070695e-11  6.21182784e+02 
 3.62000000e-01  5.18957168e-08  8.33660968e-11  6.22503858e+02 
 3.63000000e-01  5.32580733e-08  8.53738901e-11  6.23821560e+02 
 3.64000000e-01  5.46566789e-08  8.74316996e-11  6.25135725e+02 
 3.65000000e-01  5.60924980e-08  8.95407908e-11  6.26446310e+02 
 3.66000000e-01  5.75665207e-08  9.17024800e-11  6.27753150e+02 
 3.67000000e-01  5.90797634e-08  9.39180833e-11  6.29056315e+02 
 3.68000000e-01  6.06332695e-08  9.61889879e-11  6.30355623e+02 
 3.69000000e-01  6.22281102e-08  9.85166005e-11  6.31651009e+02 
 3.70000000e-01  6.38653852e-08  1.00902361e-10  6.32942429e+02 
 3.71000000e-01  6.55462235e-08  1.03347748e-10  6.34229821e+02 
 3.72000000e-01  6.72717839e-08  1.05854286e-10  6.35513083e+02 
 3.73000000e-01  6.90432564e-08  1.08423531e-10  6.36792177e+02 
 3.74000000e-01  7.08618623e-08  1.11057078e-10  6.38067052e+02 
 3.75000000e-01  7.27288556e-08  1.13756568e-10  6.39337639e+02 
 3.76000000e-01  7.46455235e-08  1.16523682e-10  6.40603884e+02 
 3.77000000e-01  7.66131875e-08  1.19360148e-10  6.41865723e+02 
 3.78000000e-01  7.86332043e-08  1.22267731e-10  6.43123120e+02 
 3.79000000e-01  8.07069667e-08  1.25248242e-10  6.44376042e+02 
 3.80000000e-01  8.28359045e-08  1.28303549e-10  6.45624421e+02 
 3.81000000e-01  8.50214854e-08  1.31435561e-10  6.46868204e+02 
 3.82000000e-01  8.72652163e-08  1.34646233e-10  6.48107372e+02 
 3.83000000e-01  8.95686442e-08  1.37937582e-10  6.49341845e+02 
 3.84000000e-01  9.19333570e-08  1.41311651e-10  6.50571670e+02 
 3.85000000e-01  9.43609852e-08  1.44770572e-10  6.51796727e+02 
 3.86000000e-01  9.68532023e-08  1.48316507e-10  6.53017014e+02 
 3.87000000e-01  9.94117266e-08  1.51951677e-10  6.54232508e+02 
 3.88000000e-01  1.02038322e-07  1.55678368e-10  6.55443164e+02 
 3.89000000e-01  1.04734799e-07  1.59498915e-10  6.56648973e+02 
 3.90000000e-01  1.07503017e-07  1.63415726e-10  6.57849885e+02 
 3.91000000e-01  1.10344883e-07  1.67431261e-10  6.59045883e+02 
 3.92000000e-01  1.13262358e-07  1.71548039e-10  6.60236974e+02 
 3.93000000e-01  1.16257453e-07  1.75768664e-10  6.61423089e+02 
 3.94000000e-01  1.19332231e-07  1.80095786e-10  6.62604238e+02 
 3.95000000e-01  1.22488813e-07  1.84532136e-10  6.63780387e+02 
 3.96000000e-01  1.25729374e-07  1.89080507e-10  6.64951539e+02 
 3.97000000e-01  1.29056149e-07  1.93743775e-10  6.66117652e+02 
 3.98000000e-01  1.32471430e-07  1.98524878e-10  6.67278736e+02 
 3.99000000e-01  1.35977572e-07  2.03426839e-10  6.68434765e+02 
 4.00000000e-01  1.39576991e-07  2.08452749e-10  6.69585753e+02 
 4.01000000e-01  1.43272169e-07  2.13605793e-10  6.70731663e+02 
 4.02000000e-01  1.47065652e-07  2.18889230e-10  6.71872488e+02 
 4.03000000e-01  1.50960055e-07  2.24306402e-10  6.73008230e+02 
 4.04000000e-01  1.54958062e-07  2.29860740e-10  6.74138883e+02 
 4.05000000e-01  1.59062430e-07  2.35555758e-10  6.75264452e+02 
 4.06000000e-01  1.63275986e-07  2.41395072e-10  6.76384917e+02 
 4.07000000e-01  1.67601635e-07  2.47382381e-10  6.77500288e+02 
 4.08000000e-01  1.72042357e-07  2.53521489e-10  6.78610550e+02 
 4.09000000e-01  1.76601214e-07  2.59816285e-10  6.79715723e+02 
 4.10000000e-01  1.81281347e-07  2.66270776e-10  6.80815785e+02 
 4.11000000e-01  1.86085982e-07  2.72889057e-10  6.81910753e+02 
 4.12000000e-01  1.91018429e-07  2.79675335e-10  6.83000628e+02 
 4.13000000e-01  1.96082088e-07  2.86633926e-10  6.84085416e+02 
 4.14000000e-01  2.01280448e-07  2.93769252e-10  6.85165132e+02 
 4.15000000e-01  2.06617092e-07  3.01085867e-10  6.86239755e+02 
 4.16000000e-01  2.12095696e-07  3.08588421e-10  6.87309314e+02 
 4.17000000e-01  2.17720035e-07  3.16281699e-10  6.88373801e+02 
 4.18000000e-01  2.23493986e-07  3.24170598e-10  6.89433242e+02 
 4.19000000e-01  2.29421527e-07  3.32260154e-10  6.90487631e+02 
 4.20000000e-01  2.35506741e-07  3.40555523e-10  6.91536989e+02 
 4.21000000e-01  2.41753821e-07  3.49061997e-10  6.92581329e+02 
 4.22000000e-01  2.48167072e-07  3.57785010e-10  6.93620652e+02 
 4.23000000e-01  2.54750912e-07  3.66730139e-10  6.94654967e+02 
 4.24000000e-01  2.61509877e-07  3.75903085e-10  6.95684307e+02 
 4.25000000e-01  2.68448623e-07  3.85309717e-10  6.96708677e+02 
 4.26000000e-01  2.75571930e-07  3.94956061e-10  6.97728070e+02 
 4.27000000e-01  2.82884706e-07  4.04848275e-10  6.98742524e+02 
 4.28000000e-01  2.90391987e-07  4.14992692e-10  6.99752050e+02 
 4.29000000e-01  2.98098945e-07  4.25395800e-10  7.00756673e+02 
 4.30000000e-01  3.06010889e-07  4.36064269e-10  7.01756394e+02 
 4.31000000e-01  3.14133269e-07  4.47004933e-10  7.02751236e+02 
 4.32000000e-01  3.22471678e-07  4.58224805e-10  7.03741209e+02 
 4.33000000e-01  3.31031860e-07  4.69731075e-10  7.04726337e+02 
 4.34000000e-01  3.39819710e-07  4.81531111e-10  7.05706656e+02 
 4.35000000e-01  3.48841281e-07  4.93632501e-10  7.06682158e+02 
 4.36000000e-01  3.58102785e-07  5.06043008e-10  7.07652866e+02 
 4.37000000e-01  3.67610600e-07  5.18770587e-10  7.08618817e+02 
 4.38000000e-01  3.77371273e-07  5.31823424e-10  7.09580015e+02 
 4.39000000e-01  3.87391526e-07  5.45209893e-10  7.10536494e+02 
 4.40000000e-01  3.97678257e-07  5.58938603e-10  7.11488265e+02 
 4.41000000e-01  4.08238551e-07  5.73018390e-10  7.12435338e+02 
 4.42000000e-01  4.19079676e-07  5.87458283e-10  7.13377764e+02 
 4.43000000e-01  4.30209097e-07  6.02267589e-10  7.14315538e+02 
 4.44000000e-01  4.41634477e-07  6.17455836e-10  7.15248689e+02 
 4.45000000e-01  4.53363679e-07  6.33032785e-10  7.16177250e+02 
 4.46000000e-01  4.65404779e-07  6.49008482e-10  7.17101227e+02 
 4.47000000e-01  4.77766063e-07  6.65393201e-10  7.18020658e+02 
 4.48000000e-01  4.90456042e-07  6.82197516e-10  7.18935544e+02 
 4.49000000e-01  5.03483449e-07  6.99432227e-10  7.19845939e+02 
 4.50000000e-01  5.16857249e-07  7.17108466e-10  7.20751843e+02 
 4.51000000e-01  5.30586646e-07  7.35237620e-10  7.21653288e+02 
 4.52000000e-01  5.44681088e-07  7.53831384e-10  7.22550294e+02 
 4.53000000e-01  5.59150274e-07  7.72901755e-10  7.23442883e+02 
 4.54000000e-01  5.74004160e-07  7.92461035e-10  7.24331083e+02 
 4.55000000e-01  5.89252965e-07  8.12521845e-10  7.25214920e+02 
 4.56000000e-01  6.04907180e-07  8.33097149e-10  7.26094406e+02 
 4.57000000e-01  6.20977575e-07  8.54200225e-10  7.26969575e+02 
 4.58000000e-01  6.37475204e-07  8.75844699e-10  7.27840455e+02 
 4.59000000e-01  6.54411416e-07  8.98044572e-10  7.28707056e+02 
 4.60000000e-01  6.71797858e-07  9.20814178e-10  7.29569412e+02 
 4.61000000e-01  6.89646489e-07  9.44168239e-10  7.30427546e+02 
 4.62000000e-01  7.07969584e-07  9.68121861e-10  7.31281477e+02 
 4.63000000e-01  7.26779742e-07  9.92690528e-10  7.32131234e+02 
 4.64000000e-01  7.46089896e-07  1.01789013e-09  7.32976844e+02 
 4.65000000e-01  7.65913325e-07  1.04373699e-09  7.33818319e+02 
 4.66000000e-01  7.86263656e-07  1.07024782e-09  7.34655696e+02 
 4.67000000e-01  8.07154879e-07  1.09743979e-09  7.35488988e+02 
 4.68000000e-01  8.28601354e-07  1.12533050e-09  7.36318225e+02 
 4.69000000e-01  8.50617822e-07  1.15393801e-09  7.37143430e+02 
 4.70000000e-01  8.73219413e-07  1.18328086e-09  7.37964624e+02 
 4.71000000e-01  8.96421660e-07  1.21337805e-09  7.38781833e+02 
 4.72000000e-01  9.20240505e-07  1.24424909e-09  7.39595081e+02 
 4.73000000e-01  9.44692314e-07  1.27591399e-09  7.40404385e+02 
 4.74000000e-01  9.69793885e-07  1.30839327e-09  7.41209776e+02 
 4.75000000e-01  9.95562460e-07  1.34170800e-09  7.42011272e+02 
 4.76000000e-01  1.02201574e-06  1.37587977e-09  7.42808900e+02 
 4.77000000e-01  1.04917189e-06  1.41093077e-09  7.43602676e+02 
 4.78000000e-01  1.07704957e-06  1.44688371e-09  7.44392630e+02 
 4.79000000e-01  1.10566790e-06  1.48376193e-09  7.45178777e+02 
 4.80000000e-01  1.13504655e-06  1.52158938e-09  7.45961141e+02 
 4.81000000e-01  1.16520567e-06  1.56039059e-09  7.46739746e+02 
 4.82000000e-01  1.19616598e-06  1.60019077e-09  7.47514610e+02 
 4.83000000e-01  1.22794871e-06  1.64101574e-09  7.48285760e+02 
 4.84000000e-01  1.26057568e-06  1.68289203e-09  7.49053209e+02 
 4.85000000e-01  1.29406927e-06  1.72584683e-09  7.49816984e+02 
 4.86000000e-01  1.32845246e-06  1.76990807e-09  7.50577100e+02 
 4.87000000e-01  1.36374884e-06  1.81510434e-09  7.51333583e+02 
 4.88000000e-01  1.39998262e-06  1.86146503e-09  7.52086448e+02 
 4.89000000e-01  1.43717864e-06  1.90902026e-09  7.52835719e+02 
 4.90000000e-01  1.47536241e-06  1.95780095e-09  7.53581411e+02 
 4.91000000e-01  1.51456009e-06  2.00783881e-09  7.54323546e+02 
 4.92000000e-01  1.55479857e-06  2.05916638e-09  7.55062140e+02 
 4.93000000e-01  1.59610542e-06  2.11181701e-09  7.55797215e+02 
 4.94000000e-01  1.63850893e-06  2.16582499e-09  7.56528780e+02 
 4.95000000e-01  1.68203817e-06  2.22122540e-09  7.57256860e+02 
 4.96000000e-01  1.72672295e-06  2.27805428e-09  7.57981475e+02 
 4.97000000e-01  1.77259386e-06  2.33634864e-09  7.58702634e+02 
 4.98000000e-01  1.81968233e-06  2.39614638e-09  7.59420356e+02 
 4.99000000e-01  1.86802059e-06  2.45748641e-09  7.60134656e+02 
 5.00000000e-01  1.91764172e-06  2.52040865e-09  7.60845558e+02 
 5.01000000e-01  1.96857969e-06  2.58495406e-09  7.61553064e+02 
 5.02000000e-01  2.02086933e-06  2.65116466e-09  7.62257193e+02 
 5.03000000e-01  2.07454644e-06  2.71908354e-09  7.62957964e+02 
 5.04000000e-01  2.12964770e-06  2.78875491e-09  7.63655385e+02 
 5.05000000e-01  2.18621081e-06  2.86022414e-09  7.64349474e+02 
 5.06000000e-01  2.24427443e-06  2.93353777e-09  7.65040238e+02 
 5.07000000e-01  2.30387824e-06  3.00874355e-09  7.65727689e+02 
 5.08000000e-01  2.36506298e-06  3.08589041e-09  7.66411848e+02 
 5.09000000e-01  2.42787043e-06  3.16502865e-09  7.67092716e+02 
 5.10000000e-01  2.49234349e-06  3.24620979e-09  7.67770308e+02 
 5.11000000e-01  2.55852619e-06  3.32948670e-09  7.68444633e+02 
 5.12000000e-01  2.62646370e-06  3.41491364e-09  7.69115700e+02 
 5.13000000e-01  2.69620238e-06  3.50254625e-09  7.69783521e+02 
 5.14000000e-01  2.76778982e-06  3.59244161e-09  7.70448101e+02 
 5.15000000e-01  2.84127484e-06  3.68465831e-09  7.71109447e+02 
 5.16000000e-01  2.91670754e-06  3.77925641e-09  7.71767571e+02 
 5.17000000e-01  2.99413935e-06  3.87629756e-09  7.72422473e+02 
 5.18000000e-01  3.07362302e-06  3.97584497e-09  7.73074163e+02 
 5.19000000e-01  3.15521271e-06  4.07796352e-09  7.73722644e+02 
 5.20000000e-01  3.23896398e-06  4.18271972e-09  7.74367922e+02 
 5.21000000e-01  3.32493385e-06  4.29018187e-09  7.75009999e+02 
 5.22000000e-01  3.41318082e-06  4.40041996e-09  7.75648881e+02 
 5.23000000e-01  3.50376492e-06  4.51350585e-09  7.76284565e+02 
 5.24000000e-01  3.59674777e-06  4.62951318e-09  7.76917060e+02 
 5.25000000e-01  3.69219258e-06  4.74851759e-09  7.77546362e+02 
 5.26000000e-01  3.79016420e-06  4.87059661e-09  7.78172472e+02 
 5.27000000e-01  3.89072919e-06  4.99582977e-09  7.78795390e+02 
 5.28000000e-01  3.99395584e-06  5.12429868e-09  7.79415113e+02 
 5.29000000e-01  4.09991421e-06  5.25608707e-09  7.80031639e+02 
 5.30000000e-01  4.20867620e-06  5.39128077e-09  7.80644967e+02 
 5.31000000e-01  4.32031556e-06  5.52996789e-09  7.81255090e+02 
 5.32000000e-01  4.43490798e-06  5.67223877e-09  7.81862006e+02 
 5.33000000e-01  4.55253111e-06  5.81818610e-09  7.82465708e+02 
 5.34000000e-01  4.67326460e-06  5.96790497e-09  7.83066189e+02 
 5.35000000e-01  4.79719019e-06  6.12149289e-09  7.83663442e+02 
 5.36000000e-01  4.92439173e-06  6.27904992e-09  7.84257458e+02 
 5.37000000e-01  5.05495524e-06  6.44067867e-09  7.84848228e+02 
 5.38000000e-01  5.18896898e-06  6.60648441e-09  7.85435742e+02 
 5.39000000e-01  5.32652349e-06  6.77657512e-09  7.86019988e+02 
 5.40000000e-01  5.46771165e-06  6.95106155e-09  7.86600954e+02 
 5.41000000e-01  5.61262961e-06  7.13005855e-09  7.87178615e+02 
 5.42000000e-01  5.76137343e-06  7.31368029e-09  7.87752979e+02 
 5.43000000e-01  5.91404419e-06  7.50204746e-09  7.88324018e+02 
 5.44000000e-01  6.07074474e-06  7.69528266e-09  7.88891716e+02 
 5.45000000e-01  6.23158058e-06  7.89351165e-09  7.89456056e+02 
 5.46000000e-01  6.39665992e-06  8.09686345e-09  7.90017019e+02 
 5.47000000e-01  6.56609377e-06  8.30547035e-09  7.90574584e+02 
 5.48000000e-01  6.73999597e-06  8.51946810e-09  7.91128729e+02 
 5.49000000e-01  6.91848330e-06  8.73899588e-09  7.91679433e+02 
 5.50000000e-01  7.10167554e-06  8.96419647e-09  7.92226672e+02 
 5.51000000e-01  7.28969551e-06  9.19521634e-09  7.92770418e+02 
 5.52000000e-01  7.48266920e-06  9.43220567e-09  7.93310648e+02 
 5.53000000e-01  7.68072582e-06  9.67531853e-09  7.93847334e+02 
 5.54000000e-01  7.88399787e-06  9.92471293e-09  7.94380444e+02 
 5.55000000e-01  8.09262124e-06  1.01805509e-08  7.94909951e+02 
 5.56000000e-01  8.30673527e-06  1.04429987e-08  7.95435820e+02 
 5.57000000e-01  8.52648287e-06  1.07122269e-08  7.95958020e+02 
 5.58000000e-01  8.75201057e-06  1.09884101e-08  7.96476514e+02 
 5.59000000e-01  8.98346863e-06  1.12717278e-08  7.96991266e+02 
 5.60000000e-01  9.22101109e-06  1.15623639e-08  7.97502240e+02 
 5.61000000e-01  9.46479594e-06  1.18605069e-08  7.98009394e+02 
 5.62000000e-01  9.71498514e-06  1.21663504e-08  7.98512689e+02 
 5.63000000e-01  9.97174474e-06  1.24800926e-08  7.99012081e+02 
 5.64000000e-01  1.02352450e-05  1.28019370e-08  7.99507526e+02 
 5.65000000e-01  1.05056604e-05  1.31320923e-08  7.99998977e+02 
 5.66000000e-01  1.07831700e-05  1.34707725e-08  8.00486387e+02 
 5.67000000e-01  1.10679571e-05  1.38181969e-08  8.00969708e+02 
 5.68000000e-01  1.13602098e-05  1.41745905e-08  8.01448886e+02 
 5.69000000e-01  1.16601207e-05  1.45401842e-08  8.01923868e+02 
 5.70000000e-01  1.19678876e-05  1.49152145e-08  8.02394600e+02 
 5.71000000e-01  1.22837127e-05  1.52999241e-08  8.02861024e+02 
 5.72000000e-01  1.26078037e-05  1.56945617e-08  8.03323083e+02 
 5.73000000e-01  1.29403733e-05  1.60993827e-08  8.03780714e+02 
 5.74000000e-01  1.32816394e-05  1.65146485e-08  8.04233854e+02 
 5.75000000e-01  1.36318254e-05  1.69406274e-08  8.04682438e+02 
 5.76000000e-01  1.39911602e-05  1.73775946e-08  8.05126400e+02 
 5.77000000e-01  1.43598784e-05  1.78258321e-08  8.05565670e+02 
 5.78000000e-01  1.47382202e-05  1.82856290e-08  8.06000177e+02 
 5.79000000e-01  1.51264320e-05  1.87572819e-08  8.06429845e+02 
 5.80000000e-01  1.55247660e-05  1.92410949e-08  8.06854601e+02 
 5.81000000e-01  1.59334806e-05  1.97373797e-08  8.07274365e+02 
 5.82000000e-01  1.63528407e-05  2.02464558e-08  8.07689056e+02 
 5.83000000e-01  1.67831175e-05  2.07686509e-08  8.08098593e+02 
 5.84000000e-01  1.72245888e-05  2.13043009e-08  8.08502888e+02 
 5.85000000e-01  1.76775391e-05  2.18537503e-08  8.08901853e+02 
 5.86000000e-01  1.81422600e-05  2.24173521e-08  8.09295399e+02 
 5.87000000e-01  1.86190498e-05  2.29954683e-08  8.09683433e+02 
 5.88000000e-01  1.91082142e-05  2.35884700e-08  8.10065858e+02 
 5.89000000e-01  1.96100663e-05  2.41967375e-08  8.10442575e+02 
 5.90000000e-01  2.01249265e-05  2.48206608e-08  8.10813486e+02 
 5.91000000e-01  2.06531229e-05  2.54606395e-08  8.11178483e+02 
 5.92000000e-01  2.11949916e-05  2.61170835e-08  8.11537462e+02 
 5.93000000e-01  2.17508765e-05  2.67904126e-08  8.11890313e+02 
 5.94000000e-01  2.23211295e-05  2.74810574e-08  8.12236923e+02 
 5.95000000e-01  2.29061111e-05  2.81894592e-08  8.12577177e+02 
 5.96000000e-01  2.35061902e-05  2.89160701e-08  8.12910956e+02 
 5.97000000e-01  2.41217440e-05  2.96613536e-08  8.13238140e+02 
 5.98000000e-01  2.47531591e-05  3.04257849e-08  8.13558603e+02 
 5.99000000e-01  2.54008305e-05  3.12098508e-08  8.13872218e+02 
 6.00000000e-01  2.60651627e-05  3.20140502e-08  8.14178854e+02 
 6.01000000e-01  2.67465696e-05  3.28388946e-08  8.14478378e+02 
 6.02000000e-01  2.74454743e-05  3.36849079e-08  8.14770652e+02 
 6.03000000e-01  2.81623099e-05  3.45526271e-08  8.15055534e+02 
 6.04000000e-01  2.88975192e-05  3.54426024e-08  8.15332883e+02 
 6.05000000e-01  2.96515551e-05  3.63553977e-08  8.15602550e+02 
 6.06000000e-01  3.04248808e-05  3.72915908e-08  8.15864385e+02 
 6.07000000e-01  3.12179698e-05  3.82517735e-08  8.16118232e+02 
 6.08000000e-01  3.20313064e-05  3.92365525e-08  8.16363936e+02 
 6.09000000e-01  3.28653856e-05  4.02465490e-08  8.16601334e+02 
 6.10000000e-01  3.37207134e-05  4.12823998e-08  8.16830262e+02 
 6.11000000e-01  3.45978070e-05  4.23447570e-08  8.17050551e+02 
 6.12000000e-01  3.54971950e-05  4.34342888e-08  8.17262029e+02 
 6.13000000e-01  3.64194174e-05  4.45516796e-08  8.17464521e+02 
 6.14000000e-01  3.73650261e-05  4.56976305e-08  8.17657846e+02 
 6.15000000e-01  3.83345850e-05  4.68728598e-08  8.17841822e+02 
 6.16000000e-01  3.93286700e-05  4.80781029e-08  8.18016262e+02 
 6.17000000e-01  4.03478694e-05  4.93141134e-08  8.18180975e+02 
 6.18000000e-01  4.13927838e-05  5.05816629e-08  8.18335765e+02 
 6.19000000e-01  4.24640268e-05  5.18815416e-08  8.18480436e+02 
 6.20000000e-01  4.35622246e-05  5.32145589e-08  8.18614784e+02 
 6.21000000e-01  4.46880167e-05  5.45815436e-08  8.18738602e+02 
 6.22000000e-01  4.58420557e-05  5.59833444e-08  8.18851682e+02 
 6.23000000e-01  4.70250077e-05  5.74208303e-08  8.18953809e+02 
 6.24000000e-01  4.82375522e-05  5.88948911e-08  8.19044765e+02 
 6.25000000e-01  4.94803828e-05  6.04064379e-08  8.19124327e+02 
 6.26000000e-01  5.07542069e-05  6.19564035e-08  8.19192271e+02 
 6.27000000e-01  5.20597459e-05  6.35457426e-08  8.19248367e+02 
 6.28000000e-01  5.33977356e-05  6.51754330e-08  8.19292381e+02 
 6.29000000e-01  5.47689264e-05  6.68464752e-08  8.19324075e+02 
 6.30000000e-01  5.61740831e-05  6.85598935e-08  8.19343208e+02 
 6.31000000e-01  5.76139853e-05  7.03167363e-08  8.19349536e+02 
 6.32000000e-01  5.90894275e-05  7.21180767e-08  8.19342808e+02 
 6.33000000e-01  6.06012194e-05  7.39650129e-08  8.19322773e+02 
 6.34000000e-01  6.21501859e-05  7.58586686e-08  8.19289173e+02 
 6.35000000e-01  6.37371669e-05  7.78001939e-08  8.19241749e+02 
 6.36000000e-01  6.53630182e-05  7.97907656e-08  8.19180235e+02 
 6.37000000e-01  6.70286108e-05  8.18315878e-08  8.19104366e+02 
 6.38000000e-01  6.87348318e-05  8.39238923e-08  8.19013869e+02 
 6.39000000e-01  7.04825837e-05  8.60689396e-08  8.18908470e+02 
 6.40000000e-01  7.22727851e-05  8.82680189e-08  8.18787891e+02 
 6.41000000e-01  7.41063705e-05  9.05224491e-08  8.18651851e+02 
 6.42000000e-01  7.59842906e-05  9.28335793e-08  8.18500064e+02 
 6.43000000e-01  7.79075122e-05  9.52027893e-08  8.18332243e+02 
 6.44000000e-01  7.98770181e-05  9.76314903e-08  8.18148098e+02 
 6.45000000e-01  8.18938075e-05  1.00121125e-07  8.17947334e+02 
 6.46000000e-01  8.39588959e-05  1.02673170e-07  8.17729654e+02 
 6.47000000e-01  8.60733151e-05  1.05289134e-07  8.17494759e+02 
 6.48000000e-01  8.82381132e-05  1.07970559e-07  8.17242347e+02 
 6.49000000e-01  9.04543547e-05  1.10719024e-07  8.16972114e+02 
 6.50000000e-01  9.27231204e-05  1.13536139e-07  8.16683753e+02 
 6.51000000e-01  9.50455073e-05  1.16423555e-07  8.16376955e+02 
 6.52000000e-01  9.74226289e-05  1.19382955e-07  8.16051408e+02 
 6.53000000e-01  9.98556147e-05  1.22416062e-07  8.15706801e+02 
 6.54000000e-01  1.02345611e-04  1.25524636e-07  8.15342819e+02 
 6.55000000e-01  1.04893778e-04  1.28710475e-07  8.14959145e+02 
 6.56000000e-01  1.07501296e-04  1.31975416e-07  8.14555463e+02 
 6.57000000e-01  1.10169357e-04  1.35321337e-07  8.14131455e+02 
 6.58000000e-01  1.12899171e-04  1.38750157e-07  8.13686801e+02 
 6.59000000e-01  1.15691964e-04  1.42263834e-07  8.13221183e+02 
 6.60000000e-01  1.18548975e-04  1.45864372e-07  8.12734279e+02 
 6.61000000e-01  1.21471462e-04  1.49553814e-07  8.12225771e+02 
 6.62000000e-01  1.24460694e-04  1.53334248e-07  8.11695337e+02 
 6.63000000e-01  1.27517959e-04  1.57207808e-07  8.11142659e+02 
 6.64000000e-01  1.30644885e-04  1.61177160e-07  8.10566986e+02 
 6.65000000e-01  1.33842160e-04  1.65243592e-07  8.09968832e+02 
 6.66000000e-01  1.37111414e-04  1.69409824e-07  8.09347479e+02 
 6.67000000e-01  1.40453993e-04  1.73678174e-07  8.08702612e+02 
 6.68000000e-01  1.43871252e-04  1.78051006e-07  8.08033918e+02 
 6.69000000e-01  1.47364563e-04  1.82530737e-07  8.07341086e+02 
 6.70000000e-01  1.50935310e-04  1.87119830e-07  8.06623808e+02 
 6.71000000e-01  1.54584888e-04  1.91820800e-07  8.05881777e+02 
 6.72000000e-01  1.58314706e-04  1.96636215e-07  8.05114692e+02 
 6.73000000e-01  1.62126184e-04  2.01568692e-07  8.04322252e+02 
 6.74000000e-01  1.66020755e-04  2.06620902e-07  8.03504163e+02 
 6.75000000e-01  1.69999862e-04  2.11795572e-07  8.02660133e+02 
 6.76000000e-01  1.74064958e-04  2.17095481e-07  8.01789875e+02 
 6.77000000e-01  1.78217508e-04  2.22523463e-07  8.00893106e+02 
 6.78000000e-01  1.82458984e-04  2.28082412e-07  7.99969550e+02 
 6.79000000e-01  1.86790871e-04  2.33775274e-07  7.99018936e+02 
 6.80000000e-01  1.91214659e-04  2.39605058e-07  7.98040997e+02 
 6.81000000e-01  1.95731849e-04  2.45574827e-07  7.97035474e+02 
 6.82000000e-01  2.00343947e-04  2.51687707e-07  7.96002114e+02 
 6.83000000e-01  2.05052469e-04  2.57946883e-07  7.94940672e+02 
 6.84000000e-01  2.09858935e-04  2.64355602e-07  7.93850909e+02 
 6.85000000e-01  2.14764873e-04  2.70917172e-07  7.92732595e+02 
 6.86000000e-01  2.19771815e-04  2.77634966e-07  7.91585506e+02 
 6.87000000e-01  2.24881299e-04  2.84512419e-07  7.90409430e+02 
 6.88000000e-01  2.30094866e-04  2.91553032e-07  7.89204159e+02 
 6.89000000e-01  2.35414060e-04  2.98760371e-07  7.87969500e+02 
 6.90000000e-01  2.40840430e-04  3.06138068e-07  7.86705263e+02 
 6.91000000e-01  2.46375525e-04  3.13689825e-07  7.85411274e+02 
 6.92000000e-01  2.52020898e-04  3.21419409e-07  7.84087366e+02 
 6.93000000e-01  2.57778100e-04  3.29330658e-07  7.82733382e+02 
 6.94000000e-01  2.63648684e-04  3.37427480e-07  7.81349178e+02 
 6.95000000e-01  2.69634203e-04  3.45713854e-07  7.79934620e+02 
 6.96000000e-01  2.75736208e-04  3.54193830e-07  7.78489585e+02 
 6.97000000e-01  2.81956247e-04  3.62871532e-07  7.77013964e+02 
 6.98000000e-01  2.88295869e-04  3.71751157e-07  7.75507657e+02 
 6.99000000e-01  2.94756616e-04  3.80836977e-07  7.73970579e+02 
 7.00000000e-01  3.01340028e-04  3.90133340e-07  7.72402656e+02 
 7.01000000e-01  3.08047640e-04  3.99644668e-07  7.70803828e+02 
 7.02000000e-01  3.14880983e-04  4.09375464e-07  7.69174048e+02 
 7.03000000e-01  3.21841580e-04  4.19330306e-07  7.67513282e+02 
 7.04000000e-01  3.28930948e-04  4.29513854e-07  7.65821509e+02 
 7.05000000e-01  3.36150598e-04  4.39930846e-07  7.64098723e+02 
 7.06000000e-01  3.43502031e-04  4.50586102e-07  7.62344931e+02 
 7.07000000e-01  3.50986741e-04  4.61484524e-07  7.60560154e+02 
 7.08000000e-01  3.58606212e-04  4.72631098e-07  7.58744429e+02 
 7.09000000e-01  3.66361918e-04  4.84030891e-07  7.56897804e+02 
 7.10000000e-01  3.74255324e-04  4.95689058e-07  7.55020345e+02 
 7.11000000e-01  3.82287880e-04  5.07610839e-07  7.53112130e+02 
 7.12000000e-01  3.90461028e-04  5.19801559e-07  7.51173252e+02 
 7.13000000e-01  3.98776195e-04  5.32266633e-07  7.49203821e+02 
 7.14000000e-01  4.07234798e-04  5.45011564e-07  7.47203958e+02 
 7.15000000e-01  4.15838237e-04  5.58041944e-07  7.45173801e+02 
 7.16000000e-01  4.24587900e-04  5.71363457e-07  7.43113503e+02 
 7.17000000e-01  4.33485159e-04  5.84981877e-07  7.41023229e+02 
 7.18000000e-01  4.42531373e-04  5.98903073e-07  7.38903161e+02 
 7.19000000e-01  4.51727883e-04  6.13133004e-07  7.36753495e+02 
 7.20000000e-01  4.61076015e-04  6.27677727e-07  7.34574441e+02 
 7.21000000e-01  4.70577078e-04  6.42543394e-07  7.32366223e+02 
 7.22000000e-01  4.80232364e-04  6.57736251e-07  7.30129079e+02 
 7.23000000e-01  4.90043146e-04  6.73262646e-07  7.27863263e+02 
 7.24000000e-01  5.00010683e-04  6.89129021e-07  7.25569040e+02 
 7.25000000e-01  5.10136211e-04  7.05341922e-07  7.23246690e+02 
 7.26000000e-01  5.20420950e-04  7.21907992e-07  7.20896507e+02 
 7.27000000e-01  5.30866101e-04  7.38833978e-07  7.18518797e+02 
 7.28000000e-01  5.41476914e-04  7.56134912e-07  7.16111510e+02 
 7.29000000e-01  5.52246694e-04  7.73802010e-07  7.13679580e+02 
 7.30000000e-01  5.63180385e-04  7.91849925e-07  7.11221113e+02 
 7.31000000e-01  5.74279110e-04  8.10285823e-07  7.08736465e+02 
 7.32000000e-01  5.85543970e-04  8.29116979e-07  7.06226003e+02 
 7.33000000e-01  5.96976046e-04  8.48350773e-07  7.03690107e+02 
 7.34000000e-01  6.08576398e-04  8.67994695e-07  7.01129168e+02 
 7.35000000e-01  6.20346066e-04  8.88056346e-07  6.98543587e+02 
 7.36000000e-01  6.32286066e-04  9.08543439e-07  6.95933776e+02 
 7.37000000e-01  6.44397396e-04  9.29463796e-07  6.93300157e+02 
 7.38000000e-01  6.56681030e-04  9.50825356e-07  6.90643161e+02 
 7.39000000e-01  6.69137922e-04  9.72636172e-07  6.87963229e+02 
 7.40000000e-01  6.81769003e-04  9.94904410e-07  6.85260811e+02 
 7.41000000e-01  6.94575185e-04  1.01763836e-06  6.82536365e+02 
 7.42000000e-01  7.07557355e-04  1.04084641e-06  6.79790356e+02 
 7.43000000e-01  7.20716380e-04  1.06453710e-06  6.77023260e+02 
 7.44000000e-01  7.34053106e-04  1.08871907e-06  6.74235555e+02 
 7.45000000e-01  7.47568356e-04  1.11340107e-06  6.71427732e+02 
 7.46000000e-01  7.61262932e-04  1.13859200e-06  6.68600283e+02 
 7.47000000e-01  7.75137613e-04  1.16430086e-06  6.65753709e+02 
 7.48000000e-01  7.89193159e-04  1.19053678e-06  6.62888515e+02 
 7.49000000e-01  8.03430306e-04  1.21730903e-06  6.60005212e+02 
 7.50000000e-01  8.17849771e-04  1.24462700e-06  6.57104315e+02 
 7.51000000e-01  8.32452248e-04  1.27250019e-06  6.54186343e+02 
 7.52000000e-01  8.47238411e-04  1.30093826e-06  6.51251820e+02 
 7.53000000e-01  8.62208912e-04  1.32995098e-06  6.48301272e+02 
 7.54000000e-01  8.77364382e-04  1.35954825e-06  6.45335228e+02 
 7.55000000e-01  8.92705433e-04  1.38974012e-06  6.42354220e+02 
 7.56000000e-01  9.08232655e-04  1.42053676e-06  6.39358782e+02 
 7.57000000e-01  9.23946618e-04  1.45194848e-06  6.36349449e+02 
 7.58000000e-01  9.39847873e-04  1.48398573e-06  6.33326759e+02 
 7.59000000e-01  9.55936949e-04  1.51665909e-06  6.30291248e+02 
 7.60000000e-01  9.72214357e-04  1.54997928e-06  6.27243454e+02 
 7.61000000e-01  9.88680588e-04  1.58395717e-06  6.24183915e+02 
 7.62000000e-01  1.00533611e-03  1.61860376e-06  6.21113169e+02 
 7.63000000e-01  1.02218139e-03  1.65393021e-06  6.18031753e+02 
 7.64000000e-01  1.03921684e-03  1.68994780e-06  6.14940202e+02 
 7.65000000e-01  1.05644289e-03  1.72666797e-06  6.11839050e+02 
 7.66000000e-01  1.07385993e-03  1.76410230e-06  6.08728830e+02 
 7.67000000e-01  1.09146835e-03  1.80226254e-06  6.05610072e+02 
 7.68000000e-01  1.10926850e-03  1.84116056e-06  6.02483305e+02 
 7.69000000e-01  1.12726072e-03  1.88080839e-06  5.99349052e+02 
 7.70000000e-01  1.14544535e-03  1.92121822e-06  5.96207836e+02 
 7.71000000e-01  1.16382270e-03  1.96240238e-06  5.93060175e+02 
 7.72000000e-01  1.18239305e-03  2.00437337e-06  5.89906584e+02 
 7.73000000e-01  1.20115668e-03  2.04714384e-06  5.86747574e+02 
 7.74000000e-01  1.22011386e-03  2.09072659e-06  5.83583652e+02 
 7.75000000e-01  1.23926483e-03  2.13513459e-06  5.80415319e+02 
 7.76000000e-01  1.25860981e-03  2.18038096e-06  5.77243073e+02 
 7.77000000e-01  1.27814902e-03  2.22647899e-06  5.74067406e+02 
 7.78000000e-01  1.29788266e-03  2.27344213e-06  5.70888806e+02 
 7.79000000e-01  1.31781092e-03  2.32128399e-06  5.67707754e+02 
 7.80000000e-01  1.33793396e-03  2.37001834e-06  5.64524726e+02 
 7.81000000e-01  1.35825193e-03  2.41965914e-06  5.61340193e+02 
 7.82000000e-01  1.37876499e-03  2.47022051e-06  5.58154620e+02 
 7.83000000e-01  1.39947325e-03  2.52171671e-06  5.54968463e+02 
 7.84000000e-01  1.42037683e-03  2.57416222e-06  5.51782176e+02 
 7.85000000e-01  1.44147584e-03  2.62757167e-06  5.48596204e+02 
 7.86000000e-01  1.46277036e-03  2.68195985e-06  5.45410986e+02 
 7.87000000e-01  1.48426047e-03  2.73734174e-06  5.42226953e+02 
 7.88000000e-01  1.50596621e-03  2.79380010e-06  5.39038640e+02 
 7.89000000e-01  1.52784856e-03  2.85121880e-06  5.35858055e+02 
 7.90000000e-01  1.54992669e-03  2.90967740e-06  5.32679909e+02 
 7.91000000e-01  1.57220062e-03  2.96919159e-06  5.29504606e+02 
 7.92000000e-01  1.59467037e-03  3.02977727e-06  5.26332542e+02 
 7.93000000e-01  1.61733596e-03  3.09145053e-06  5.23164107e+02 
 7.94000000e-01  1.64019736e-03  3.15422763e-06  5.19999682e+02 
 7.95000000e-01  1.66325458e-03  3.21812501e-06  5.16839643e+02 
 7.96000000e-01  1.68650759e-03  3.28315933e-06  5.13684358e+02 
 7.97000000e-01  1.70995636e-03  3.34934742e-06  5.10534186e+02 
 7.98000000e-01  1.73360084e-03  3.41670630e-06  5.07389481e+02 
 7.99000000e-01  1.75744097e-03  3.48525321e-06  5.04250586e+02 
 8.00000000e-01  1.78147670e-03  3.55500555e-06  5.01117840e+02 
 8.01000000e-01  1.80570796e-03  3.62598096e-06  4.97991573e+02 
 8.02000000e-01  1.83013466e-03  3.69819725e-06  4.94872106e+02 
 8.03000000e-01  1.85475672e-03  3.77167246e-06  4.91759754e+02 
 8.04000000e-01  1.87957404e-03  3.84642480e-06  4.88654825e+02 
 8.05000000e-01  1.90458651e-03  3.92247271e-06  4.85557619e+02 
 8.06000000e-01  1.92979401e-03  3.99983483e-06  4.82468426e+02 
 8.07000000e-01  1.95519644e-03  4.07853002e-06  4.79387532e+02 
 8.08000000e-01  1.98079365e-03  4.15857734e-06  4.76315213e+02 
 8.09000000e-01  2.00658552e-03  4.23999607e-06  4.73251740e+02 
 8.10000000e-01  2.03257189e-03  4.32280571e-06  4.70197374e+02 
 8.11000000e-01  2.05875262e-03  4.40702596e-06  4.67152370e+02 
 8.12000000e-01  2.08512755e-03  4.49267676e-06  4.64116975e+02 
 8.13000000e-01  2.11169651e-03  4.57977826e-06  4.61091431e+02 
 8.14000000e-01  2.13845934e-03  4.66835082e-06  4.58075972e+02 
 8.15000000e-01  2.16541586e-03  4.75841505e-06  4.55070826e+02 
 8.16000000e-01  2.19256591e-03  4.84999176e-06  4.52076213e+02 
 8.17000000e-01  2.21990928e-03  4.94310201e-06  4.49092346e+02 
 8.18000000e-01  2.24744579e-03  5.03776708e-06  4.46119432e+02 
 8.19000000e-01  2.27517525e-03  5.13400850e-06  4.43157671e+02 
 8.20000000e-01  2.30309745e-03  5.23184800e-06  4.40207257e+02 
 8.21000000e-01  2.33121220e-03  5.33130757e-06  4.37268374e+02 
 8.22000000e-01  2.35951927e-03  5.43240946e-06  4.34341205e+02 
 8.23000000e-01  2.38801845e-03  5.53517611e-06  4.31425921e+02 
 8.24000000e-01  2.41670953e-03  5.63963025e-06  4.28522691e+02 
 8.25000000e-01  2.44559228e-03  5.74579483e-06  4.25631675e+02 
 8.26000000e-01  2.47466646e-03  5.85369306e-06  4.22753028e+02 
 8.27000000e-01  2.50393186e-03  5.96334839e-06  4.19886899e+02 
 8.28000000e-01  2.53338823e-03  6.07478453e-06  4.17033430e+02 
 8.29000000e-01  2.56303533e-03  6.18802546e-06  4.14192758e+02 
 8.30000000e-01  2.59287291e-03  6.30309537e-06  4.11365014e+02 
 8.31000000e-01  2.62290074e-03  6.42001877e-06  4.08550323e+02 
 8.32000000e-01  2.65311856e-03  6.53882038e-06  4.05748805e+02 
 8.33000000e-01  2.68352610e-03  6.65952522e-06  4.02960574e+02 
 8.34000000e-01  2.71412313e-03  6.78215855e-06  4.00185738e+02 
 8.35000000e-01  2.74490937e-03  6.90674593e-06  3.97424402e+02 
 8.36000000e-01  2.77588456e-03  7.03331316e-06  3.94676662e+02 
 8.37000000e-01  2.80704843e-03  7.16188633e-06  3.91942611e+02 
 8.38000000e-01  2.83840071e-03  7.29249181e-06  3.89222338e+02 
 8.39000000e-01  2.86994114e-03  7.42515624e-06  3.86515926e+02 
 8.40000000e-01  2.90166942e-03  7.55990655e-06  3.83823451e+02 
 8.41000000e-01  2.93358529e-03  7.69676995e-06  3.81144988e+02 
 8.42000000e-01  2.96568846e-03  7.83577395e-06  3.78480605e+02 
 8.43000000e-01  2.99797865e-03  7.97694633e-06  3.75830365e+02 
 8.44000000e-01  3.03045557e-03  8.12031518e-06  3.73194329e+02 
 8.45000000e-01  3.06311893e-03  8.26590888e-06  3.70572550e+02 
 8.46000000e-01  3.09596843e-03  8.41375611e-06  3.67965079e+02 
 8.47000000e-01  3.12900379e-03  8.56388586e-06  3.65371964e+02 
 8.48000000e-01  3.16222470e-03  8.71632741e-06  3.62793244e+02 
 8.49000000e-01  3.19563086e-03  8.87111038e-06  3.60228960e+02 
 8.50000000e-01  3.22922197e-03  9.02826466e-06  3.57679144e+02 
 8.51000000e-01  3.26299772e-03  9.18782048e-06  3.55143826e+02 
 8.52000000e-01  3.29695779e-03  9.34980841e-06  3.52623033e+02 
 8.53000000e-01  3.33110188e-03  9.51425930e-06  3.50116786e+02 
 8.54000000e-01  3.36542967e-03  9.68120436e-06  3.47625104e+02 
 8.55000000e-01  3.39994084e-03  9.85067513e-06  3.45148002e+02 
 8.56000000e-01  3.43463505e-03  1.00227035e-05  3.42685491e+02 
 8.57000000e-01  3.46951199e-03  1.01973216e-05  3.40237578e+02 
 8.58000000e-01  3.50457131e-03  1.03745620e-05  3.37804267e+02 
 8.59000000e-01  3.53981269e-03  1.05544577e-05  3.35385558e+02 
 8.60000000e-01  3.57523576e-03  1.07370419e-05  3.32981449e+02 
 8.61000000e-01  3.61084019e-03  1.09223482e-05  3.30591932e+02 
 8.62000000e-01  3.64662562e-03  1.11104106e-05  3.28216999e+02 
 8.63000000e-01  3.68259167e-03  1.13012634e-05  3.25856635e+02 
 8.64000000e-01  3.71873799e-03  1.14949415e-05  3.23510823e+02 
 8.65000000e-01  3.75506419e-03  1.16914799e-05  3.21179544e+02 
 8.66000000e-01  3.79156988e-03  1.18909142e-05  3.18862774e+02 
 8.67000000e-01  3.82833124e-03  1.20938644e-05  3.16551526e+02 
 8.68000000e-01  3.86519668e-03  1.22992199e-05  3.14263564e+02 
 8.69000000e-01  3.90224041e-03  1.25075809e-05  3.11990021e+02 
 8.70000000e-01  3.93946193e-03  1.27189841e-05  3.09730863e+02 
 8.71000000e-01  3.97686085e-03  1.29334678e-05  3.07486045e+02 
 8.72000000e-01  4.01443668e-03  1.31510699e-05  3.05255521e+02 
 8.73000000e-01  4.05218895e-03  1.33718290e-05  3.03039244e+02 
 8.74000000e-01  4.09011712e-03  1.35957843e-05  3.00837160e+02 
 8.75000000e-01  4.12822067e-03  1.38229752e-05  2.98649214e+02 
 8.76000000e-01  4.16649903e-03  1.40534419e-05  2.96475344e+02 
 8.77000000e-01  4.20495160e-03  1.42872251e-05  2.94315487e+02 
 8.78000000e-01  4.24357775e-03  1.45243659e-05  2.92169572e+02 
 8.79000000e-01  4.28237681e-03  1.47649061e-05  2.90037525e+02 
 8.80000000e-01  4.32134806e-03  1.50088881e-05  2.87919267e+02 
 8.81000000e-01  4.36049076e-03  1.52563551e-05  2.85814713e+02 
 8.82000000e-01  4.39980407e-03  1.55073508e-05  2.83723774e+02 
 8.83000000e-01  4.43928715e-03  1.57619196e-05  2.81646351e+02 
 8.84000000e-01  4.47893903e-03  1.60201069e-05  2.79582344e+02 
 8.85000000e-01  4.51875873e-03  1.62819587e-05  2.77531642e+02 
 8.86000000e-01  4.55874513e-03  1.65475220e-05  2.75494128e+02 
 8.87000000e-01  4.59889706e-03  1.68168446e-05  2.73469677e+02 
 8.88000000e-01  4.63921324e-03  1.70899755e-05  2.71458156e+02 
 8.89000000e-01  4.67969227e-03  1.73669647e-05  2.69459421e+02 
 8.90000000e-01  4.72033261e-03  1.76478633e-05  2.67473322e+02 
 8.91000000e-01  4.76113262e-03  1.79327236e-05  2.65499693e+02 
 8.92000000e-01  4.80209047e-03  1.82215995e-05  2.63538361e+02 
 8.93000000e-01  4.84320419e-03  1.85145461e-05  2.61589139e+02 
 8.94000000e-01  4.88447158e-03  1.88116203e-05  2.59651827e+02 
 8.95000000e-01  4.92589028e-03  1.91128807e-05  2.57726209e+02 
 8.96000000e-01  4.96745767e-03  1.94183876e-05  2.55812057e+02 
 8.97000000e-01  5.00917089e-03  1.97282036e-05  2.53909124e+02 
 8.98000000e-01  5.05102679e-03  2.00423935e-05  2.52017146e+02 
 8.99000000e-01  5.09302195e-03  2.03610243e-05  2.50135841e+02 
 9.00000000e-01  5.13515260e-03  2.06841661e-05  2.48264909e+02 
 9.01000000e-01  5.17741461e-03  2.10118913e-05  2.46404025e+02 
 9.02000000e-01  5.21980348e-03  2.13442760e-05  2.44552848e+02 
 9.03000000e-01  5.26231430e-03  2.16813992e-05  2.42711010e+02 
 9.04000000e-01  5.30494171e-03  2.20233438e-05  2.40878123e+02 
 9.05000000e-01  5.34767989e-03  2.23701965e-05  2.39053774e+02 
 9.06000000e-01  5.39052253e-03  2.27220483e-05  2.37237527e+02 
 9.07000000e-01  5.43346281e-03  2.30789944e-05  2.35428923e+02 
 9.08000000e-01  5.47649337e-03  2.34411351e-05  2.33627482e+02 
 9.09000000e-01  5.51960631e-03  2.38085753e-05  2.31832700e+02 
 9.10000000e-01  5.56279320e-03  2.41814254e-05  2.30044057e+02 
 9.11000000e-01  5.60604505e-03  2.45598008e-05  2.28261015e+02 
 9.12000000e-01  5.64935236e-03  2.49438227e-05  2.26483022e+02 
 9.13000000e-01  5.69270511e-03  2.53336180e-05  2.24709519e+02 
 9.14000000e-01  5.73609283e-03  2.57293187e-05  2.22939942e+02 
 9.15000000e-01  5.77950465e-03  2.61310629e-05  2.21173730e+02 
 9.16000000e-01  5.82292935e-03  2.65389938e-05  2.19410329e+02 
 9.17000000e-01  5.86635543e-03  2.69532597e-05  2.17649201e+02 
 9.18000000e-01  5.90977126e-03  2.73740139e-05  2.15889832e+02 
 9.19000000e-01  5.95316512e-03  2.78014140e-05  2.14131739e+02 
 9.20000000e-01  5.99652536e-03  2.82356213e-05  2.12374479e+02 
 9.21000000e-01  6.03984050e-03  2.86768008e-05  2.10617653e+02 
 9.22000000e-01  6.08309935e-03  2.91251197e-05  2.08860922e+02 
 9.23000000e-01  6.12629118e-03  2.95807475e-05  2.07104002e+02 
 9.24000000e-01  6.16940576e-03  3.00438546e-05  2.05346679e+02 
 9.25000000e-01  6.21243353e-03  3.05146122e-05  2.03588808e+02 
 9.26000000e-01  6.25536570e-03  3.09931913e-05  2.01830319e+02 
 9.27000000e-01  6.29819429e-03  3.14797619e-05  2.00071217e+02 
 9.28000000e-01  6.34091223e-03  3.19744929e-05  1.98311581e+02 
 9.29000000e-01  6.38351340e-03  3.24775511e-05  1.96551562e+02 
 9.30000000e-01  6.42599267e-03  3.29891008e-05  1.94791386e+02 
 9.31000000e-01  6.46834589e-03  3.35093041e-05  1.93031341e+02 
 9.32000000e-01  6.51056991e-03  3.40383196e-05  1.91271778e+02 
 9.33000000e-01  6.55266252e-03  3.45763031e-05  1.89513104e+02 
 9.34000000e-01  6.59462246e-03  3.51234071e-05  1.87755773e+02 
 9.35000000e-01  6.63644935e-03  3.56797807e-05  1.86000284e+02 
 9.36000000e-01  6.67814364e-03  3.62455702e-05  1.84247167e+02 
 9.37000000e-01  6.71970655e-03  3.68209183e-05  1.82496984e+02 
 9.38000000e-01  6.76113999e-03  3.74059651e-05  1.80750316e+02 
 9.39000000e-01  6.80244653e-03  3.80008477e-05  1.79007758e+02 
 9.40000000e-01  6.84362930e-03  3.86057006e-05  1.77269916e+02 
 9.41000000e-01  6.88469190e-03  3.92206562e-05  1.75537397e+02 
 9.42000000e-01  6.92549762e-03  3.98425995e-05  1.73821430e+02 
 9.43000000e-01  6.96633341e-03  4.04781036e-05  1.72101279e+02 
 9.44000000e-01  7.00706207e-03  4.11240901e-05  1.70388258e+02 
 9.45000000e-01  7.04768913e-03  4.17806960e-05  1.68682904e+02 
 9.46000000e-01  7.08821940e-03  4.24480354e-05  1.66985806e+02 
 9.47000000e-01  7.12865827e-03  4.31262308e-05  1.65297503e+02 
 9.48000000e-01  7.16901125e-03  4.38154036e-05  1.63618515e+02 
 9.49000000e-01  7.20928392e-03  4.45156745e-05  1.61949336e+02 
 9.50000000e-01  7.24948193e-03  4.52271640e-05  1.60290438e+02 
 9.51000000e-01  7.28961094e-03  4.59499918e-05  1.58642268e+02 
 9.52000000e-01  7.32967661e-03  4.66842775e-05  1.57005249e+02 
 9.53000000e-01  7.36968459e-03  4.74301405e-05  1.55379776e+02 
 9.54000000e-01  7.40964046e-03  4.81877001e-05  1.53766219e+02 
 9.55000000e-01  7.44954975e-03  4.89570759e-05  1.52164924e+02 
 9.56000000e-01  7.48941791e-03  4.97383874e-05  1.50576211e+02 
 9.57000000e-01  7.52925031e-03  5.05317544e-05  1.49000374e+02 
 9.58000000e-01  7.56905220e-03  5.13372970e-05  1.47437684e+02 
 9.59000000e-01  7.60882875e-03  5.21551358e-05  1.45888389e+02 
 9.60000000e-01  7.64858499e-03  5.29853915e-05  1.44352713e+02 
 9.61000000e-01  7.68832586e-03  5.38281855e-05  1.42830857e+02 
 9.62000000e-01  7.72805615e-03  5.46836396e-05  1.41323003e+02 
 9.63000000e-01  7.76778054e-03  5.55518763e-05  1.39829310e+02 
 9.64000000e-01  7.80750357e-03  5.64330185e-05  1.38349920e+02 
 9.65000000e-01  7.84722967e-03  5.73271898e-05  1.36884953e+02 
 9.66000000e-01  7.88696311e-03  5.82345143e-05  1.35434513e+02 
 9.67000000e-01  7.92670807e-03  5.91551170e-05  1.33998688e+02 
 9.68000000e-01  7.96646856e-03  6.00891232e-05  1.32577547e+02 
 9.69000000e-01  8.00624848e-03  6.10366594e-05  1.31171145e+02 
 9.70000000e-01  8.04605161e-03  6.19978523e-05  1.29779521e+02 
 9.71000000e-01  8.08588158e-03  6.29728297e-05  1.28402703e+02 
 9.72000000e-01  8.12574193e-03  6.39617200e-05  1.27040704e+02 
 9.73000000e-01  8.16563604e-03  6.49646522e-05  1.25693524e+02 
 9.74000000e-01  8.20556720e-03  6.59817564e-05  1.24361151e+02 
 9.75000000e-01  8.24553855e-03  6.70131632e-05  1.23043566e+02 
 9.76000000e-01  8.28555315e-03  6.80590041e-05  1.21740734e+02 
 9.77000000e-01  8.32561391e-03  6.91194115e-05  1.20452616e+02 
 9.78000000e-01  8.36572365e-03  7.01945185e-05  1.19179159e+02 
 9.79000000e-01  8.40588507e-03  7.12844591e-05  1.17920304e+02 
 9.80000000e-01  8.44610077e-03  7.23893681e-05  1.16675984e+02 
 9.81000000e-01  8.48637324e-03  7.35093814e-05  1.15446125e+02 
 9.82000000e-01  8.52670486e-03  7.46446354e-05  1.14230645e+02 
 9.83000000e-01  8.56709791e-03  7.57952679e-05  1.13029456e+02 
 9.84000000e-01  8.60755458e-03  7.69614172e-05  1.11842465e+02 
 9.85000000e-01  8.64807695e-03  7.81432229e-05  1.10669571e+02 
 9.86000000e-01  8.68884444e-03  7.93486180e-05  1.09502152e+02 
 9.87000000e-01  8.72950664e-03  8.05623537e-05  1.08357145e+02 
 9.88000000e-01  8.77024067e-03  8.17921929e-05  1.07225890e+02 
 9.89000000e-01  8.81104753e-03  8.30382471e-05  1.06108304e+02 
 9.90000000e-01  8.85192915e-03  8.43006764e-05  1.05004248e+02 
 9.91000000e-01  8.89288709e-03  8.55796268e-05  1.03913600e+02 
 9.92000000e-01  8.93392276e-03  8.68752458e-05  1.02836230e+02 
 9.93000000e-01  8.97503754e-03  8.81876820e-05  1.01772009e+02 
 9.94000000e-01  9.01623267e-03  8.95170853e-05  1.00720803e+02 
 9.95000000e-01  9.05750936e-03  9.08636073e-05  9.96824761e+01 
 9.96000000e-01  9.09886868e-03  9.22274007e-05  9.86568917e+01 
 9.97000000e-01  9.14031166e-03  9.36086200e-05  9.76439100e+01 
 9.98000000e-01  9.18183923e-03  9.50074213e-05  9.66433896e+01 
 9.99000000e-01  9.22345222e-03  9.64239623e-05  9.56551878e+01 
 1.00000000e+00  9.26515140e-03  9.78584025e-05  9.46791605e+01 
