 v-sweep         ic              ib              beta           
 3.00000000e-01  2.57622941e-09  6.03038794e-12  4.27207906e+02 
 3.01000000e-01  2.64706446e-09  6.16450283e-12  4.29404371e+02 
 3.02000000e-01  2.71991290e-09  6.30183700e-12  4.31606354e+02 
 3.03000000e-01  2.79483196e-09  6.44247107e-12  4.33813661e+02 
 3.04000000e-01  2.87188049e-09  6.58649049e-12  4.36025907e+02 
 3.05000000e-01  2.95111904e-09  6.73398116e-12  4.38242841e+02 
 3.06000000e-01  3.03260983e-09  6.88503587e-12  4.40463911e+02 
 3.07000000e-01  3.11641689e-09  7.03973271e-12  4.42689662e+02 
 3.08000000e-01  3.20260607e-09  7.19818442e-12  4.44918591e+02 
 3.09000000e-01  3.29124506e-09  7.36046820e-12  4.47151590e+02 
 3.10000000e-01  3.38240349e-09  7.52669249e-12  4.49387762e+02 
 3.11000000e-01  3.47615300e-09  7.69695702e-12  4.51626920e+02 
 3.12000000e-01  3.57256721e-09  7.87136417e-12  4.53868876e+02 
 3.13000000e-01  3.67172187e-09  8.05002234e-12  4.56113252e+02 
 3.14000000e-01  3.77369487e-09  8.23303390e-12  4.58360176e+02 
 3.15000000e-01  3.87856633e-09  8.42052115e-12  4.60608823e+02 
 3.16000000e-01  3.98641862e-09  8.61259078e-12  4.62859403e+02 
 3.17000000e-01  4.09733648e-09  8.80937030e-12  4.65111165e+02 
 3.18000000e-01  4.21140703e-09  9.01096726e-12  4.67364591e+02 
 3.19000000e-01  4.32871989e-09  9.21751613e-12  4.69618911e+02 
 3.20000000e-01  4.44936721e-09  9.42914267e-12  4.71873994e+02 
 3.21000000e-01  4.57344378e-09  9.64598046e-12  4.74129488e+02 
 3.22000000e-01  4.70104705e-09  9.86815615e-12  4.76385556e+02 
 3.23000000e-01  4.83227729e-09  1.00958163e-11  4.78641561e+02 
 3.24000000e-01  4.96723756e-09  1.03290998e-11  4.80897431e+02 
 3.25000000e-01  5.10603391e-09  1.05681575e-11  4.83152708e+02 
 3.26000000e-01  5.24877534e-09  1.08131203e-11  4.85408021e+02 
 3.27000000e-01  5.39557401e-09  1.10641714e-11  4.87661824e+02 
 3.28000000e-01  5.54654523e-09  1.13214478e-11  4.89914835e+02 
 3.29000000e-01  5.70180760e-09  1.15851168e-11  4.92166603e+02 
 3.30000000e-01  5.86148308e-09  1.18553434e-11  4.94416981e+02 
 3.31000000e-01  6.02569711e-09  1.21322983e-11  4.96665755e+02 
 3.32000000e-01  6.19457869e-09  1.24161621e-11  4.98912518e+02 
 3.33000000e-01  6.36826049e-09  1.27071107e-11  5.01157236e+02 
 3.34000000e-01  6.54687894e-09  1.30053343e-11  5.03399513e+02 
 3.35000000e-01  6.73057435e-09  1.33110079e-11  5.05639723e+02 
 3.36000000e-01  6.91949104e-09  1.36243433e-11  5.07877033e+02 
 3.37000000e-01  7.11377739e-09  1.39455339e-11  5.10111514e+02 
 3.38000000e-01  7.31358605e-09  1.42747783e-11  5.12343232e+02 
 3.39000000e-01  7.51907396e-09  1.46123073e-11  5.14571299e+02 
 3.40000000e-01  7.73040253e-09  1.49583092e-11  5.16796547e+02 
 3.41000000e-01  7.94773780e-09  1.53130320e-11  5.19017907e+02 
 3.42000000e-01  8.17125048e-09  1.56766960e-11  5.21235500e+02 
 3.43000000e-01  8.40111614e-09  1.60495295e-11  5.23449374e+02 
 3.44000000e-01  8.63751536e-09  1.64317761e-11  5.25659266e+02 
 3.45000000e-01  8.88063385e-09  1.68236900e-11  5.27864804e+02 
 3.46000000e-01  9.13066256e-09  1.72255238e-11  5.30065888e+02 
 3.47000000e-01  9.38779792e-09  1.76375289e-11  5.32262654e+02 
 3.48000000e-01  9.65224192e-09  1.80599812e-11  5.34454705e+02 
 3.49000000e-01  9.92420228e-09  1.84931566e-11  5.36641879e+02 
 3.50000000e-01  1.02038926e-08  1.89373361e-11  5.38824076e+02 
 3.51000000e-01  1.04915327e-08  1.93928060e-11  5.41001269e+02 
 3.52000000e-01  1.07873484e-08  1.98598735e-11  5.43173067e+02 
 3.53000000e-01  1.10915721e-08  2.03388352e-11  5.45339593e+02 
 3.54000000e-01  1.14044428e-08  2.08300155e-11  5.47500448e+02 
 3.55000000e-01  1.17262063e-08  2.13337251e-11  5.49655827e+02 
 3.56000000e-01  1.20571153e-08  2.18503057e-11  5.51805338e+02 
 3.57000000e-01  1.23974298e-08  2.23800906e-11  5.53949045e+02 
 3.58000000e-01  1.27474170e-08  2.29234370e-11  5.56086640e+02 
 3.59000000e-01  1.31073520e-08  2.34807024e-11  5.58218052e+02 
 3.60000000e-01  1.34775173e-08  2.40522530e-11  5.60343238e+02 
 3.61000000e-01  1.38582039e-08  2.46384600e-11  5.62462258e+02 
 3.62000000e-01  1.42497107e-08  2.52397278e-11  5.64574656e+02 
 3.63000000e-01  1.46523452e-08  2.58564554e-11  5.66680350e+02 
 3.64000000e-01  1.50664238e-08  2.64890402e-11  5.68779528e+02 
 3.65000000e-01  1.54922716e-08  2.71379125e-11  5.70871899e+02 
 3.66000000e-01  1.59302233e-08  2.78035061e-11  5.72957356e+02 
 3.67000000e-01  1.63806228e-08  2.84862651e-11  5.75035818e+02 
 3.68000000e-01  1.68438238e-08  2.91866374e-11  5.77107380e+02 
 3.69000000e-01  1.73201903e-08  2.99051018e-11  5.79171757e+02 
 3.70000000e-01  1.78100964e-08  3.06421441e-11  5.81228792e+02 
 3.71000000e-01  1.83139270e-08  3.13982504e-11  5.83278583e+02 
 3.72000000e-01  1.88320777e-08  3.21739289e-11  5.85321046e+02 
 3.73000000e-01  1.93649556e-08  3.29697159e-11  5.87355853e+02 
 3.74000000e-01  1.99129792e-08  3.37861303e-11  5.89383249e+02 
 3.75000000e-01  2.04765791e-08  3.46237291e-11  5.91403053e+02 
 3.76000000e-01  2.10561978e-08  3.54830815e-11  5.93415142e+02 
 3.77000000e-01  2.16522907e-08  3.63647706e-11  5.95419424e+02 
 3.78000000e-01  2.22653260e-08  3.72693829e-11  5.97416011e+02 
 3.79000000e-01  2.28957853e-08  3.81975484e-11  5.99404574e+02 
 3.80000000e-01  2.35441636e-08  3.91498815e-11  6.01385308e+02 
 3.81000000e-01  2.42109702e-08  4.01270382e-11  6.03358018e+02 
 3.82000000e-01  2.48967291e-08  4.11296779e-11  6.05322733e+02 
 3.83000000e-01  2.56019786e-08  4.21584949e-11  6.07279237e+02 
 3.84000000e-01  2.63272729e-08  4.32141729e-11  6.09227740e+02 
 3.85000000e-01  2.70731815e-08  4.42974479e-11  6.11167975e+02 
 3.86000000e-01  2.78402904e-08  4.54090505e-11  6.13100035e+02 
 3.87000000e-01  2.86292021e-08  4.65497461e-11  6.15023807e+02 
 3.88000000e-01  2.94405361e-08  4.77203175e-11  6.16939234e+02 
 3.89000000e-01  3.02749298e-08  4.89215614e-11  6.18846352e+02 
 3.90000000e-01  3.11330385e-08  5.01543040e-11  6.20745102e+02 
 3.91000000e-01  3.20155362e-08  5.14193975e-11  6.22635382e+02 
 3.92000000e-01  3.29231160e-08  5.27177080e-11  6.24517211e+02 
 3.93000000e-01  3.38564908e-08  5.40501210e-11  6.26390657e+02 
 3.94000000e-01  3.48163935e-08  5.54175666e-11  6.28255545e+02 
 3.95000000e-01  3.58035783e-08  5.68209807e-11  6.30111939e+02 
 3.96000000e-01  3.68188203e-08  5.82613335e-11  6.31959794e+02 
 3.97000000e-01  3.78629170e-08  5.97396249e-11  6.33799040e+02 
 3.98000000e-01  3.89366883e-08  6.12568671e-11  6.35629769e+02 
 3.99000000e-01  4.00409777e-08  6.28141208e-11  6.37451852e+02 
 4.00000000e-01  4.11766523e-08  6.44124554e-11  6.39265374e+02 
 4.01000000e-01  4.23446043e-08  6.60529871e-11  6.41070239e+02 
 4.02000000e-01  4.35457507e-08  6.77368428e-11  6.42866554e+02 
 4.03000000e-01  4.47810350e-08  6.94652170e-11  6.44654072e+02 
 4.04000000e-01  4.60514274e-08  7.12392834e-11  6.46433052e+02 
 4.05000000e-01  4.73579255e-08  7.30602903e-11  6.48203357e+02 
 4.06000000e-01  4.87015553e-08  7.49295054e-11  6.49964991e+02 
 4.07000000e-01  5.00833723e-08  7.68482239e-11  6.51718019e+02 
 4.08000000e-01  5.15044614e-08  7.88177934e-11  6.53462361e+02 
 4.09000000e-01  5.29659388e-08  8.08395909e-11  6.55198006e+02 
 4.10000000e-01  5.44689522e-08  8.29150178e-11  6.56925050e+02 
 4.11000000e-01  5.60146820e-08  8.50455208e-11  6.58643530e+02 
 4.12000000e-01  5.76043420e-08  8.72326158e-11  6.60353258e+02 
 4.13000000e-01  5.92391807e-08  8.94778175e-11  6.62054377e+02 
 4.14000000e-01  6.09204819e-08  9.17827028e-11  6.63746872e+02 
 4.15000000e-01  6.26495659e-08  9.41488818e-11  6.65430802e+02 
 4.16000000e-01  6.44277906e-08  9.65780272e-11  6.67106095e+02 
 4.17000000e-01  6.62565523e-08  9.90718412e-11  6.68772797e+02 
 4.18000000e-01  6.81372873e-08  1.01632075e-10  6.70430938e+02 
 4.19000000e-01  7.00714723e-08  1.04260526e-10  6.72080555e+02 
 4.20000000e-01  7.20606262e-08  1.06959057e-10  6.73721590e+02 
 4.21000000e-01  7.41063110e-08  1.09729562e-10  6.75354112e+02 
 4.22000000e-01  7.62101331e-08  1.12573992e-10  6.76978155e+02 
 4.23000000e-01  7.83737445e-08  1.15494354e-10  6.78593728e+02 
 4.24000000e-01  8.05988441e-08  1.18492718e-10  6.80200821e+02 
 4.25000000e-01  8.28871792e-08  1.21571190e-10  6.81799519e+02 
 4.26000000e-01  8.52405466e-08  1.24731961e-10  6.83389772e+02 
 4.27000000e-01  8.76607941e-08  1.27977253e-10  6.84971681e+02 
 4.28000000e-01  9.01498222e-08  1.31309372e-10  6.86545223e+02 
 4.29000000e-01  9.27095851e-08  1.34730684e-10  6.88110402e+02 
 4.30000000e-01  9.53420929e-08  1.38243601e-10  6.89667313e+02 
 4.31000000e-01  9.80494124e-08  1.41850627e-10  6.91215926e+02 
 4.32000000e-01  1.00833669e-07  1.45554311e-10  6.92756323e+02 
 4.33000000e-01  1.03697050e-07  1.49357290e-10  6.94288508e+02 
 4.34000000e-01  1.06641802e-07  1.53262261e-10  6.95812533e+02 
 4.35000000e-01  1.09670238e-07  1.57272017e-10  6.97328360e+02 
 4.36000000e-01  1.12784735e-07  1.61389391e-10  6.98836115e+02 
 4.37000000e-01  1.15987738e-07  1.65617326e-10  7.00335775e+02 
 4.38000000e-01  1.19281763e-07  1.69958823e-10  7.01827425e+02 
 4.39000000e-01  1.22669395e-07  1.74416993e-10  7.03311030e+02 
 4.40000000e-01  1.26153294e-07  1.78995006e-10  7.04786670e+02 
 4.41000000e-01  1.29736195e-07  1.83696125e-10  7.06254393e+02 
 4.42000000e-01  1.33420911e-07  1.88523714e-10  7.07714207e+02 
 4.43000000e-01  1.37210333e-07  1.93481225e-10  7.09166138e+02 
 4.44000000e-01  1.41107438e-07  1.98572181e-10  7.10610305e+02 
 4.45000000e-01  1.45115284e-07  2.03800241e-10  7.12046678e+02 
 4.46000000e-01  1.49237018e-07  2.09169151e-10  7.13475276e+02 
 4.47000000e-01  1.53475874e-07  2.14682738e-10  7.14896202e+02 
 4.48000000e-01  1.57835181e-07  2.20344958e-10  7.16309471e+02 
 4.49000000e-01  1.62318359e-07  2.26159877e-10  7.17715102e+02 
 4.50000000e-01  1.66928929e-07  2.32131655e-10  7.19113163e+02 
 4.51000000e-01  1.71670508e-07  2.38264574e-10  7.20503707e+02 
 4.52000000e-01  1.76546820e-07  2.44563048e-10  7.21886732e+02 
 4.53000000e-01  1.81561690e-07  2.51031585e-10  7.23262333e+02 
 4.54000000e-01  1.86719055e-07  2.57674843e-10  7.24630516e+02 
 4.55000000e-01  1.92022962e-07  2.64497592e-10  7.25991343e+02 
 4.56000000e-01  1.97477575e-07  2.71504740e-10  7.27344853e+02 
 4.57000000e-01  2.03087174e-07  2.78701326e-10  7.28691093e+02 
 4.58000000e-01  2.08856161e-07  2.86092534e-10  7.30030100e+02 
 4.59000000e-01  2.14789065e-07  2.93683685e-10  7.31361924e+02 
 4.60000000e-01  2.20890540e-07  3.01480252e-10  7.32686597e+02 
 4.61000000e-01  2.27165374e-07  3.09487843e-10  7.34004192e+02 
 4.62000000e-01  2.33618492e-07  3.17712230e-10  7.35314761e+02 
 4.63000000e-01  2.40254958e-07  3.26159367e-10  7.36618297e+02 
 4.64000000e-01  2.47079977e-07  3.34835325e-10  7.37914905e+02 
 4.65000000e-01  2.54098907e-07  3.43746394e-10  7.39204575e+02 
 4.66000000e-01  2.61317254e-07  3.52898988e-10  7.40487398e+02 
 4.67000000e-01  2.68740681e-07  3.62299731e-10  7.41763401e+02 
 4.68000000e-01  2.76375012e-07  3.71955422e-10  7.43032622e+02 
 4.69000000e-01  2.84226238e-07  3.81873017e-10  7.44295159e+02 
 4.70000000e-01  2.92300517e-07  3.92059738e-10  7.45550968e+02 
 4.71000000e-01  3.00604183e-07  4.02522920e-10  7.46800165e+02 
 4.72000000e-01  3.09143751e-07  4.13270137e-10  7.48042801e+02 
 4.73000000e-01  3.17925919e-07  4.24309202e-10  7.49278869e+02 
 4.74000000e-01  3.26957576e-07  4.35648084e-10  7.50508468e+02 
 4.75000000e-01  3.36245806e-07  4.47295019e-10  7.51731612e+02 
 4.76000000e-01  3.45797894e-07  4.59258444e-10  7.52948363e+02 
 4.77000000e-01  3.55621332e-07  4.71547038e-10  7.54158765e+02 
 4.78000000e-01  3.65723824e-07  4.84169716e-10  7.55362865e+02 
 4.79000000e-01  3.76113293e-07  4.97135646e-10  7.56560701e+02 
 4.80000000e-01  3.86797886e-07  5.10454235e-10  7.57752331e+02 
 4.81000000e-01  3.97785983e-07  5.24135165e-10  7.58937788e+02 
 4.82000000e-01  4.09086199e-07  5.38188363e-10  7.60117139e+02 
 4.83000000e-01  4.20707394e-07  5.52624059e-10  7.61290406e+02 
 4.84000000e-01  4.32658681e-07  5.67452733e-10  7.62457656e+02 
 4.85000000e-01  4.44949429e-07  5.82685180e-10  7.63618922e+02 
 4.86000000e-01  4.57589274e-07  5.98332477e-10  7.64774255e+02 
 4.87000000e-01  4.70588125e-07  6.14406006e-10  7.65923706e+02 
 4.88000000e-01  4.83956171e-07  6.30917483e-10  7.67067302e+02 
 4.89000000e-01  4.97703892e-07  6.47878915e-10  7.68205108e+02 
 4.90000000e-01  5.11842063e-07  6.65302673e-10  7.69337151e+02 
 4.91000000e-01  5.26381764e-07  6.83201437e-10  7.70463490e+02 
 4.92000000e-01  5.41334390e-07  7.01588259e-10  7.71584164e+02 
 4.93000000e-01  5.56711660e-07  7.20476544e-10  7.72699216e+02 
 4.94000000e-01  5.72525624e-07  7.39880049e-10  7.73808706e+02 
 4.95000000e-01  5.88788671e-07  7.59812960e-10  7.74912646e+02 
 4.96000000e-01  6.05513545e-07  7.80289794e-10  7.76011105e+02 
 4.97000000e-01  6.22713349e-07  8.01325501e-10  7.77104121e+02 
 4.98000000e-01  6.40401557e-07  8.22935449e-10  7.78191726e+02 
 4.99000000e-01  6.58592025e-07  8.45135404e-10  7.79273974e+02 
 5.00000000e-01  6.77299001e-07  8.67941586e-10  7.80350903e+02 
 5.01000000e-01  6.96537137e-07  8.91370650e-10  7.81422561e+02 
 5.02000000e-01  7.16321499e-07  9.15439723e-10  7.82488984e+02 
 5.03000000e-01  7.36667580e-07  9.40166399e-10  7.83550210e+02 
 5.04000000e-01  7.57591312e-07  9.65568749e-10  7.84606288e+02 
 5.05000000e-01  7.79109077e-07  9.91665362e-10  7.85657245e+02 
 5.06000000e-01  8.01237721e-07  1.01847531e-09  7.86703140e+02 
 5.07000000e-01  8.23994568e-07  1.04601821e-09  7.87743999e+02 
 5.08000000e-01  8.47397429e-07  1.07431422e-09  7.88779871e+02 
 5.09000000e-01  8.71464621e-07  1.10338405e-09  7.89810781e+02 
 5.10000000e-01  8.96214980e-07  1.13324899e-09  7.90836778e+02 
 5.11000000e-01  9.21667872e-07  1.16393089e-09  7.91857899e+02 
 5.12000000e-01  9.47843213e-07  1.19545224e-09  7.92874180e+02 
 5.13000000e-01  9.74761480e-07  1.22783610e-09  7.93885664e+02 
 5.14000000e-01  1.00244373e-06  1.26110624e-09  7.94892371e+02 
 5.15000000e-01  1.03091162e-06  1.29528701e-09  7.95894356e+02 
 5.16000000e-01  1.06018741e-06  1.33040346e-09  7.96891649e+02 
 5.17000000e-01  1.09029399e-06  1.36648135e-09  7.97884278e+02 
 5.18000000e-01  1.12125490e-06  1.40354712e-09  7.98872292e+02 
 5.19000000e-01  1.15309436e-06  1.44162796e-09  7.99855709e+02 
 5.20000000e-01  1.18583724e-06  1.48075179e-09  8.00834577e+02 
 5.21000000e-01  1.21950913e-06  1.52094733e-09  8.01808919e+02 
 5.22000000e-01  1.25413636e-06  1.56224405e-09  8.02778773e+02 
 5.23000000e-01  1.28974598e-06  1.60467227e-09  8.03744168e+02 
 5.24000000e-01  1.32636580e-06  1.64826313e-09  8.04705133e+02 
 5.25000000e-01  1.36402444e-06  1.69304862e-09  8.05661708e+02 
 5.26000000e-01  1.40275130e-06  1.73906162e-09  8.06613916e+02 
 5.27000000e-01  1.44257663e-06  1.78633591e-09  8.07561792e+02 
 5.28000000e-01  1.48353152e-06  1.83490623e-09  8.08505359e+02 
 5.29000000e-01  1.52564794e-06  1.88480822e-09  8.09444655e+02 
 5.30000000e-01  1.56895876e-06  1.93607857e-09  8.10379695e+02 
 5.31000000e-01  1.61349778e-06  1.98875493e-09  8.11310512e+02 
 5.32000000e-01  1.65929975e-06  2.04287599e-09  8.12237140e+02 
 5.33000000e-01  1.70640041e-06  2.09848154e-09  8.13159598e+02 
 5.34000000e-01  1.75483647e-06  2.15561244e-09  8.14077908e+02 
 5.35000000e-01  1.80464572e-06  2.21431069e-09  8.14992098e+02 
 5.36000000e-01  1.85586698e-06  2.27461942e-09  8.15902196e+02 
 5.37000000e-01  1.90854018e-06  2.33658298e-09  8.16808220e+02 
 5.38000000e-01  1.96270637e-06  2.40024691e-09  8.17710194e+02 
 5.39000000e-01  2.01840774e-06  2.46565805e-09  8.18608137e+02 
 5.40000000e-01  2.07568769e-06  2.53286447e-09  8.19502075e+02 
 5.41000000e-01  2.13459082e-06  2.60191561e-09  8.20392027e+02 
 5.42000000e-01  2.19516299e-06  2.67286225e-09  8.21278010e+02 
 5.43000000e-01  2.25745135e-06  2.74575658e-09  8.22160041e+02 
 5.44000000e-01  2.32150436e-06  2.82065222e-09  8.23038141e+02 
 5.45000000e-01  2.38737187e-06  2.89760427e-09  8.23912326e+02 
 5.46000000e-01  2.45510510e-06  2.97666931e-09  8.24782615e+02 
 5.47000000e-01  2.52475671e-06  3.05790554e-09  8.25649019e+02 
 5.48000000e-01  2.59638086e-06  3.14137274e-09  8.26511552e+02 
 5.49000000e-01  2.67003319e-06  3.22713229e-09  8.27370231e+02 
 5.50000000e-01  2.74577092e-06  3.31524731e-09  8.28225065e+02 
 5.51000000e-01  2.82365288e-06  3.40578264e-09  8.29076069e+02 
 5.52000000e-01  2.90373953e-06  3.49880489e-09  8.29923251e+02 
 5.53000000e-01  2.98609304e-06  3.59438253e-09  8.30766622e+02 
 5.54000000e-01  3.07077728e-06  3.69258589e-09  8.31606191e+02 
 5.55000000e-01  3.15785796e-06  3.79348723e-09  8.32441963e+02 
 5.56000000e-01  3.24740258e-06  3.89716082e-09  8.33273947e+02 
 5.57000000e-01  3.33948055e-06  4.00368294e-09  8.34102150e+02 
 5.58000000e-01  3.43416319e-06  4.11313199e-09  8.34926572e+02 
 5.59000000e-01  3.53152386e-06  4.22558852e-09  8.35747220e+02 
 5.60000000e-01  3.63163790e-06  4.34113527e-09  8.36564095e+02 
 5.61000000e-01  3.73458281e-06  4.45985729e-09  8.37377200e+02 
 5.62000000e-01  3.84043820e-06  4.58184192e-09  8.38186533e+02 
 5.63000000e-01  3.94928592e-06  4.70717894e-09  8.38992095e+02 
 5.64000000e-01  4.06121010e-06  4.83596058e-09  8.39793880e+02 
 5.65000000e-01  4.17629720e-06  4.96828159e-09  8.40591888e+02 
 5.66000000e-01  4.29463608e-06  5.10423932e-09  8.41386113e+02 
 5.67000000e-01  4.41631807e-06  5.24393380e-09  8.42176549e+02 
 5.68000000e-01  4.54143703e-06  5.38746780e-09  8.42963189e+02 
 5.69000000e-01  4.67008944e-06  5.53494690e-09  8.43746024e+02 
 5.70000000e-01  4.80237442e-06  5.68647958e-09  8.44525045e+02 
 5.71000000e-01  4.93839387e-06  5.84217730e-09  8.45300238e+02 
 5.72000000e-01  5.07825248e-06  6.00215457e-09  8.46071592e+02 
 5.73000000e-01  5.22205872e-06  6.16653014e-09  8.46839081e+02 
 5.74000000e-01  5.36992149e-06  6.33542273e-09  8.47602712e+02 
 5.75000000e-01  5.52195522e-06  6.50895753e-09  8.48362459e+02 
 5.76000000e-01  5.67827665e-06  6.68726215e-09  8.49118298e+02 
 5.77000000e-01  5.83900577e-06  6.87046761e-09  8.49870212e+02 
 5.78000000e-01  6.00426583e-06  7.05870856e-09  8.50618180e+02 
 5.79000000e-01  6.17418350e-06  7.25212333e-09  8.51362176e+02 
 5.80000000e-01  6.34888893e-06  7.45085402e-09  8.52102177e+02 
 5.81000000e-01  6.52851583e-06  7.65504661e-09  8.52838155e+02 
 5.82000000e-01  6.71320158e-06  7.86485109e-09  8.53570081e+02 
 5.83000000e-01  6.90308733e-06  8.08042150e-09  8.54297926e+02 
 5.84000000e-01  7.09831808e-06  8.30191614e-09  8.55021656e+02 
 5.85000000e-01  7.29904282e-06  8.52949757e-09  8.55741239e+02 
 5.86000000e-01  7.50541457e-06  8.76333284e-09  8.56456637e+02 
 5.87000000e-01  7.71759056e-06  9.00359352e-09  8.57167813e+02 
 5.88000000e-01  7.93573228e-06  9.25045583e-09  8.57874727e+02 
 5.89000000e-01  8.16000562e-06  9.50410087e-09  8.58577337e+02 
 5.90000000e-01  8.39058098e-06  9.76471458e-09  8.59275601e+02 
 5.91000000e-01  8.62763339e-06  1.00324880e-08  8.59969470e+02 
 5.92000000e-01  8.87134262e-06  1.03076174e-08  8.60658897e+02 
 5.93000000e-01  9.12189330e-06  1.05903043e-08  8.61343832e+02 
 5.94000000e-01  9.37947506e-06  1.08807558e-08  8.62024222e+02 
 5.95000000e-01  9.64428264e-06  1.11791845e-08  8.62700012e+02 
 5.96000000e-01  9.91651603e-06  1.14858090e-08  8.63371145e+02 
 5.97000000e-01  1.01963806e-05  1.18008534e-08  8.64037562e+02 
 5.98000000e-01  1.04840873e-05  1.21245484e-08  8.64699199e+02 
 5.99000000e-01  1.07798526e-05  1.24571306e-08  8.65355993e+02 
 6.00000000e-01  1.10838989e-05  1.27988430e-08  8.66007877e+02 
 6.01000000e-01  1.13964545e-05  1.31499355e-08  8.66654780e+02 
 6.02000000e-01  1.17177537e-05  1.35106644e-08  8.67296631e+02 
 6.03000000e-01  1.20480372e-05  1.38812931e-08  8.67933354e+02 
 6.04000000e-01  1.23875521e-05  1.42620920e-08  8.68564872e+02 
 6.05000000e-01  1.27365519e-05  1.46533390e-08  8.69191103e+02 
 6.06000000e-01  1.30952969e-05  1.50553194e-08  8.69811965e+02 
 6.07000000e-01  1.34640543e-05  1.54683260e-08  8.70427370e+02 
 6.08000000e-01  1.38430984e-05  1.58926598e-08  8.71037229e+02 
 6.09000000e-01  1.42327106e-05  1.63286298e-08  8.71641450e+02 
 6.10000000e-01  1.46331796e-05  1.67765531e-08  8.72239937e+02 
 6.11000000e-01  1.50448021e-05  1.72367556e-08  8.72832591e+02 
 6.12000000e-01  1.54678820e-05  1.77095719e-08  8.73419311e+02 
 6.13000000e-01  1.59027316e-05  1.81953453e-08  8.73999989e+02 
 6.14000000e-01  1.63496710e-05  1.86944287e-08  8.74574518e+02 
 6.15000000e-01  1.68090287e-05  1.92071842e-08  8.75142786e+02 
 6.16000000e-01  1.72811418e-05  1.97339837e-08  8.75704676e+02 
 6.17000000e-01  1.77663560e-05  2.02752089e-08  8.76260069e+02 
 6.18000000e-01  1.82650259e-05  2.08312519e-08  8.76808842e+02 
 6.19000000e-01  1.87775152e-05  2.14025151e-08  8.77350869e+02 
 6.20000000e-01  1.93041970e-05  2.19894117e-08  8.77886018e+02 
 6.21000000e-01  1.98454539e-05  2.25923658e-08  8.78414156e+02 
 6.22000000e-01  2.04016780e-05  2.32118128e-08  8.78935144e+02 
 6.23000000e-01  2.09732717e-05  2.38481999e-08  8.79448840e+02 
 6.24000000e-01  2.15606473e-05  2.45019858e-08  8.79955097e+02 
 6.25000000e-01  2.21642276e-05  2.51736417e-08  8.80453765e+02 
 6.26000000e-01  2.27844460e-05  2.58636510e-08  8.80944689e+02 
 6.27000000e-01  2.34217466e-05  2.65725100e-08  8.81427710e+02 
 6.28000000e-01  2.40765848e-05  2.73007280e-08  8.81902665e+02 
 6.29000000e-01  2.47494271e-05  2.80488280e-08  8.82369386e+02 
 6.30000000e-01  2.54407517e-05  2.88173464e-08  8.82827701e+02 
 6.31000000e-01  2.61510483e-05  2.96068340e-08  8.83277432e+02 
 6.32000000e-01  2.68808190e-05  3.04178559e-08  8.83718399e+02 
 6.33000000e-01  2.76305777e-05  3.12509922e-08  8.84150416e+02 
 6.34000000e-01  2.84008512e-05  3.21068379e-08  8.84573291e+02 
 6.35000000e-01  2.91921788e-05  3.29860037e-08  8.84986828e+02 
 6.36000000e-01  3.00051129e-05  3.38891164e-08  8.85390828e+02 
 6.37000000e-01  3.08402189e-05  3.48168189e-08  8.85785085e+02 
 6.38000000e-01  3.16980760e-05  3.57697709e-08  8.86169387e+02 
 6.39000000e-01  3.25792769e-05  3.67486493e-08  8.86543520e+02 
 6.40000000e-01  3.34844284e-05  3.77541484e-08  8.86907262e+02 
 6.41000000e-01  3.44141515e-05  3.87869806e-08  8.87260389e+02 
 6.42000000e-01  3.53690816e-05  3.98478767e-08  8.87602668e+02 
 6.43000000e-01  3.63498691e-05  4.09375862e-08  8.87933863e+02 
 6.44000000e-01  3.73571790e-05  4.20568781e-08  8.88253733e+02 
 6.45000000e-01  3.83916918e-05  4.32065410e-08  8.88562029e+02 
 6.46000000e-01  3.94541034e-05  4.43873838e-08  8.88858501e+02 
 6.47000000e-01  4.05451256e-05  4.56002360e-08  8.89142889e+02 
 6.48000000e-01  4.16654858e-05  4.68459483e-08  8.89414930e+02 
 6.49000000e-01  4.28159281e-05  4.81253931e-08  8.89674355e+02 
 6.50000000e-01  4.39972127e-05  4.94394650e-08  8.89920889e+02 
 6.51000000e-01  4.52101167e-05  5.07890813e-08  8.90154252e+02 
 6.52000000e-01  4.64554340e-05  5.21751823e-08  8.90374159e+02 
 6.53000000e-01  4.77339760e-05  5.35987322e-08  8.90580318e+02 
 6.54000000e-01  4.90465711e-05  5.50607196e-08  8.90772432e+02 
 6.55000000e-01  5.03940655e-05  5.65621576e-08  8.90950198e+02 
 6.56000000e-01  5.17773234e-05  5.81040850e-08  8.91113308e+02 
 6.57000000e-01  5.31972268e-05  5.96875662e-08  8.91261449e+02 
 6.58000000e-01  5.46546762e-05  6.13136926e-08  8.91394301e+02 
 6.59000000e-01  5.61505905e-05  6.29835823e-08  8.91511540e+02 
 6.60000000e-01  5.76859071e-05  6.46983813e-08  8.91612834e+02 
 6.61000000e-01  5.92615825e-05  6.64592638e-08  8.91697849e+02 
 6.62000000e-01  6.08785922e-05  6.82674330e-08  8.91766242e+02 
 6.63000000e-01  6.25379307e-05  7.01241218e-08  8.91817667e+02 
 6.64000000e-01  6.42406120e-05  7.20305929e-08  8.91851773e+02 
 6.65000000e-01  6.59876697e-05  7.39881403e-08  8.91868201e+02 
 6.66000000e-01  6.77801568e-05  7.59980892e-08  8.91866591e+02 
 6.67000000e-01  6.96191462e-05  7.80617969e-08  8.91846574e+02 
 6.68000000e-01  7.15057308e-05  8.01806538e-08  8.91807779e+02 
 6.69000000e-01  7.34410233e-05  8.23560834e-08  8.91749828e+02 
 6.70000000e-01  7.54261565e-05  8.45895438e-08  8.91672340e+02 
 6.71000000e-01  7.74622834e-05  8.68825276e-08  8.91574929e+02 
 6.72000000e-01  7.95505772e-05  8.92365633e-08  8.91457203e+02 
 6.73000000e-01  8.16922313e-05  9.16532155e-08  8.91318769e+02 
 6.74000000e-01  8.38884593e-05  9.41340860e-08  8.91159228e+02 
 6.75000000e-01  8.61404953e-05  9.66808141e-08  8.90978176e+02 
 6.76000000e-01  8.84495935e-05  9.92950778e-08  8.90775207e+02 
 6.77000000e-01  9.08170283e-05  1.01978594e-07  8.90549913e+02 
 6.78000000e-01  9.32440944e-05  1.04733121e-07  8.90301879e+02 
 6.79000000e-01  9.57321065e-05  1.07560456e-07  8.90030690e+02 
 6.80000000e-01  9.82823996e-05  1.10462438e-07  8.89735927e+02 
 6.81000000e-01  1.00896328e-04  1.13440949e-07  8.89417171e+02 
 6.82000000e-01  1.03575267e-04  1.16497915e-07  8.89073999e+02 
 6.83000000e-01  1.06320611e-04  1.19635304e-07  8.88705986e+02 
 6.84000000e-01  1.09133773e-04  1.22855130e-07  8.88312707e+02 
 6.85000000e-01  1.12016187e-04  1.26159451e-07  8.87893735e+02 
 6.86000000e-01  1.14969303e-04  1.29550374e-07  8.87448642e+02 
 6.87000000e-01  1.17994890e-04  1.33030451e-07  8.86976542e+02 
 6.88000000e-01  1.21093872e-04  1.36601121e-07  8.86477885e+02 
 6.89000000e-01  1.24268029e-04  1.40264997e-07  8.85951820e+02 
 6.90000000e-01  1.27518886e-04  1.44024380e-07  8.85397917e+02 
 6.91000000e-01  1.30847985e-04  1.47881619e-07  8.84815751e+02 
 6.92000000e-01  1.34256888e-04  1.51839114e-07  8.84204896e+02 
 6.93000000e-01  1.37747172e-04  1.55899321e-07  8.83564929e+02 
 6.94000000e-01  1.41320431e-04  1.60064744e-07  8.82895428e+02 
 6.95000000e-01  1.44978273e-04  1.64337944e-07  8.82195977e+02 
 6.96000000e-01  1.48722325e-04  1.68721537e-07  8.81466159e+02 
 6.97000000e-01  1.52554226e-04  1.73218193e-07  8.80705564e+02 
 6.98000000e-01  1.56475631e-04  1.77830639e-07  8.79913786e+02 
 6.99000000e-01  1.60488207e-04  1.82561661e-07  8.79090421e+02 
 7.00000000e-01  1.64593637e-04  1.87414101e-07  8.78235075e+02 
 7.01000000e-01  1.68793613e-04  1.92390862e-07  8.77347355e+02 
 7.02000000e-01  1.73089844e-04  1.97494906e-07  8.76426877e+02 
 7.03000000e-01  1.77484044e-04  2.02729257e-07  8.75473265e+02 
 7.04000000e-01  1.81977944e-04  2.08097000e-07  8.74486148e+02 
 7.05000000e-01  1.86573280e-04  2.13601283e-07  8.73465164e+02 
 7.06000000e-01  1.91271799e-04  2.19245318e-07  8.72409960e+02 
 7.07000000e-01  1.96075258e-04  2.25032382e-07  8.71320191e+02 
 7.08000000e-01  2.00985420e-04  2.30965816e-07  8.70195523e+02 
 7.09000000e-01  2.06004053e-04  2.37049030e-07  8.69035632e+02 
 7.10000000e-01  2.11132936e-04  2.43285497e-07  8.67840205e+02 
 7.11000000e-01  2.16373848e-04  2.49678763e-07  8.66608938e+02 
 7.12000000e-01  2.21728575e-04  2.56232441e-07  8.65341541e+02 
 7.13000000e-01  2.27198907e-04  2.62950213e-07  8.64037738e+02 
 7.14000000e-01  2.32786636e-04  2.69835834e-07  8.62697263e+02 
 7.15000000e-01  2.38493553e-04  2.76893130e-07  8.61319864e+02 
 7.16000000e-01  2.44321455e-04  2.84126000e-07  8.59905306e+02 
 7.17000000e-01  2.50272134e-04  2.91538416e-07  8.58453364e+02 
 7.18000000e-01  2.56347383e-04  2.99134425e-07  8.56963832e+02 
 7.19000000e-01  2.62548994e-04  3.06918151e-07  8.55436517e+02 
 7.20000000e-01  2.68878754e-04  3.14893793e-07  8.53871244e+02 
 7.21000000e-01  2.75338448e-04  3.23065627e-07  8.52267853e+02 
 7.22000000e-01  2.81929854e-04  3.31438008e-07  8.50626201e+02 
 7.23000000e-01  2.88654746e-04  3.40015372e-07  8.48946163e+02 
 7.24000000e-01  2.95514890e-04  3.48802233e-07  8.47227632e+02 
 7.25000000e-01  3.02512046e-04  3.57803187e-07  8.45470518e+02 
 7.26000000e-01  3.09647963e-04  3.67022911e-07  8.43674751e+02 
 7.27000000e-01  3.16924382e-04  3.76466166e-07  8.41840278e+02 
 7.28000000e-01  3.24343034e-04  3.86137799e-07  8.39967067e+02 
 7.29000000e-01  3.31905637e-04  3.96042737e-07  8.38055103e+02 
 7.30000000e-01  3.39613897e-04  4.06185997e-07  8.36104394e+02 
 7.31000000e-01  3.47469508e-04  4.16572682e-07  8.34114965e+02 
 7.32000000e-01  3.55474149e-04  4.27207982e-07  8.32086862e+02 
 7.33000000e-01  3.63629483e-04  4.38097175e-07  8.30020152e+02 
 7.34000000e-01  3.71937160e-04  4.49245629e-07  8.27914921e+02 
 7.35000000e-01  3.80398810e-04  4.60658805e-07  8.25771277e+02 
 7.36000000e-01  3.89016047e-04  4.72342252e-07  8.23589347e+02 
 7.37000000e-01  3.97790468e-04  4.84301614e-07  8.21369280e+02 
 7.38000000e-01  4.06723650e-04  4.96542627e-07  8.19111245e+02 
 7.39000000e-01  4.15817149e-04  5.09071122e-07  8.16815432e+02 
 7.40000000e-01  4.25072502e-04  5.21893026e-07  8.14482050e+02 
 7.41000000e-01  4.34491225e-04  5.35014361e-07  8.12111331e+02 
 7.42000000e-01  4.44074811e-04  5.48441246e-07  8.09703526e+02 
 7.43000000e-01  4.53824732e-04  5.62179902e-07  8.07258905e+02 
 7.44000000e-01  4.63742436e-04  5.76236644e-07  8.04777761e+02 
 7.45000000e-01  4.73829348e-04  5.90617891e-07  8.02260403e+02 
 7.46000000e-01  4.84090445e-04  6.05336510e-07  7.99704688e+02 
 7.47000000e-01  4.94520221e-04  6.20386956e-07  7.97115761e+02 
 7.48000000e-01  5.05123348e-04  6.35781811e-07  7.94491663e+02 
 7.49000000e-01  5.15901154e-04  6.51527906e-07  7.91832782e+02 
 7.50000000e-01  5.26854939e-04  6.67632179e-07  7.89139523e+02 
 7.51000000e-01  5.37985977e-04  6.84101674e-07  7.86412310e+02 
 7.52000000e-01  5.49295515e-04  7.00943540e-07  7.83651584e+02 
 7.53000000e-01  5.60784774e-04  7.18165037e-07  7.80857803e+02 
 7.54000000e-01  5.72454945e-04  7.35773535e-07  7.78031443e+02 
 7.55000000e-01  5.84307196e-04  7.53776513e-07  7.75172994e+02 
 7.56000000e-01  5.96342664e-04  7.72181561e-07  7.72282963e+02 
 7.57000000e-01  6.08562459e-04  7.90996384e-07  7.69361872e+02 
 7.58000000e-01  6.20967662e-04  8.10228799e-07  7.66410257e+02 
 7.59000000e-01  6.33559327e-04  8.29886738e-07  7.63428668e+02 
 7.60000000e-01  6.46338481e-04  8.49978250e-07  7.60417671e+02 
 7.61000000e-01  6.59306120e-04  8.70511500e-07  7.57377840e+02 
 7.62000000e-01  6.72463212e-04  8.91494770e-07  7.54309767e+02 
 7.63000000e-01  6.85810699e-04  9.12936465e-07  7.51214050e+02 
 7.64000000e-01  6.99349492e-04  9.34845105e-07  7.48091302e+02 
 7.65000000e-01  7.13080476e-04  9.57229336e-07  7.44942146e+02 
 7.66000000e-01  7.27004505e-04  9.80097924e-07  7.41767213e+02 
 7.67000000e-01  7.41122408e-04  1.00345976e-06  7.38567144e+02 
 7.68000000e-01  7.55434984e-04  1.02732386e-06  7.35342589e+02 
 7.69000000e-01  7.69943005e-04  1.05169936e-06  7.32094205e+02 
 7.70000000e-01  7.84647214e-04  1.07659553e-06  7.28822658e+02 
 7.71000000e-01  7.99548329e-04  1.10202177e-06  7.25528618e+02 
 7.72000000e-01  8.14647038e-04  1.12798760e-06  7.22212763e+02 
 7.73000000e-01  8.29944005e-04  1.15450268e-06  7.18875774e+02 
 7.74000000e-01  8.45439865e-04  1.18157679e-06  7.15518340e+02 
 7.75000000e-01  8.61135226e-04  1.20921986e-06  7.12141151e+02 
 7.76000000e-01  8.77030672e-04  1.23744195e-06  7.08744901e+02 
 7.77000000e-01  8.93126760e-04  1.26625324e-06  7.05330288e+02 
 7.78000000e-01  9.09424021e-04  1.29566405e-06  7.01898011e+02 
 7.79000000e-01  9.25922961e-04  1.32568486e-06  6.98448771e+02 
 7.80000000e-01  9.42624061e-04  1.35632626e-06  6.94983270e+02 
 7.81000000e-01  9.59527779e-04  1.38759901e-06  6.91502209e+02 
 7.82000000e-01  9.76634546e-04  1.41951398e-06  6.88006291e+02 
 7.83000000e-01  9.93944771e-04  1.45208220e-06  6.84496216e+02 
 7.84000000e-01  1.01145884e-03  1.48531485e-06  6.80972684e+02 
 7.85000000e-01  1.02917711e-03  1.51922324e-06  6.77436394e+02 
 7.86000000e-01  1.04709993e-03  1.55381883e-06  6.73888041e+02 
 7.87000000e-01  1.06522761e-03  1.58911325e-06  6.70328317e+02 
 7.88000000e-01  1.08356044e-03  1.62511824e-06  6.66757912e+02 
 7.89000000e-01  1.10209871e-03  1.66184572e-06  6.63177511e+02 
 7.90000000e-01  1.12084266e-03  1.69930776e-06  6.59587795e+02 
 7.91000000e-01  1.13979252e-03  1.73751657e-06  6.55989441e+02 
 7.92000000e-01  1.15894851e-03  1.77648452e-06  6.52383121e+02 
 7.93000000e-01  1.17831083e-03  1.81622414e-06  6.48769500e+02 
 7.94000000e-01  1.19787963e-03  1.85674811e-06  6.45149237e+02 
 7.95000000e-01  1.21765507e-03  1.89806928e-06  6.41522987e+02 
 7.96000000e-01  1.23763730e-03  1.94020065e-06  6.37891395e+02 
 7.97000000e-01  1.25782643e-03  1.98315539e-06  6.34255104e+02 
 7.98000000e-01  1.27822255e-03  2.02694683e-06  6.30614744e+02 
 7.99000000e-01  1.29882576e-03  2.07158845e-06  6.26970940e+02 
 8.00000000e-01  1.31963611e-03  2.11709391e-06  6.23324311e+02 
 8.01000000e-01  1.34065365e-03  2.16347705e-06  6.19675465e+02 
 8.02000000e-01  1.36189675e-03  2.21080518e-06  6.16018434e+02 
 8.03000000e-01  1.38332965e-03  2.25898897e-06  6.12366711e+02 
 8.04000000e-01  1.40496982e-03  2.30809308e-06  6.08714542e+02 
 8.05000000e-01  1.42681726e-03  2.35813201e-06  6.05062503e+02 
 8.06000000e-01  1.44887194e-03  2.40912048e-06  6.01411157e+02 
 8.07000000e-01  1.47113381e-03  2.46107336e-06  5.97761058e+02 
 8.08000000e-01  1.49360284e-03  2.51400568e-06  5.94112754e+02 
 8.09000000e-01  1.51627894e-03  2.56793268e-06  5.90466780e+02 
 8.10000000e-01  1.53916205e-03  2.62286977e-06  5.86823663e+02 
 8.11000000e-01  1.56225206e-03  2.67883254e-06  5.83183919e+02 
 8.12000000e-01  1.58554887e-03  2.73583676e-06  5.79548055e+02 
 8.13000000e-01  1.60905237e-03  2.79389840e-06  5.75916566e+02 
 8.14000000e-01  1.63276244e-03  2.85303362e-06  5.72289940e+02 
 8.15000000e-01  1.65667892e-03  2.91325874e-06  5.68668651e+02 
 8.16000000e-01  1.68080167e-03  2.97459031e-06  5.65053166e+02 
 8.17000000e-01  1.70513054e-03  3.03704505e-06  5.61443941e+02 
 8.18000000e-01  1.72966535e-03  3.10063989e-06  5.57841419e+02 
 8.19000000e-01  1.75440593e-03  3.16539193e-06  5.54246036e+02 
 8.20000000e-01  1.77935208e-03  3.23131850e-06  5.50658216e+02 
 8.21000000e-01  1.80450361e-03  3.29843712e-06  5.47078373e+02 
 8.22000000e-01  1.82986032e-03  3.36676550e-06  5.43506910e+02 
 8.23000000e-01  1.85542198e-03  3.43632157e-06  5.39944221e+02 
 8.24000000e-01  1.88118837e-03  3.50712346e-06  5.36390690e+02 
 8.25000000e-01  1.90715928e-03  3.57918951e-06  5.32846688e+02 
 8.26000000e-01  1.93333445e-03  3.65253826e-06  5.29312579e+02 
 8.27000000e-01  1.95971364e-03  3.72718847e-06  5.25788716e+02 
 8.28000000e-01  1.98629660e-03  3.80315912e-06  5.22275440e+02 
 8.29000000e-01  2.01308307e-03  3.88046939e-06  5.18773085e+02 
 8.30000000e-01  2.04007279e-03  3.95913869e-06  5.15281972e+02 
 8.31000000e-01  2.06726549e-03  4.03918665e-06  5.11802416e+02 
 8.32000000e-01  2.09466088e-03  4.12063312e-06  5.08334719e+02 
 8.33000000e-01  2.12225869e-03  4.20349816e-06  5.04879175e+02 
 8.34000000e-01  2.15005862e-03  4.28780208e-06  5.01436068e+02 
 8.35000000e-01  2.17806038e-03  4.37356540e-06  4.98005672e+02 
 8.36000000e-01  2.20626367e-03  4.46080887e-06  4.94588254e+02 
 8.37000000e-01  2.23466819e-03  4.54955349e-06  4.91184068e+02 
 8.38000000e-01  2.26327363e-03  4.63982048e-06  4.87793362e+02 
 8.39000000e-01  2.29207968e-03  4.73163130e-06  4.84416375e+02 
 8.40000000e-01  2.32108602e-03  4.82500765e-06  4.81053334e+02 
 8.41000000e-01  2.35029232e-03  4.91997147e-06  4.77704462e+02 
 8.42000000e-01  2.37969827e-03  5.01654494e-06  4.74369968e+02 
 8.43000000e-01  2.40930352e-03  5.11475050e-06  4.71050058e+02 
 8.44000000e-01  2.43910775e-03  5.21461083e-06  4.67744925e+02 
 8.45000000e-01  2.46911063e-03  5.31614886e-06  4.64454757e+02 
 8.46000000e-01  2.49931180e-03  5.41938776e-06  4.61179733e+02 
 8.47000000e-01  2.52971095e-03  5.52435098e-06  4.57920026e+02 
 8.48000000e-01  2.56030771e-03  5.63106221e-06  4.54675800e+02 
 8.49000000e-01  2.59110176e-03  5.73954539e-06  4.51447212e+02 
 8.50000000e-01  2.62209275e-03  5.84982474e-06  4.48234411e+02 
 8.51000000e-01  2.65328032e-03  5.96192474e-06  4.45037539e+02 
 8.52000000e-01  2.68466413e-03  6.07587014e-06  4.41856733e+02 
 8.53000000e-01  2.71624382e-03  6.19168594e-06  4.38692118e+02 
 8.54000000e-01  2.74801905e-03  6.30939745e-06  4.35543817e+02 
 8.55000000e-01  2.77998946e-03  6.42903023e-06  4.32411944e+02 
 8.56000000e-01  2.81215469e-03  6.55061011e-06  4.29296606e+02 
 8.57000000e-01  2.84451438e-03  6.67416321e-06  4.26197906e+02 
 8.58000000e-01  2.87706819e-03  6.79971595e-06  4.23115937e+02 
 8.59000000e-01  2.90981573e-03  6.92729502e-06  4.20050789e+02 
 8.60000000e-01  2.94275667e-03  7.05692739e-06  4.17002544e+02 
 8.61000000e-01  2.97589063e-03  7.18864033e-06  4.13971279e+02 
 8.62000000e-01  3.00921726e-03  7.32246142e-06  4.10957065e+02 
 8.63000000e-01  3.04273618e-03  7.45841852e-06  4.07959968e+02 
 8.64000000e-01  3.07644704e-03  7.59653978e-06  4.04980047e+02 
 8.65000000e-01  3.11034947e-03  7.73685369e-06  4.02017357e+02 
 8.66000000e-01  3.14444311e-03  7.87938901e-06  3.99071947e+02 
 8.67000000e-01  3.17872759e-03  8.02417482e-06  3.96143860e+02 
 8.68000000e-01  3.21320254e-03  8.17124052e-06  3.93233137e+02 
 8.69000000e-01  3.24786761e-03  8.32061583e-06  3.90339810e+02 
 8.70000000e-01  3.28272241e-03  8.47233078e-06  3.87463910e+02 
 8.71000000e-01  3.31776659e-03  8.62641571e-06  3.84605461e+02 
 8.72000000e-01  3.35299978e-03  8.78290132e-06  3.81764482e+02 
 8.73000000e-01  3.38842160e-03  8.94181861e-06  3.78940990e+02 
 8.74000000e-01  3.42403169e-03  9.10319893e-06  3.76134996e+02 
 8.75000000e-01  3.45989880e-03  9.26751326e-06  3.73336267e+02 
 8.76000000e-01  3.49588624e-03  9.43393209e-06  3.70565127e+02 
 8.77000000e-01  3.53206088e-03  9.60291060e-06  3.67811492e+02 
 8.78000000e-01  3.56842228e-03  9.77448118e-06  3.65075365e+02 
 8.79000000e-01  3.60497013e-03  9.94867721e-06  3.62356729e+02 
 8.80000000e-01  3.64170405e-03  1.01255321e-05  3.59655572e+02 
 8.81000000e-01  3.67862366e-03  1.03050797e-05  3.56971877e+02 
 8.82000000e-01  3.71572858e-03  1.04873542e-05  3.54305623e+02 
 8.83000000e-01  3.75301843e-03  1.06723902e-05  3.51656786e+02 
 8.84000000e-01  3.79049282e-03  1.08602224e-05  3.49025339e+02 
 8.85000000e-01  3.82815136e-03  1.10508864e-05  3.46411250e+02 
 8.86000000e-01  3.86599367e-03  1.12444177e-05  3.43814485e+02 
 8.87000000e-01  3.90401934e-03  1.14408524e-05  3.41235005e+02 
 8.88000000e-01  3.94222797e-03  1.16402272e-05  3.38672768e+02 
 8.89000000e-01  3.98061915e-03  1.18425788e-05  3.36127731e+02 
 8.90000000e-01  4.01919246e-03  1.20479447e-05  3.33599843e+02 
 8.91000000e-01  4.05794749e-03  1.22563626e-05  3.31089053e+02 
 8.92000000e-01  4.09688380e-03  1.24678707e-05  3.28595306e+02 
 8.93000000e-01  4.13600093e-03  1.26825077e-05  3.26118543e+02 
 8.94000000e-01  4.17529844e-03  1.29003127e-05  3.23658700e+02 
 8.95000000e-01  4.21477585e-03  1.31213253e-05  3.21215712e+02 
 8.96000000e-01  4.25443268e-03  1.33455856e-05  3.18789509e+02 
 8.97000000e-01  4.29426842e-03  1.35731342e-05  3.16380015e+02 
 8.98000000e-01  4.33428253e-03  1.38040123e-05  3.13987155e+02 
 8.99000000e-01  4.37447448e-03  1.40382614e-05  3.11610844e+02 
 9.00000000e-01  4.41484368e-03  1.42759239e-05  3.09250996e+02 
 9.01000000e-01  4.45538951e-03  1.45170425e-05  3.06907521e+02 
 9.02000000e-01  4.49611134e-03  1.47616607e-05  3.04580321e+02 
 9.03000000e-01  4.53700849e-03  1.50098225e-05  3.02269296e+02 
 9.04000000e-01  4.57808021e-03  1.52615729e-05  2.99974337e+02 
 9.05000000e-01  4.61932572e-03  1.55169572e-05  2.97695332e+02 
 9.06000000e-01  4.66074420e-03  1.57760217e-05  2.95432161e+02 
 9.07000000e-01  4.70233472e-03  1.60388136e-05  2.93184698e+02 
 9.08000000e-01  4.74409632e-03  1.63053807e-05  2.90952808e+02 
 9.09000000e-01  4.78602791e-03  1.65757721e-05  2.88736349e+02 
 9.10000000e-01  4.82812835e-03  1.68500375e-05  2.86535170e+02 
 9.11000000e-01  4.87039636e-03  1.71282279e-05  2.84349110e+02 
 9.12000000e-01  4.91283056e-03  1.74103957e-05  2.82177996e+02 
 9.13000000e-01  4.95542941e-03  1.76965941e-05  2.80021646e+02 
 9.14000000e-01  4.99819124e-03  1.79868782e-05  2.77879863e+02 
 9.15000000e-01  5.04111420e-03  1.82813042e-05  2.75752438e+02 
 9.16000000e-01  5.08419623e-03  1.85799302e-05  2.73639146e+02 
 9.17000000e-01  5.12743508e-03  1.88828161e-05  2.71539745e+02 
 9.18000000e-01  5.17082824e-03  1.91900239e-05  2.69453976e+02 
 9.19000000e-01  5.21437293e-03  1.95016176e-05  2.67381560e+02 
 9.20000000e-01  5.25806607e-03  1.98176639e-05  2.65322195e+02 
 9.21000000e-01  5.30190426e-03  2.01382319e-05  2.63275559e+02 
 9.22000000e-01  5.34588371e-03  2.04633940e-05  2.61241303e+02 
 9.23000000e-01  5.39000023e-03  2.07932257e-05  2.59219051e+02 
 9.24000000e-01  5.43424919e-03  2.11278059e-05  2.57208401e+02 
 9.25000000e-01  5.47862545e-03  2.14672178e-05  2.55208919e+02 
 9.26000000e-01  5.52312336e-03  2.18115486e-05  2.53220139e+02 
 9.27000000e-01  5.56773668e-03  2.21608903e-05  2.51241562e+02 
 9.28000000e-01  5.61245857e-03  2.25153400e-05  2.49272655e+02 
 9.29000000e-01  5.65728151e-03  2.28750002e-05  2.47312851e+02 
 9.30000000e-01  5.70219732e-03  2.32399795e-05  2.45361547e+02 
 9.31000000e-01  5.74719708e-03  2.36103927e-05  2.43418106e+02 
 9.32000000e-01  5.79227113e-03  2.39863612e-05  2.41481860e+02 
 9.33000000e-01  5.83740907e-03  2.43680135e-05  2.39552111e+02 
 9.34000000e-01  5.88259976e-03  2.47554853e-05  2.37628133e+02 
 9.35000000e-01  5.92783131e-03  2.51489199e-05  2.35709181e+02 
 9.36000000e-01  5.97309118e-03  2.55484679e-05  2.33794497e+02 
 9.37000000e-01  6.01836621e-03  2.59542875e-05  2.31883314e+02 
 9.38000000e-01  6.06364266e-03  2.63665444e-05  2.29974872e+02 
 9.39000000e-01  6.10890642e-03  2.67854111e-05  2.28068421e+02 
 9.40000000e-01  6.15414304e-03  2.72110667e-05  2.26163241e+02 
 9.41000000e-01  6.19933794e-03  2.76436963e-05  2.24258647e+02 
 9.42000000e-01  6.24447655e-03  2.80834900e-05  2.22354007e+02 
 9.43000000e-01  6.28954451e-03  2.85306423e-05  2.20448753e+02 
 9.44000000e-01  6.33452783e-03  2.89853506e-05  2.18542391e+02 
 9.45000000e-01  6.37941312e-03  2.94478148e-05  2.16634516e+02 
 9.46000000e-01  6.42418771e-03  2.99182357e-05  2.14724818e+02 
 9.47000000e-01  6.46883985e-03  3.03968139e-05  2.12813089e+02 
 9.48000000e-01  6.51335885e-03  3.08837490e-05  2.10899229e+02 
 9.49000000e-01  6.55773519e-03  3.13792386e-05  2.08983247e+02 
 9.50000000e-01  6.60196062e-03  3.18834773e-05  2.07065263e+02 
 9.51000000e-01  6.64602822e-03  3.23966561e-05  2.05145500e+02 
 9.52000000e-01  6.68993240e-03  3.29189615e-05  2.03224285e+02 
 9.53000000e-01  6.73366895e-03  3.34505757e-05  2.01302035e+02 
 9.54000000e-01  6.77723496e-03  3.39916759e-05  1.99379253e+02 
 9.55000000e-01  6.82062884e-03  3.45424341e-05  1.97456520e+02 
 9.56000000e-01  6.86385017e-03  3.51030175e-05  1.95534477e+02 
 9.57000000e-01  6.90689969e-03  3.56735881e-05  1.93613821e+02 
 9.58000000e-01  6.94977916e-03  3.62543031e-05  1.91695290e+02 
 9.59000000e-01  6.99249130e-03  3.68453155e-05  1.89779656e+02 
 9.60000000e-01  7.03503965e-03  3.74467738e-05  1.87867710e+02 
 9.61000000e-01  7.07742850e-03  3.80588226e-05  1.85960259e+02 
 9.62000000e-01  7.11966278e-03  3.86816032e-05  1.84058110e+02 
 9.63000000e-01  7.16174795e-03  3.93152536e-05  1.82162069e+02 
 9.64000000e-01  7.20368994e-03  3.99599089e-05  1.80272932e+02 
 9.65000000e-01  7.24549504e-03  4.06157020e-05  1.78391476e+02 
 9.66000000e-01  7.28716985e-03  4.12827635e-05  1.76518460e+02 
 9.67000000e-01  7.32872119e-03  4.19612224e-05  1.74654616e+02 
 9.68000000e-01  7.37015602e-03  4.26512061e-05  1.72800647e+02 
 9.69000000e-01  7.41148144e-03  4.33528407e-05  1.70957227e+02 
 9.70000000e-01  7.45270461e-03  4.40662515e-05  1.69124996e+02 
 9.71000000e-01  7.49383269e-03  4.47915631e-05  1.67304559e+02 
 9.72000000e-01  7.53487283e-03  4.55288993e-05  1.65496485e+02 
 9.73000000e-01  7.57583212e-03  4.62783839e-05  1.63701311e+02 
 9.74000000e-01  7.61656092e-03  4.70356985e-05  1.61931494e+02 
 9.75000000e-01  7.65737947e-03  4.78097695e-05  1.60163489e+02 
 9.76000000e-01  7.69813744e-03  4.85963443e-05  1.58409805e+02 
 9.77000000e-01  7.73884246e-03  4.93955743e-05  1.56670766e+02 
 9.78000000e-01  7.77950047e-03  5.02075666e-05  1.54946774e+02 
 9.79000000e-01  7.82011787e-03  5.10324454e-05  1.53238157e+02 
 9.80000000e-01  7.86070087e-03  5.18703352e-05  1.51545211e+02 
 9.81000000e-01  7.90125552e-03  5.27213611e-05  1.49868201e+02 
 9.82000000e-01  7.94178770e-03  5.35856487e-05  1.48207363e+02 
 9.83000000e-01  7.98230313e-03  5.44633242e-05  1.46562907e+02 
 9.84000000e-01  8.02280733e-03  5.53545143e-05  1.44935014e+02 
 9.85000000e-01  8.06330567e-03  5.62593466e-05  1.43323841e+02 
 9.86000000e-01  8.10380333e-03  5.71779491e-05  1.41729521e+02 
 9.87000000e-01  8.14430533e-03  5.81104506e-05  1.40152163e+02 
 9.88000000e-01  8.18481650e-03  5.90569805e-05  1.38591855e+02 
 9.89000000e-01  8.22534151e-03  6.00176691e-05  1.37048666e+02 
 9.90000000e-01  8.26588488e-03  6.09926472e-05  1.35522645e+02 
 9.91000000e-01  8.30662181e-03  6.19883198e-05  1.34003016e+02 
 9.92000000e-01  8.34721656e-03  6.29924206e-05  1.32511443e+02 
 9.93000000e-01  8.38784262e-03  6.40112238e-05  1.31037061e+02 
 9.94000000e-01  8.42850327e-03  6.50448420e-05  1.29579887e+02 
 9.95000000e-01  8.46920255e-03  6.60934205e-05  1.28139874e+02 
 9.96000000e-01  8.50994403e-03  6.71570949e-05  1.26716977e+02 
 9.97000000e-01  8.55073116e-03  6.82360014e-05  1.25311140e+02 
 9.98000000e-01  8.59156724e-03  6.93302770e-05  1.23922298e+02 
 9.99000000e-01  8.63245545e-03  7.04400594e-05  1.22550372e+02 
 1.00000000e+00  8.67339882e-03  7.15654871e-05  1.21195274e+02 
