 v-sweep         ic             
 0.00000000e+00 -1.61176775e-05 
 1.00000000e-02  1.06896770e-05 
 2.00000000e-02  3.79724883e-05 
 3.00000000e-02  6.53036109e-05 
 4.00000000e-02  9.22617060e-05 
 5.00000000e-02  1.18441116e-04 
 6.00000000e-02  1.43461653e-04 
 7.00000000e-02  1.66979488e-04 
 8.00000000e-02  1.88699689e-04 
 9.00000000e-02  2.08390070e-04 
 1.00000000e-01  2.25894697e-04 
 1.10000000e-01  2.41144221e-04 
 1.20000000e-01  2.54159626e-04 
 1.30000000e-01  2.65046754e-04 
 1.40000000e-01  2.73981225e-04 
 1.50000000e-01  2.81186254e-04 
 1.60000000e-01  2.86907846e-04 
 1.70000000e-01  2.91392647e-04 
 1.80000000e-01  2.94870527e-04 
 1.90000000e-01  2.97544680e-04 
 2.00000000e-01  2.99587261e-04 
 2.10000000e-01  3.01139490e-04 
 2.20000000e-01  3.02314394e-04 
 2.30000000e-01  3.03200778e-04 
 2.40000000e-01  3.03867465e-04 
 2.50000000e-01  3.04367266e-04 
 2.60000000e-01  3.04740423e-04 
 2.70000000e-01  3.05017456e-04 
 2.80000000e-01  3.05221446e-04 
 2.90000000e-01  3.05369821e-04 
 3.00000000e-01  3.05475737e-04 
 3.10000000e-01  3.05549131e-04 
 3.20000000e-01  3.05597518e-04 
 3.30000000e-01  3.05626592e-04 
 3.40000000e-01  3.05640681e-04 
 3.50000000e-01  3.05643083e-04 
 3.60000000e-01  3.05636317e-04 
 3.70000000e-01  3.05622321e-04 
 3.80000000e-01  3.05602586e-04 
 3.90000000e-01  3.05578268e-04 
 4.00000000e-01  3.05550266e-04 
 4.10000000e-01  3.05519282e-04 
 4.20000000e-01  3.05485868e-04 
 4.30000000e-01  3.05450460e-04 
 4.40000000e-01  3.05413403e-04 
 4.50000000e-01  3.05374975e-04 
 4.60000000e-01  3.05335396e-04 
 4.70000000e-01  3.05294843e-04 
 4.80000000e-01  3.05253462e-04 
 4.90000000e-01  3.05211374e-04 
 5.00000000e-01  3.05168695e-04 
 5.10000000e-01  3.05125518e-04 
 5.20000000e-01  3.05081923e-04 
 5.30000000e-01  3.05037974e-04 
 5.40000000e-01  3.04993725e-04 
 5.50000000e-01  3.04949221e-04 
 5.60000000e-01  3.04904499e-04 
 5.70000000e-01  3.04859592e-04 
 5.80000000e-01  3.04814526e-04 
 5.90000000e-01  3.04769324e-04 
 6.00000000e-01  3.04724004e-04 
 6.10000000e-01  3.04678584e-04 
 6.20000000e-01  3.04633077e-04 
 6.30000000e-01  3.04587495e-04 
 6.40000000e-01  3.04541850e-04 
 6.50000000e-01  3.04496149e-04 
 6.60000000e-01  3.04450400e-04 
 6.70000000e-01  3.04404612e-04 
 6.80000000e-01  3.04358788e-04 
 6.90000000e-01  3.04312934e-04 
 7.00000000e-01  3.04267056e-04 
 7.10000000e-01  3.04221156e-04 
 7.20000000e-01  3.04175239e-04 
 7.30000000e-01  3.04129308e-04 
 7.40000000e-01  3.04083366e-04 
 7.50000000e-01  3.04037415e-04 
 7.60000000e-01  3.03991459e-04 
 7.70000000e-01  3.03945500e-04 
 7.80000000e-01  3.03899542e-04 
 7.90000000e-01  3.03853588e-04 
 8.00000000e-01  3.03807644e-04 
 8.10000000e-01  3.03761715e-04 
 8.20000000e-01  3.03715808e-04 
 8.30000000e-01  3.03669933e-04 
 8.40000000e-01  3.03624102e-04 
 8.50000000e-01  3.03578331e-04 
 8.60000000e-01  3.03532640e-04 
 8.70000000e-01  3.03487055e-04 
 8.80000000e-01  3.03441609e-04 
 8.90000000e-01  3.03396342e-04 
 9.00000000e-01  3.03351306e-04 
 9.10000000e-01  3.03306562e-04 
 9.20000000e-01  3.03262187e-04 
 9.30000000e-01  3.03218274e-04 
 9.40000000e-01  3.03174933e-04 
 9.50000000e-01  3.03132297e-04 
 9.60000000e-01  3.03090522e-04 
 9.70000000e-01  3.03049794e-04 
 9.80000000e-01  3.03010326e-04 
 9.90000000e-01  3.02972370e-04 
 1.00000000e+00  3.02936215e-04 
 1.01000000e+00  3.02902192e-04 
 1.02000000e+00  3.02870680e-04 
 1.03000000e+00  3.02842109e-04 
 1.04000000e+00  3.02816965e-04 
 1.05000000e+00  3.02795797e-04 
 1.06000000e+00  3.02779217e-04 
 1.07000000e+00  3.02767910e-04 
 1.08000000e+00  3.02762635e-04 
 1.09000000e+00  3.02764235e-04 
 1.10000000e+00  3.02773638e-04 
 1.11000000e+00  3.02791864e-04 
 1.12000000e+00  3.02820030e-04 
 1.13000000e+00  3.02859356e-04 
 1.14000000e+00  3.02911170e-04 
 1.15000000e+00  3.02976913e-04 
 1.16000000e+00  3.03058146e-04 
 1.17000000e+00  3.03156554e-04 
 1.18000000e+00  3.03273951e-04 
 1.19000000e+00  3.03412286e-04 
 1.20000000e+00  3.03573651e-04 
 1.21000000e+00  3.03760283e-04 
 1.22000000e+00  3.03975280e-04 
 1.23000000e+00  3.04219798e-04 
 1.24000000e+00  3.04497232e-04 
 1.25000000e+00  3.04810463e-04 
 1.26000000e+00  3.05162546e-04 
 1.27000000e+00  3.05556724e-04 
 1.28000000e+00  3.05996425e-04 
 1.29000000e+00  3.06485279e-04 
 1.30000000e+00  3.07027119e-04 
 1.31000000e+00  3.07625992e-04 
 1.32000000e+00  3.08286170e-04 
 1.33000000e+00  3.09012157e-04 
 1.34000000e+00  3.09808702e-04 
 1.35000000e+00  3.10680810e-04 
 1.36000000e+00  3.11633756e-04 
 1.37000000e+00  3.12673095e-04 
 1.38000000e+00  3.13804682e-04 
 1.39000000e+00  3.15034688e-04 
 1.40000000e+00  3.16369615e-04 
 1.41000000e+00  3.17816316e-04 
 1.42000000e+00  3.19382022e-04 
 1.43000000e+00  3.21074356e-04 
 1.44000000e+00  3.22901366e-04 
 1.45000000e+00  3.24871545e-04 
 1.46000000e+00  3.26993865e-04 
 1.47000000e+00  3.29277804e-04 
 1.48000000e+00  3.31733380e-04 
 1.49000000e+00  3.34371182e-04 
 1.50000000e+00  3.37202411e-04 
 1.51000000e+00  3.40238914e-04 
 1.52000000e+00  3.43493222e-04 
 1.53000000e+00  3.46978590e-04 
 1.54000000e+00  3.50709040e-04 
 1.55000000e+00  3.54699394e-04 
 1.56000000e+00  3.58965317e-04 
 1.57000000e+00  3.63523356e-04 
 1.58000000e+00  3.68390966e-04 
 1.59000000e+00  3.73586548e-04 
 1.60000000e+00  3.79129466e-04 
 0.00000000e+00 -2.42756084e-05 
 1.00000000e-02  1.45888649e-05 
 2.00000000e-02  5.39772824e-05 
 3.00000000e-02  9.35588820e-05 
 4.00000000e-02  1.33013886e-04 
 5.00000000e-02  1.72033246e-04 
 6.00000000e-02  2.10318067e-04 
 7.00000000e-02  2.47579186e-04 
 8.00000000e-02  2.83537267e-04 
 9.00000000e-02  3.17923803e-04 
 1.00000000e-01  3.50483417e-04 
 1.10000000e-01  3.80977959e-04 
 1.20000000e-01  4.09192862e-04 
 1.30000000e-01  4.34946083e-04 
 1.40000000e-01  4.58099480e-04 
 1.50000000e-01  4.78571580e-04 
 1.60000000e-01  4.96349502e-04 
 1.70000000e-01  5.11496738e-04 
 1.80000000e-01  5.24153386e-04 
 1.90000000e-01  5.34526834e-04 
 2.00000000e-01  5.42873660e-04 
 2.10000000e-01  5.49476372e-04 
 2.20000000e-01  5.54620020e-04 
 2.30000000e-01  5.58573039e-04 
 2.40000000e-01  5.61574637e-04 
 2.50000000e-01  5.63828342e-04 
 2.60000000e-01  5.65503199e-04 
 2.70000000e-01  5.66733484e-04 
 2.80000000e-01  5.67625148e-04 
 2.90000000e-01  5.68260209e-04 
 3.00000000e-01  5.68701451e-04 
 3.10000000e-01  5.68996553e-04 
 3.20000000e-01  5.69181521e-04 
 3.30000000e-01  5.69283451e-04 
 3.40000000e-01  5.69322690e-04 
 3.50000000e-01  5.69314500e-04 
 3.60000000e-01  5.69270336e-04 
 3.70000000e-01  5.69198795e-04 
 3.80000000e-01  5.69106344e-04 
 3.90000000e-01  5.68997857e-04 
 4.00000000e-01  5.68877014e-04 
 4.10000000e-01  5.68746605e-04 
 4.20000000e-01  5.68608751e-04 
 4.30000000e-01  5.68465070e-04 
 4.40000000e-01  5.68316803e-04 
 4.50000000e-01  5.68164905e-04 
 4.60000000e-01  5.68010113e-04 
 4.70000000e-01  5.67853001e-04 
 4.80000000e-01  5.67694018e-04 
 4.90000000e-01  5.67533514e-04 
 5.00000000e-01  5.67371768e-04 
 5.10000000e-01  5.67208998e-04 
 5.20000000e-01  5.67045381e-04 
 5.30000000e-01  5.66881057e-04 
 5.40000000e-01  5.66716139e-04 
 5.50000000e-01  5.66550720e-04 
 5.60000000e-01  5.66384900e-04 
 5.70000000e-01  5.66218768e-04 
 5.80000000e-01  5.66052399e-04 
 5.90000000e-01  5.65885852e-04 
 6.00000000e-01  5.65719177e-04 
 6.10000000e-01  5.65553604e-04 
 6.20000000e-01  5.65386836e-04 
 6.30000000e-01  5.65220050e-04 
 6.40000000e-01  5.65053269e-04 
 6.50000000e-01  5.64886515e-04 
 6.60000000e-01  5.64719807e-04 
 6.70000000e-01  5.64553160e-04 
 6.80000000e-01  5.64386587e-04 
 6.90000000e-01  5.64220102e-04 
 7.00000000e-01  5.64053713e-04 
 7.10000000e-01  5.63887429e-04 
 7.20000000e-01  5.63721259e-04 
 7.30000000e-01  5.63555209e-04 
 7.40000000e-01  5.63389284e-04 
 7.50000000e-01  5.63223491e-04 
 7.60000000e-01  5.63057833e-04 
 7.70000000e-01  5.62892316e-04 
 7.80000000e-01  5.62726942e-04 
 7.90000000e-01  5.62561716e-04 
 8.00000000e-01  5.62396640e-04 
 8.10000000e-01  5.62231717e-04 
 8.20000000e-01  5.62066951e-04 
 8.30000000e-01  5.61902346e-04 
 8.40000000e-01  5.61737905e-04 
 8.50000000e-01  5.61573633e-04 
 8.60000000e-01  5.61409537e-04 
 8.70000000e-01  5.61245623e-04 
 8.80000000e-01  5.61081903e-04 
 8.90000000e-01  5.60918390e-04 
 9.00000000e-01  5.60755102e-04 
 9.10000000e-01  5.60592061e-04 
 9.20000000e-01  5.60429299e-04 
 9.30000000e-01  5.60266852e-04 
 9.40000000e-01  5.60104771e-04 
 9.50000000e-01  5.59943117e-04 
 9.60000000e-01  5.59781967e-04 
 9.70000000e-01  5.59621416e-04 
 9.80000000e-01  5.59461580e-04 
 9.90000000e-01  5.59302603e-04 
 1.00000000e+00  5.59144654e-04 
 1.01000000e+00  5.58987938e-04 
 1.02000000e+00  5.58832698e-04 
 1.03000000e+00  5.58679221e-04 
 1.04000000e+00  5.58527841e-04 
 1.05000000e+00  5.58378948e-04 
 1.06000000e+00  5.58232995e-04 
 1.07000000e+00  5.58090499e-04 
 1.08000000e+00  5.57952054e-04 
 1.09000000e+00  5.57818335e-04 
 1.10000000e+00  5.57690106e-04 
 1.11000000e+00  5.57568228e-04 
 1.12000000e+00  5.57453664e-04 
 1.13000000e+00  5.57347494e-04 
 1.14000000e+00  5.57250913e-04 
 1.15000000e+00  5.57165248e-04 
 1.16000000e+00  5.57091961e-04 
 1.17000000e+00  5.57032660e-04 
 1.18000000e+00  5.56989104e-04 
 1.19000000e+00  5.56963215e-04 
 1.20000000e+00  5.56957081e-04 
 1.21000000e+00  5.56972970e-04 
 1.22000000e+00  5.57013331e-04 
 1.23000000e+00  5.57080808e-04 
 1.24000000e+00  5.57178240e-04 
 1.25000000e+00  5.57308676e-04 
 1.26000000e+00  5.57475375e-04 
 1.27000000e+00  5.57681818e-04 
 1.28000000e+00  5.57931710e-04 
 1.29000000e+00  5.58228988e-04 
 1.30000000e+00  5.58577830e-04 
 1.31000000e+00  5.58982654e-04 
 1.32000000e+00  5.59448131e-04 
 1.33000000e+00  5.59979187e-04 
 1.34000000e+00  5.60581008e-04 
 1.35000000e+00  5.61259047e-04 
 1.36000000e+00  5.62019031e-04 
 1.37000000e+00  5.62866962e-04 
 1.38000000e+00  5.63809130e-04 
 1.39000000e+00  5.64852111e-04 
 1.40000000e+00  5.66002780e-04 
 1.41000000e+00  5.67268314e-04 
 1.42000000e+00  5.68656200e-04 
 1.43000000e+00  5.70174244e-04 
 1.44000000e+00  5.71830574e-04 
 1.45000000e+00  5.73633654e-04 
 1.46000000e+00  5.75592288e-04 
 1.47000000e+00  5.77715633e-04 
 1.48000000e+00  5.80013206e-04 
 1.49000000e+00  5.82494893e-04 
 1.50000000e+00  5.85170962e-04 
 1.51000000e+00  5.88052070e-04 
 1.52000000e+00  5.91149277e-04 
 1.53000000e+00  5.94474051e-04 
 1.54000000e+00  5.98038284e-04 
 1.55000000e+00  6.01854294e-04 
 1.56000000e+00  6.05934841e-04 
 1.57000000e+00  6.10293126e-04 
 1.58000000e+00  6.14942803e-04 
 1.59000000e+00  6.19897979e-04 
 1.60000000e+00  6.25170173e-04 
 0.00000000e+00 -2.94046206e-05 
 1.00000000e-02  1.65486944e-05 
 2.00000000e-02  6.29685831e-05 
 3.00000000e-02  1.09595702e-04 
 4.00000000e-02  1.56182598e-04 
 5.00000000e-02  2.02492192e-04 
 6.00000000e-02  2.48296332e-04 
 7.00000000e-02  2.93374475e-04 
 8.00000000e-02  3.37512593e-04 
 9.00000000e-02  3.80502327e-04 
 1.00000000e-01  4.22140401e-04 
 1.10000000e-01  4.62228325e-04 
 1.20000000e-01  5.00572456e-04 
 1.30000000e-01  5.36984572e-04 
 1.40000000e-01  5.71283239e-04 
 1.50000000e-01  6.03296428e-04 
 1.60000000e-01  6.32865929e-04 
 1.70000000e-01  6.59854142e-04 
 1.80000000e-01  6.84153574e-04 
 1.90000000e-01  7.05698649e-04 
 2.00000000e-01  7.24478360e-04 
 2.10000000e-01  7.40546968e-04 
 2.20000000e-01  7.54029172e-04 
 2.30000000e-01  7.65116682e-04 
 2.40000000e-01  7.74055286e-04 
 2.50000000e-01  7.81124584e-04 
 2.60000000e-01  7.86614902e-04 
 2.70000000e-01  7.90806364e-04 
 2.80000000e-01  7.93953565e-04 
 2.90000000e-01  7.96276978e-04 
 3.00000000e-01  7.97960327e-04 
 3.10000000e-01  7.99152174e-04 
 3.20000000e-01  7.99969902e-04 
 3.30000000e-01  8.00503432e-04 
 3.40000000e-01  8.00825094e-04 
 3.50000000e-01  8.00986675e-04 
 3.60000000e-01  8.01028176e-04 
 3.70000000e-01  8.00979649e-04 
 3.80000000e-01  8.00863593e-04 
 3.90000000e-01  8.00696827e-04 
 4.00000000e-01  8.00491917e-04 
 4.10000000e-01  8.00258256e-04 
 4.20000000e-01  8.00002871e-04 
 4.30000000e-01  7.99732645e-04 
 4.40000000e-01  7.99448378e-04 
 4.50000000e-01  7.99154585e-04 
 4.60000000e-01  7.98853511e-04 
 4.70000000e-01  7.98546857e-04 
 4.80000000e-01  7.98235916e-04 
 4.90000000e-01  7.97921675e-04 
 5.00000000e-01  7.97604890e-04 
 5.10000000e-01  7.97286144e-04 
 5.20000000e-01  7.96965886e-04 
 5.30000000e-01  7.96644467e-04 
 5.40000000e-01  7.96322159e-04 
 5.50000000e-01  7.95999178e-04 
 5.60000000e-01  7.95675692e-04 
 5.70000000e-01  7.95351836e-04 
 5.80000000e-01  7.95027717e-04 
 5.90000000e-01  7.94703418e-04 
 6.00000000e-01  7.94379015e-04 
 6.10000000e-01  7.94054593e-04 
 6.20000000e-01  7.93730235e-04 
 6.30000000e-01  7.93406006e-04 
 6.40000000e-01  7.93081961e-04 
 6.50000000e-01  7.92758146e-04 
 6.60000000e-01  7.92434596e-04 
 6.70000000e-01  7.92111344e-04 
 6.80000000e-01  7.91788416e-04 
 6.90000000e-01  7.91465834e-04 
 7.00000000e-01  7.91143616e-04 
 7.10000000e-01  7.90821780e-04 
 7.20000000e-01  7.90500339e-04 
 7.30000000e-01  7.90179305e-04 
 7.40000000e-01  7.89858687e-04 
 7.50000000e-01  7.89538496e-04 
 7.60000000e-01  7.89218737e-04 
 7.70000000e-01  7.88899418e-04 
 7.80000000e-01  7.88580544e-04 
 7.90000000e-01  7.88262120e-04 
 8.00000000e-01  7.87944151e-04 
 8.10000000e-01  7.87626640e-04 
 8.20000000e-01  7.87309590e-04 
 8.30000000e-01  7.86993005e-04 
 8.40000000e-01  7.86676886e-04 
 8.50000000e-01  7.86361237e-04 
 8.60000000e-01  7.86046060e-04 
 8.70000000e-01  7.85731357e-04 
 8.80000000e-01  7.85417133e-04 
 8.90000000e-01  7.85103390e-04 
 9.00000000e-01  7.84790133e-04 
 9.10000000e-01  7.84477370e-04 
 9.20000000e-01  7.84165110e-04 
 9.30000000e-01  7.83853364e-04 
 9.40000000e-01  7.83542151e-04 
 9.50000000e-01  7.83231491e-04 
 9.60000000e-01  7.82921415e-04 
 9.70000000e-01  7.82611960e-04 
 9.80000000e-01  7.82303177e-04 
 9.90000000e-01  7.81995129e-04 
 1.00000000e+00  7.81687896e-04 
 1.01000000e+00  7.81381579e-04 
 1.02000000e+00  7.81076301e-04 
 1.03000000e+00  7.80772215e-04 
 1.04000000e+00  7.80469505e-04 
 1.05000000e+00  7.80168396e-04 
 1.06000000e+00  7.79869153e-04 
 1.07000000e+00  7.79572093e-04 
 1.08000000e+00  7.79277590e-04 
 1.09000000e+00  7.78986081e-04 
 1.10000000e+00  7.78698073e-04 
 1.11000000e+00  7.78414155e-04 
 1.12000000e+00  7.78135000e-04 
 1.13000000e+00  7.77861379e-04 
 1.14000000e+00  7.77594170e-04 
 1.15000000e+00  7.77334364e-04 
 1.16000000e+00  7.77083075e-04 
 1.17000000e+00  7.76841553e-04 
 1.18000000e+00  7.76611193e-04 
 1.19000000e+00  7.76393540e-04 
 1.20000000e+00  7.76190307e-04 
 1.21000000e+00  7.76003380e-04 
 1.22000000e+00  7.75834827e-04 
 1.23000000e+00  7.75686912e-04 
 1.24000000e+00  7.75562100e-04 
 1.25000000e+00  7.75463072e-04 
 1.26000000e+00  7.75392727e-04 
 1.27000000e+00  7.75354197e-04 
 1.28000000e+00  7.75350851e-04 
 1.29000000e+00  7.75386304e-04 
 1.30000000e+00  7.75464427e-04 
 1.31000000e+00  7.75589350e-04 
 1.32000000e+00  7.75765470e-04 
 1.33000000e+00  7.75997457e-04 
 1.34000000e+00  7.76290262e-04 
 1.35000000e+00  7.76649115e-04 
 1.36000000e+00  7.77079536e-04 
 1.37000000e+00  7.77587336e-04 
 1.38000000e+00  7.78178619e-04 
 1.39000000e+00  7.78859788e-04 
 1.40000000e+00  7.79637546e-04 
 1.41000000e+00  7.80518897e-04 
 1.42000000e+00  7.81511148e-04 
 1.43000000e+00  7.82621912e-04 
 1.44000000e+00  7.83859107e-04 
 1.45000000e+00  7.85230961e-04 
 1.46000000e+00  7.86746006e-04 
 1.47000000e+00  7.88413083e-04 
 1.48000000e+00  7.90236450e-04 
 1.49000000e+00  7.92235102e-04 
 1.50000000e+00  7.94414166e-04 
 1.51000000e+00  7.96783698e-04 
 1.52000000e+00  7.99354089e-04 
 1.53000000e+00  8.02136035e-04 
 1.54000000e+00  8.05140538e-04 
 1.55000000e+00  8.08378906e-04 
 1.56000000e+00  8.11862753e-04 
 1.57000000e+00  8.15603997e-04 
 1.58000000e+00  8.19614854e-04 
 1.59000000e+00  8.23907836e-04 
 1.60000000e+00  8.28495748e-04 
 0.00000000e+00 -3.31023474e-05 
 1.00000000e-02  1.76925475e-05 
 2.00000000e-02  6.88880359e-05 
 3.00000000e-02  1.20272037e-04 
 4.00000000e-02  1.71643152e-04 
 5.00000000e-02  2.22809078e-04 
 6.00000000e-02  2.73585258e-04 
 7.00000000e-02  3.23793707e-04 
 8.00000000e-02  3.73262092e-04 
 9.00000000e-02  4.21823032e-04 
 1.00000000e-01  4.69313579e-04 
 1.10000000e-01  5.15574847e-04 
 1.20000000e-01  5.60451702e-04 
 1.30000000e-01  6.03792480e-04 
 1.40000000e-01  6.45448662e-04 
 1.50000000e-01  6.85274544e-04 
 1.60000000e-01  7.23126972e-04 
 1.70000000e-01  7.58865399e-04 
 1.80000000e-01  7.92352637e-04 
 1.90000000e-01  8.23456897e-04 
 2.00000000e-01  8.52055802e-04 
 2.10000000e-01  8.78043034e-04 
 2.20000000e-01  9.01337923e-04 
 2.30000000e-01  9.21897553e-04 
 2.40000000e-01  9.39729716e-04 
 2.50000000e-01  9.54903777e-04 
 2.60000000e-01  9.67555782e-04 
 2.70000000e-01  9.77884789e-04 
 2.80000000e-01  9.86139781e-04 
 2.90000000e-01  9.92599535e-04 
 3.00000000e-01  9.97550141e-04 
 3.10000000e-01  1.00126503e-03 
 3.20000000e-01  1.00399073e-03 
 3.30000000e-01  1.00593931e-03 
 3.40000000e-01  1.00728641e-03 
 3.50000000e-01  1.00817337e-03 
 3.60000000e-01  1.00871136e-03 
 3.70000000e-01  1.00898636e-03 
 3.80000000e-01  1.00906404e-03 
 3.90000000e-01  1.00899410e-03 
 4.00000000e-01  1.00881392e-03 
 4.10000000e-01  1.00855148e-03 
 4.20000000e-01  1.00822767e-03 
 4.30000000e-01  1.00785807e-03 
 4.40000000e-01  1.00745428e-03 
 4.50000000e-01  1.00702494e-03 
 4.60000000e-01  1.00657650e-03 
 4.70000000e-01  1.00611379e-03 
 4.80000000e-01  1.00564039e-03 
 4.90000000e-01  1.00515902e-03 
 5.00000000e-01  1.00467170e-03 
 5.10000000e-01  1.00417996e-03 
 5.20000000e-01  1.00368496e-03 
 5.30000000e-01  1.00318759e-03 
 5.40000000e-01  1.00268850e-03 
 5.50000000e-01  1.00218823e-03 
 5.60000000e-01  1.00168715e-03 
 5.70000000e-01  1.00118557e-03 
 5.80000000e-01  1.00068373e-03 
 5.90000000e-01  1.00018182e-03 
 6.00000000e-01  9.99679968e-04 
 6.10000000e-01  9.99178297e-04 
 6.20000000e-01  9.98676893e-04 
 6.30000000e-01  9.98175826e-04 
 6.40000000e-01  9.97675154e-04 
 6.50000000e-01  9.97174952e-04 
 6.60000000e-01  9.96675299e-04 
 6.70000000e-01  9.96176259e-04 
 6.80000000e-01  9.95677883e-04 
 6.90000000e-01  9.95180215e-04 
 7.00000000e-01  9.94683288e-04 
 7.10000000e-01  9.94187132e-04 
 7.20000000e-01  9.93691771e-04 
 7.30000000e-01  9.93197225e-04 
 7.40000000e-01  9.92703510e-04 
 7.50000000e-01  9.92210640e-04 
 7.60000000e-01  9.91718628e-04 
 7.70000000e-01  9.91227483e-04 
 7.80000000e-01  9.90737214e-04 
 7.90000000e-01  9.90247827e-04 
 8.00000000e-01  9.89759328e-04 
 8.10000000e-01  9.89271722e-04 
 8.20000000e-01  9.88785013e-04 
 8.30000000e-01  9.88299204e-04 
 8.40000000e-01  9.87814297e-04 
 8.50000000e-01  9.87330295e-04 
 8.60000000e-01  9.86847199e-04 
 8.70000000e-01  9.86365010e-04 
 8.80000000e-01  9.85883730e-04 
 8.90000000e-01  9.85403359e-04 
 9.00000000e-01  9.84923897e-04 
 9.10000000e-01  9.84445347e-04 
 9.20000000e-01  9.83967710e-04 
 9.30000000e-01  9.83490989e-04 
 9.40000000e-01  9.83015186e-04 
 9.50000000e-01  9.82540309e-04 
 9.60000000e-01  9.82066366e-04 
 9.70000000e-01  9.81593368e-04 
 9.80000000e-01  9.81121334e-04 
 9.90000000e-01  9.80650286e-04 
 1.00000000e+00  9.80180256e-04 
 1.01000000e+00  9.79711287e-04 
 1.02000000e+00  9.79243433e-04 
 1.03000000e+00  9.78776764e-04 
 1.04000000e+00  9.78311372e-04 
 1.05000000e+00  9.77847369e-04 
 1.06000000e+00  9.77384895e-04 
 1.07000000e+00  9.76924124e-04 
 1.08000000e+00  9.76465266e-04 
 1.09000000e+00  9.76008576e-04 
 1.10000000e+00  9.75554360e-04 
 1.11000000e+00  9.75102981e-04 
 1.12000000e+00  9.74654868e-04 
 1.13000000e+00  9.74210523e-04 
 1.14000000e+00  9.73770531e-04 
 1.15000000e+00  9.73335568e-04 
 1.16000000e+00  9.72906414e-04 
 1.17000000e+00  9.72483957e-04 
 1.18000000e+00  9.72069209e-04 
 1.19000000e+00  9.71663315e-04 
 1.20000000e+00  9.71267565e-04 
 1.21000000e+00  9.70883401e-04 
 1.22000000e+00  9.70512436e-04 
 1.23000000e+00  9.70156457e-04 
 1.24000000e+00  9.69817443e-04 
 1.25000000e+00  9.69497574e-04 
 1.26000000e+00  9.69199241e-04 
 1.27000000e+00  9.68925058e-04 
 1.28000000e+00  9.68677874e-04 
 1.29000000e+00  9.68460781e-04 
 1.30000000e+00  9.68277124e-04 
 1.31000000e+00  9.68130512e-04 
 1.32000000e+00  9.68024826e-04 
 1.33000000e+00  9.67964227e-04 
 1.34000000e+00  9.67953161e-04 
 1.35000000e+00  9.67996370e-04 
 1.36000000e+00  9.68098895e-04 
 1.37000000e+00  9.68259142e-04 
 1.38000000e+00  9.68496373e-04 
 1.39000000e+00  9.68809905e-04 
 1.40000000e+00  9.69205970e-04 
 1.41000000e+00  9.69691179e-04 
 1.42000000e+00  9.70272447e-04 
 1.43000000e+00  9.70957004e-04 
 1.44000000e+00  9.71752399e-04 
 1.45000000e+00  9.72666496e-04 
 1.46000000e+00  9.73707470e-04 
 1.47000000e+00  9.74883809e-04 
 1.48000000e+00  9.76204307e-04 
 1.49000000e+00  9.77678061e-04 
 1.50000000e+00  9.79314465e-04 
 1.51000000e+00  9.81123210e-04 
 1.52000000e+00  9.83114273e-04 
 1.53000000e+00  9.85297912e-04 
 1.54000000e+00  9.87684662e-04 
 1.55000000e+00  9.90285329e-04 
 1.56000000e+00  9.93110977e-04 
 1.57000000e+00  9.96172928e-04 
 1.58000000e+00  9.99482749e-04 
 1.59000000e+00  1.00305224e-03 
 1.60000000e+00  1.00689344e-03 
 0.00000000e+00 -3.59864309e-05 
 1.00000000e-02  1.84092625e-05 
 2.00000000e-02  7.31482825e-05 
 3.00000000e-02  1.28051572e-04 
 4.00000000e-02  1.82949204e-04 
 5.00000000e-02  2.37678931e-04 
 6.00000000e-02  2.92085002e-04 
 7.00000000e-02  3.46017165e-04 
 8.00000000e-02  3.99329917e-04 
 9.00000000e-02  4.51881979e-04 
 1.00000000e-01  5.03535960e-04 
 1.10000000e-01  5.54158192e-04 
 1.20000000e-01  6.03618671e-04 
 1.30000000e-01  6.51791037e-04 
 1.40000000e-01  6.98552519e-04 
 1.50000000e-01  7.43783756e-04 
 1.60000000e-01  7.87368410e-04 
 1.70000000e-01  8.29192545e-04 
 1.80000000e-01  8.69143775e-04 
 1.90000000e-01  9.07110320e-04 
 2.00000000e-01  9.42980210e-04 
 2.10000000e-01  9.76641047e-04 
 2.20000000e-01  1.00798092e-03 
 2.30000000e-01  1.03689114e-03 
 2.40000000e-01  1.06327156e-03 
 2.50000000e-01  1.08703893e-03 
 2.60000000e-01  1.10813824e-03 
 2.70000000e-01  1.12655593e-03 
 2.80000000e-01  1.14233266e-03 
 2.90000000e-01  1.15557199e-03 
 3.00000000e-01  1.16644165e-03 
 3.10000000e-01  1.17516520e-03 
 3.20000000e-01  1.18200525e-03 
 3.30000000e-01  1.18724182e-03 
 3.40000000e-01  1.19115103e-03 
 3.50000000e-01  1.19398819e-03 
 3.60000000e-01  1.19597732e-03 
 3.70000000e-01  1.19730687e-03 
 3.80000000e-01  1.19813022e-03 
 3.90000000e-01  1.19856902e-03 
 4.00000000e-01  1.19871793e-03 
 4.10000000e-01  1.19864952e-03 
 4.20000000e-01  1.19841884e-03 
 4.30000000e-01  1.19806732e-03 
 4.40000000e-01  1.19762599e-03 
 4.50000000e-01  1.19711802e-03 
 4.60000000e-01  1.19656061e-03 
 4.70000000e-01  1.19596660e-03 
 4.80000000e-01  1.19534550e-03 
 4.90000000e-01  1.19470441e-03 
 5.00000000e-01  1.19404857e-03 
 5.10000000e-01  1.19338194e-03 
 5.20000000e-01  1.19270743e-03 
 5.30000000e-01  1.19202725e-03 
 5.40000000e-01  1.19134303e-03 
 5.50000000e-01  1.19065602e-03 
 5.60000000e-01  1.18996715e-03 
 5.70000000e-01  1.18927712e-03 
 5.80000000e-01  1.18858647e-03 
 5.90000000e-01  1.18789562e-03 
 6.00000000e-01  1.18720486e-03 
 6.10000000e-01  1.18651444e-03 
 6.20000000e-01  1.18582455e-03 
 6.30000000e-01  1.18513532e-03 
 6.40000000e-01  1.18444687e-03 
 6.50000000e-01  1.18375928e-03 
 6.60000000e-01  1.18307262e-03 
 6.70000000e-01  1.18238694e-03 
 6.80000000e-01  1.18170228e-03 
 6.90000000e-01  1.18101873e-03 
 7.00000000e-01  1.18033634e-03 
 7.10000000e-01  1.17965518e-03 
 7.20000000e-01  1.17897530e-03 
 7.30000000e-01  1.17829672e-03 
 7.40000000e-01  1.17761947e-03 
 7.50000000e-01  1.17694359e-03 
 7.60000000e-01  1.17626908e-03 
 7.70000000e-01  1.17559596e-03 
 7.80000000e-01  1.17492426e-03 
 7.90000000e-01  1.17425397e-03 
 8.00000000e-01  1.17358510e-03 
 8.10000000e-01  1.17291766e-03 
 8.20000000e-01  1.17225167e-03 
 8.30000000e-01  1.17158711e-03 
 8.40000000e-01  1.17092399e-03 
 8.50000000e-01  1.17026232e-03 
 8.60000000e-01  1.16960209e-03 
 8.70000000e-01  1.16894331e-03 
 8.80000000e-01  1.16828597e-03 
 8.90000000e-01  1.16763008e-03 
 9.00000000e-01  1.16697563e-03 
 9.10000000e-01  1.16632263e-03 
 9.20000000e-01  1.16567106e-03 
 9.30000000e-01  1.16502094e-03 
 9.40000000e-01  1.16437225e-03 
 9.50000000e-01  1.16372499e-03 
 9.60000000e-01  1.16307918e-03 
 9.70000000e-01  1.16243480e-03 
 9.80000000e-01  1.16179186e-03 
 9.90000000e-01  1.16115036e-03 
 1.00000000e+00  1.16051032e-03 
 1.01000000e+00  1.15987175e-03 
 1.02000000e+00  1.15923466e-03 
 1.03000000e+00  1.15859909e-03 
 1.04000000e+00  1.15796507e-03 
 1.05000000e+00  1.15733265e-03 
 1.06000000e+00  1.15670189e-03 
 1.07000000e+00  1.15607289e-03 
 1.08000000e+00  1.15544576e-03 
 1.09000000e+00  1.15482062e-03 
 1.10000000e+00  1.15419764e-03 
 1.11000000e+00  1.15357704e-03 
 1.12000000e+00  1.15295907e-03 
 1.13000000e+00  1.15234404e-03 
 1.14000000e+00  1.15173230e-03 
 1.15000000e+00  1.15112429e-03 
 1.16000000e+00  1.15052054e-03 
 1.17000000e+00  1.14992162e-03 
 1.18000000e+00  1.14932824e-03 
 1.19000000e+00  1.14874120e-03 
 1.20000000e+00  1.14816141e-03 
 1.21000000e+00  1.14758161e-03 
 1.22000000e+00  1.14701939e-03 
 1.23000000e+00  1.14646806e-03 
 1.24000000e+00  1.14592906e-03 
 1.25000000e+00  1.14540409e-03 
 1.26000000e+00  1.14489505e-03 
 1.27000000e+00  1.14440402e-03 
 1.28000000e+00  1.14393329e-03 
 1.29000000e+00  1.14348540e-03 
 1.30000000e+00  1.14306312e-03 
 1.31000000e+00  1.14266948e-03 
 1.32000000e+00  1.14230776e-03 
 1.33000000e+00  1.14198151e-03 
 1.34000000e+00  1.14169460e-03 
 1.35000000e+00  1.14145115e-03 
 1.36000000e+00  1.14125561e-03 
 1.37000000e+00  1.14111273e-03 
 1.38000000e+00  1.14102757e-03 
 1.39000000e+00  1.14100553e-03 
 1.40000000e+00  1.14105232e-03 
 1.41000000e+00  1.14117399e-03 
 1.42000000e+00  1.14137691e-03 
 1.43000000e+00  1.14166780e-03 
 1.44000000e+00  1.14205372e-03 
 1.45000000e+00  1.14254203e-03 
 1.46000000e+00  1.14314045e-03 
 1.47000000e+00  1.14385702e-03 
 1.48000000e+00  1.14470011e-03 
 1.49000000e+00  1.14567841e-03 
 1.50000000e+00  1.14680091e-03 
 1.51000000e+00  1.14807692e-03 
 1.52000000e+00  1.14951604e-03 
 1.53000000e+00  1.15112817e-03 
 1.54000000e+00  1.15292348e-03 
 1.55000000e+00  1.15491243e-03 
 1.56000000e+00  1.15710571e-03 
 1.57000000e+00  1.15951429e-03 
 1.58000000e+00  1.16214935e-03 
 1.59000000e+00  1.16502233e-03 
 1.60000000e+00  1.16814485e-03 
 0.00000000e+00 -3.83521781e-05 
 1.00000000e-02  1.88711989e-05 
 2.00000000e-02  7.63908312e-05 
 3.00000000e-02  1.34051960e-04 
 4.00000000e-02  1.91707550e-04 
 5.00000000e-02  2.49216993e-04 
 6.00000000e-02  3.06445080e-04 
 7.00000000e-02  3.63261133e-04 
 8.00000000e-02  4.19538367e-04 
 9.00000000e-02  4.75153452e-04 
 1.00000000e-01  5.29986266e-04 
 1.10000000e-01  5.83919828e-04 
 1.20000000e-01  6.36840363e-04 
 1.30000000e-01  6.88637483e-04 
 1.40000000e-01  7.39204395e-04 
 1.50000000e-01  7.88438087e-04 
 1.60000000e-01  8.36239386e-04 
 1.70000000e-01  8.82512802e-04 
 1.80000000e-01  9.27166080e-04 
 1.90000000e-01  9.70109401e-04 
 2.00000000e-01  1.01125423e-03 
 2.10000000e-01  1.05051189e-03 
 2.20000000e-01  1.08779208e-03 
 2.30000000e-01  1.12300153e-03 
 2.40000000e-01  1.15604345e-03 
 2.50000000e-01  1.18681807e-03 
 2.60000000e-01  1.21522524e-03 
 2.70000000e-01  1.24116954e-03 
 2.80000000e-01  1.26456846e-03 
 2.90000000e-01  1.28536376e-03 
 3.00000000e-01  1.30353479e-03 
 3.10000000e-01  1.31911182e-03 
 3.20000000e-01  1.33218581e-03 
 3.30000000e-01  1.34291126e-03 
 3.40000000e-01  1.35149959e-03 
 3.50000000e-01  1.35820374e-03 
 3.60000000e-01  1.36329726e-03 
 3.70000000e-01  1.36705293e-03 
 3.80000000e-01  1.36972521e-03 
 3.90000000e-01  1.37153889e-03 
 4.00000000e-01  1.37268403e-03 
 4.10000000e-01  1.37331592e-03 
 4.20000000e-01  1.37355803e-03 
 4.30000000e-01  1.37350658e-03 
 4.40000000e-01  1.37323541e-03 
 4.50000000e-01  1.37280054e-03 
 4.60000000e-01  1.37224414e-03 
 4.70000000e-01  1.37159776e-03 
 4.80000000e-01  1.37088491e-03 
 4.90000000e-01  1.37012310e-03 
 5.00000000e-01  1.36932529e-03 
 5.10000000e-01  1.36850113e-03 
 5.20000000e-01  1.36765776e-03 
 5.30000000e-01  1.36680049e-03 
 5.40000000e-01  1.36593327e-03 
 5.50000000e-01  1.36505903e-03 
 5.60000000e-01  1.36417997e-03 
 5.70000000e-01  1.36329771e-03 
 5.80000000e-01  1.36241349e-03 
 5.90000000e-01  1.36152823e-03 
 6.00000000e-01  1.36064260e-03 
 6.10000000e-01  1.35975715e-03 
 6.20000000e-01  1.35887226e-03 
 6.30000000e-01  1.35798822e-03 
 6.40000000e-01  1.35710527e-03 
 6.50000000e-01  1.35622358e-03 
 6.60000000e-01  1.35534328e-03 
 6.70000000e-01  1.35446447e-03 
 6.80000000e-01  1.35358723e-03 
 6.90000000e-01  1.35271161e-03 
 7.00000000e-01  1.35183766e-03 
 7.10000000e-01  1.35096541e-03 
 7.20000000e-01  1.35009491e-03 
 7.30000000e-01  1.34922625e-03 
 7.40000000e-01  1.34835948e-03 
 7.50000000e-01  1.34749464e-03 
 7.60000000e-01  1.34663176e-03 
 7.70000000e-01  1.34577087e-03 
 7.80000000e-01  1.34491199e-03 
 7.90000000e-01  1.34405514e-03 
 8.00000000e-01  1.34320033e-03 
 8.10000000e-01  1.34234757e-03 
 8.20000000e-01  1.34149687e-03 
 8.30000000e-01  1.34064823e-03 
 8.40000000e-01  1.33980165e-03 
 8.50000000e-01  1.33895714e-03 
 8.60000000e-01  1.33811470e-03 
 8.70000000e-01  1.33727433e-03 
 8.80000000e-01  1.33643602e-03 
 8.90000000e-01  1.33559978e-03 
 9.00000000e-01  1.33476560e-03 
 9.10000000e-01  1.33393348e-03 
 9.20000000e-01  1.33310340e-03 
 9.30000000e-01  1.33227538e-03 
 9.40000000e-01  1.33144940e-03 
 9.50000000e-01  1.33062547e-03 
 9.60000000e-01  1.32980356e-03 
 9.70000000e-01  1.32898369e-03 
 9.80000000e-01  1.32816584e-03 
 9.90000000e-01  1.32735002e-03 
 1.00000000e+00  1.32653622e-03 
 1.01000000e+00  1.32572444e-03 
 1.02000000e+00  1.32491467e-03 
 1.03000000e+00  1.32410694e-03 
 1.04000000e+00  1.32330125e-03 
 1.05000000e+00  1.32249761e-03 
 1.06000000e+00  1.32169605e-03 
 1.07000000e+00  1.32088694e-03 
 1.08000000e+00  1.32008936e-03 
 1.09000000e+00  1.31929405e-03 
 1.10000000e+00  1.31850102e-03 
 1.11000000e+00  1.31771042e-03 
 1.12000000e+00  1.31692237e-03 
 1.13000000e+00  1.31613705e-03 
 1.14000000e+00  1.31535468e-03 
 1.15000000e+00  1.31457551e-03 
 1.16000000e+00  1.31379987e-03 
 1.17000000e+00  1.31302814e-03 
 1.18000000e+00  1.31226076e-03 
 1.19000000e+00  1.31149828e-03 
 1.20000000e+00  1.31074133e-03 
 1.21000000e+00  1.30999063e-03 
 1.22000000e+00  1.30924703e-03 
 1.23000000e+00  1.30851151e-03 
 1.24000000e+00  1.30778518e-03 
 1.25000000e+00  1.30706930e-03 
 1.26000000e+00  1.30636530e-03 
 1.27000000e+00  1.30567479e-03 
 1.28000000e+00  1.30499957e-03 
 1.29000000e+00  1.30434164e-03 
 1.30000000e+00  1.30370322e-03 
 1.31000000e+00  1.30308678e-03 
 1.32000000e+00  1.30249502e-03 
 1.33000000e+00  1.30193089e-03 
 1.34000000e+00  1.30139763e-03 
 1.35000000e+00  1.30089876e-03 
 1.36000000e+00  1.30043807e-03 
 1.37000000e+00  1.30001970e-03 
 1.38000000e+00  1.29964805e-03 
 1.39000000e+00  1.29932790e-03 
 1.40000000e+00  1.29906430e-03 
 1.41000000e+00  1.29886270e-03 
 1.42000000e+00  1.29872883e-03 
 1.43000000e+00  1.29866881e-03 
 1.44000000e+00  1.29868910e-03 
 1.45000000e+00  1.29879650e-03 
 1.46000000e+00  1.29899816e-03 
 1.47000000e+00  1.29930160e-03 
 1.48000000e+00  1.29971465e-03 
 1.49000000e+00  1.30024552e-03 
 1.50000000e+00  1.30090273e-03 
 1.51000000e+00  1.30169515e-03 
 1.52000000e+00  1.30263196e-03 
 1.53000000e+00  1.30372266e-03 
 1.54000000e+00  1.30497704e-03 
 1.55000000e+00  1.30640521e-03 
 1.56000000e+00  1.30801753e-03 
 1.57000000e+00  1.30982465e-03 
 1.58000000e+00  1.31183746e-03 
 1.59000000e+00  1.31406710e-03 
 1.60000000e+00  1.31652492e-03 
 0.00000000e+00 -4.03615007e-05 
 1.00000000e-02  1.91674373e-05 
 2.00000000e-02  7.89542443e-05 
 3.00000000e-02  1.38862777e-04 
 4.00000000e-02  1.98763437e-04 
 5.00000000e-02  2.58532024e-04 
 6.00000000e-02  3.18048835e-04 
 7.00000000e-02  3.77197893e-04 
 8.00000000e-02  4.35866381e-04 
 9.00000000e-02  4.93944253e-04 
 1.00000000e-01  5.51324013e-04 
 1.10000000e-01  6.07900667e-04 
 1.20000000e-01  6.63571825e-04 
 1.30000000e-01  7.18237932e-04 
 1.40000000e-01  7.71802596e-04 
 1.50000000e-01  8.24172959e-04 
 1.60000000e-01  8.75260049e-04 
 1.70000000e-01  9.24979032e-04 
 1.80000000e-01  9.73249267e-04 
 1.90000000e-01  1.01999409e-03 
 2.00000000e-01  1.06514023e-03 
 2.10000000e-01  1.10861684e-03 
 2.20000000e-01  1.15035409e-03 
 2.30000000e-01  1.19028148e-03 
 2.40000000e-01  1.22832595e-03 
 2.50000000e-01  1.26441008e-03 
 2.60000000e-01  1.29845074e-03 
 2.70000000e-01  1.33035860e-03 
 2.80000000e-01  1.36003915e-03 
 2.90000000e-01  1.38739580e-03 
 3.00000000e-01  1.41233566e-03 
 3.10000000e-01  1.43477847e-03 
 3.20000000e-01  1.45466839e-03 
 3.30000000e-01  1.47198770e-03 
 3.40000000e-01  1.48677003e-03 
 3.50000000e-01  1.49910963e-03 
 3.60000000e-01  1.50916340e-03 
 3.70000000e-01  1.51714346e-03 
 3.80000000e-01  1.52330121e-03 
 3.90000000e-01  1.52790635e-03 
 4.00000000e-01  1.53122593e-03 
 4.10000000e-01  1.53350758e-03 
 4.20000000e-01  1.53496894e-03 
 4.30000000e-01  1.53579325e-03 
 4.40000000e-01  1.53612968e-03 
 4.50000000e-01  1.53609649e-03 
 4.60000000e-01  1.53578561e-03 
 4.70000000e-01  1.53526745e-03 
 4.80000000e-01  1.53459532e-03 
 4.90000000e-01  1.53380929e-03 
 5.00000000e-01  1.53293931e-03 
 5.10000000e-01  1.53200767e-03 
 5.20000000e-01  1.53103092e-03 
 5.30000000e-01  1.53002132e-03 
 5.40000000e-01  1.52898797e-03 
 5.50000000e-01  1.52793761e-03 
 5.60000000e-01  1.52687524e-03 
 5.70000000e-01  1.52580454e-03 
 5.80000000e-01  1.52472829e-03 
 5.90000000e-01  1.52364851e-03 
 6.00000000e-01  1.52256675e-03 
 6.10000000e-01  1.52148413e-03 
 6.20000000e-01  1.52040151e-03 
 6.30000000e-01  1.51931951e-03 
 6.40000000e-01  1.51823863e-03 
 6.50000000e-01  1.51715921e-03 
 6.60000000e-01  1.51608153e-03 
 6.70000000e-01  1.51500578e-03 
 6.80000000e-01  1.51393213e-03 
 6.90000000e-01  1.51286067e-03 
 7.00000000e-01  1.51179151e-03 
 7.10000000e-01  1.51072469e-03 
 7.20000000e-01  1.50966026e-03 
 7.30000000e-01  1.50859827e-03 
 7.40000000e-01  1.50753872e-03 
 7.50000000e-01  1.50648168e-03 
 7.60000000e-01  1.50542721e-03 
 7.70000000e-01  1.50437536e-03 
 7.80000000e-01  1.50332617e-03 
 7.90000000e-01  1.50227966e-03 
 8.00000000e-01  1.50123587e-03 
 8.10000000e-01  1.50019481e-03 
 8.20000000e-01  1.49915649e-03 
 8.30000000e-01  1.49812091e-03 
 8.40000000e-01  1.49708809e-03 
 8.50000000e-01  1.49605802e-03 
 8.60000000e-01  1.49503071e-03 
 8.70000000e-01  1.49400616e-03 
 8.80000000e-01  1.49298436e-03 
 8.90000000e-01  1.49196531e-03 
 9.00000000e-01  1.49094901e-03 
 9.10000000e-01  1.48993544e-03 
 9.20000000e-01  1.48892461e-03 
 9.30000000e-01  1.48791651e-03 
 9.40000000e-01  1.48691113e-03 
 9.50000000e-01  1.48590845e-03 
 9.60000000e-01  1.48490848e-03 
 9.70000000e-01  1.48390034e-03 
 9.80000000e-01  1.48290537e-03 
 9.90000000e-01  1.48191312e-03 
 1.00000000e+00  1.48092351e-03 
 1.01000000e+00  1.47993655e-03 
 1.02000000e+00  1.47895225e-03 
 1.03000000e+00  1.47797058e-03 
 1.04000000e+00  1.47699155e-03 
 1.05000000e+00  1.47601516e-03 
 1.06000000e+00  1.47504141e-03 
 1.07000000e+00  1.47407031e-03 
 1.08000000e+00  1.47310188e-03 
 1.09000000e+00  1.47213613e-03 
 1.10000000e+00  1.47117311e-03 
 1.11000000e+00  1.47021285e-03 
 1.12000000e+00  1.46925544e-03 
 1.13000000e+00  1.46830096e-03 
 1.14000000e+00  1.46734953e-03 
 1.15000000e+00  1.46640129e-03 
 1.16000000e+00  1.46545642e-03 
 1.17000000e+00  1.46451517e-03 
 1.18000000e+00  1.46357781e-03 
 1.19000000e+00  1.46264468e-03 
 1.20000000e+00  1.46171620e-03 
 1.21000000e+00  1.46079285e-03 
 1.22000000e+00  1.45987522e-03 
 1.23000000e+00  1.45896399e-03 
 1.24000000e+00  1.45805993e-03 
 1.25000000e+00  1.45716399e-03 
 1.26000000e+00  1.45627719e-03 
 1.27000000e+00  1.45540076e-03 
 1.28000000e+00  1.45453604e-03 
 1.29000000e+00  1.45368461e-03 
 1.30000000e+00  1.45284818e-03 
 1.31000000e+00  1.45202870e-03 
 1.32000000e+00  1.45122835e-03 
 1.33000000e+00  1.45044953e-03 
 1.34000000e+00  1.44969488e-03 
 1.35000000e+00  1.44896733e-03 
 1.36000000e+00  1.44827007e-03 
 1.37000000e+00  1.44760659e-03 
 1.38000000e+00  1.44698067e-03 
 1.39000000e+00  1.44639642e-03 
 1.40000000e+00  1.44585826e-03 
 1.41000000e+00  1.44537096e-03 
 1.42000000e+00  1.44493963e-03 
 1.43000000e+00  1.44456970e-03 
 1.44000000e+00  1.44426700e-03 
 1.45000000e+00  1.44403770e-03 
 1.46000000e+00  1.44388833e-03 
 1.47000000e+00  1.44382579e-03 
 1.48000000e+00  1.44385734e-03 
 1.49000000e+00  1.44399061e-03 
 1.50000000e+00  1.44423359e-03 
 1.51000000e+00  1.44459462e-03 
 1.52000000e+00  1.44508241e-03 
 1.53000000e+00  1.44570597e-03 
 1.54000000e+00  1.44647468e-03 
 1.55000000e+00  1.44739822e-03 
 1.56000000e+00  1.44848660e-03 
 1.57000000e+00  1.44975011e-03 
 1.58000000e+00  1.45119934e-03 
 1.59000000e+00  1.45284511e-03 
 1.60000000e+00  1.45471391e-03 
 0.00000000e+00 -4.21119860e-05 
 1.00000000e-02  1.93490904e-05 
 2.00000000e-02  8.10365592e-05 
 3.00000000e-02  1.42828990e-04 
 4.00000000e-02  2.04610537e-04 
 5.00000000e-02  2.66269920e-04 
 6.00000000e-02  3.27699629e-04 
 7.00000000e-02  3.88795231e-04 
 8.00000000e-02  4.49454861e-04 
 9.00000000e-02  5.09578851e-04 
 1.00000000e-01  5.69069521e-04 
 1.10000000e-01  6.27831115e-04 
 1.20000000e-01  6.85769887e-04 
 1.30000000e-01  7.42794320e-04 
 1.40000000e-01  7.98815461e-04 
 1.50000000e-01  8.53747357e-04 
 1.60000000e-01  9.07507522e-04 
 1.70000000e-01  9.60017410e-04 
 1.80000000e-01  1.01120279e-03 
 1.90000000e-01  1.06099397e-03 
 2.00000000e-01  1.10932576e-03 
 2.10000000e-01  1.15613709e-03 
 2.20000000e-01  1.20137027e-03 
 2.30000000e-01  1.24496975e-03 
 2.40000000e-01  1.28688058e-03 
 2.50000000e-01  1.32704645e-03 
 2.60000000e-01  1.36540761e-03 
 2.70000000e-01  1.40189884e-03 
 2.80000000e-01  1.43644777e-03 
 2.90000000e-01  1.46897387e-03 
 3.00000000e-01  1.49938871e-03 
 3.10000000e-01  1.52759787e-03 
 3.20000000e-01  1.55350520e-03 
 3.30000000e-01  1.57701991e-03 
 3.40000000e-01  1.59806659e-03 
 3.50000000e-01  1.61659800e-03 
 3.60000000e-01  1.63260888e-03 
 3.70000000e-01  1.64614834e-03 
 3.80000000e-01  1.65732716e-03 
 3.90000000e-01  1.66631704e-03 
 4.00000000e-01  1.67334036e-03 
 4.10000000e-01  1.67865237e-03 
 4.20000000e-01  1.68251995e-03 
 4.30000000e-01  1.68520174e-03 
 4.40000000e-01  1.68693337e-03 
 4.50000000e-01  1.68791895e-03 
 4.60000000e-01  1.68832835e-03 
 4.70000000e-01  1.68829858e-03 
 4.80000000e-01  1.68793749e-03 
 4.90000000e-01  1.68732844e-03 
 5.00000000e-01  1.68653500e-03 
 5.10000000e-01  1.68560517e-03 
 5.20000000e-01  1.68457491e-03 
 5.30000000e-01  1.68347104e-03 
 5.40000000e-01  1.68231350e-03 
 5.50000000e-01  1.68111705e-03 
 5.60000000e-01  1.67989265e-03 
 5.70000000e-01  1.67864838e-03 
 5.80000000e-01  1.67739025e-03 
 5.90000000e-01  1.67612270e-03 
 6.00000000e-01  1.67484899e-03 
 6.10000000e-01  1.67357159e-03 
 6.20000000e-01  1.67229228e-03 
 6.30000000e-01  1.67101241e-03 
 6.40000000e-01  1.66973299e-03 
 6.50000000e-01  1.66845475e-03 
 6.60000000e-01  1.66717826e-03 
 6.70000000e-01  1.66590392e-03 
 6.80000000e-01  1.66463203e-03 
 6.90000000e-01  1.66336284e-03 
 7.00000000e-01  1.66209650e-03 
 7.10000000e-01  1.66083314e-03 
 7.20000000e-01  1.65957285e-03 
 7.30000000e-01  1.65831571e-03 
 7.40000000e-01  1.65706174e-03 
 7.50000000e-01  1.65581100e-03 
 7.60000000e-01  1.65456349e-03 
 7.70000000e-01  1.65331923e-03 
 7.80000000e-01  1.65207828e-03 
 7.90000000e-01  1.65084069e-03 
 8.00000000e-01  1.64960650e-03 
 8.10000000e-01  1.64837576e-03 
 8.20000000e-01  1.64714848e-03 
 8.30000000e-01  1.64592467e-03 
 8.40000000e-01  1.64470436e-03 
 8.50000000e-01  1.64348754e-03 
 8.60000000e-01  1.64227421e-03 
 8.70000000e-01  1.64106439e-03 
 8.80000000e-01  1.63985806e-03 
 8.90000000e-01  1.63865522e-03 
 9.00000000e-01  1.63744383e-03 
 9.10000000e-01  1.63624747e-03 
 9.20000000e-01  1.63505463e-03 
 9.30000000e-01  1.63386521e-03 
 9.40000000e-01  1.63267924e-03 
 9.50000000e-01  1.63149669e-03 
 9.60000000e-01  1.63031756e-03 
 9.70000000e-01  1.62914183e-03 
 9.80000000e-01  1.62796949e-03 
 9.90000000e-01  1.62680054e-03 
 1.00000000e+00  1.62563495e-03 
 1.01000000e+00  1.62447271e-03 
 1.02000000e+00  1.62331381e-03 
 1.03000000e+00  1.62215824e-03 
 1.04000000e+00  1.62100599e-03 
 1.05000000e+00  1.61985704e-03 
 1.06000000e+00  1.61871139e-03 
 1.07000000e+00  1.61756903e-03 
 1.08000000e+00  1.61642996e-03 
 1.09000000e+00  1.61529417e-03 
 1.10000000e+00  1.61416168e-03 
 1.11000000e+00  1.61303250e-03 
 1.12000000e+00  1.61190665e-03 
 1.13000000e+00  1.61078417e-03 
 1.14000000e+00  1.60966512e-03 
 1.15000000e+00  1.60854957e-03 
 1.16000000e+00  1.60743762e-03 
 1.17000000e+00  1.60632940e-03 
 1.18000000e+00  1.60522507e-03 
 1.19000000e+00  1.60412484e-03 
 1.20000000e+00  1.60302896e-03 
 1.21000000e+00  1.60193776e-03 
 1.22000000e+00  1.60085161e-03 
 1.23000000e+00  1.59977096e-03 
 1.24000000e+00  1.59869637e-03 
 1.25000000e+00  1.59762847e-03 
 1.26000000e+00  1.59656802e-03 
 1.27000000e+00  1.59551590e-03 
 1.28000000e+00  1.59447311e-03 
 1.29000000e+00  1.59344082e-03 
 1.30000000e+00  1.59242035e-03 
 1.31000000e+00  1.59141322e-03 
 1.32000000e+00  1.59042111e-03 
 1.33000000e+00  1.58944594e-03 
 1.34000000e+00  1.58848985e-03 
 1.35000000e+00  1.58755520e-03 
 1.36000000e+00  1.58664462e-03 
 1.37000000e+00  1.58576102e-03 
 1.38000000e+00  1.58490757e-03 
 1.39000000e+00  1.58408775e-03 
 1.40000000e+00  1.58330535e-03 
 1.41000000e+00  1.58256449e-03 
 1.42000000e+00  1.58186962e-03 
 1.43000000e+00  1.58122553e-03 
 1.44000000e+00  1.58063737e-03 
 1.45000000e+00  1.58011065e-03 
 1.46000000e+00  1.57965125e-03 
 1.47000000e+00  1.57926543e-03 
 1.48000000e+00  1.57895981e-03 
 1.49000000e+00  1.57874141e-03 
 1.50000000e+00  1.57861761e-03 
 1.51000000e+00  1.57859617e-03 
 1.52000000e+00  1.57868524e-03 
 1.53000000e+00  1.57891083e-03 
 1.54000000e+00  1.57924732e-03 
 1.55000000e+00  1.57972108e-03 
 1.56000000e+00  1.58034144e-03 
 1.57000000e+00  1.58111837e-03 
 1.58000000e+00  1.58206207e-03 
 1.59000000e+00  1.58318305e-03 
 1.60000000e+00  1.58449209e-03 
