 v-sweep         ic             
 0.00000000e+00 -1.31959372e-05 
 1.00000000e-02  1.12043463e-05 
 2.00000000e-02  3.69032628e-05 
 3.00000000e-02  6.35681357e-05 
 4.00000000e-02  9.08391783e-05 
 5.00000000e-02  1.18342653e-04 
 6.00000000e-02  1.45702852e-04 
 7.00000000e-02  1.72553004e-04 
 8.00000000e-02  1.98545505e-04 
 9.00000000e-02  2.23361840e-04 
 1.00000000e-01  2.46722367e-04 
 1.10000000e-01  2.68395767e-04 
 1.20000000e-01  2.88207507e-04 
 1.30000000e-01  3.06046269e-04 
 1.40000000e-01  3.21867065e-04 
 1.50000000e-01  3.35689957e-04 
 1.60000000e-01  3.47593933e-04 
 1.70000000e-01  3.57706378e-04 
 1.80000000e-01  3.66189560e-04 
 1.90000000e-01  3.73225939e-04 
 2.00000000e-01  3.79005050e-04 
 2.10000000e-01  3.83711471e-04 
 2.20000000e-01  3.87517263e-04 
 2.30000000e-01  3.90576908e-04 
 2.40000000e-01  3.93025097e-04 
 2.50000000e-01  3.94976554e-04 
 2.60000000e-01  3.96527211e-04 
 2.70000000e-01  3.97756126e-04 
 2.80000000e-01  3.98727721e-04 
 2.90000000e-01  3.99494035e-04 
 3.00000000e-01  4.00096827e-04 
 3.10000000e-01  4.00569449e-04 
 3.20000000e-01  4.00938439e-04 
 3.30000000e-01  4.01224868e-04 
 3.40000000e-01  4.01445442e-04 
 3.50000000e-01  4.01613396e-04 
 3.60000000e-01  4.01739215e-04 
 3.70000000e-01  4.01831211e-04 
 3.80000000e-01  4.01895979e-04 
 3.90000000e-01  4.01938757e-04 
 4.00000000e-01  4.01963715e-04 
 4.10000000e-01  4.01974177e-04 
 4.20000000e-01  4.01972802e-04 
 4.30000000e-01  4.01961716e-04 
 4.40000000e-01  4.01942632e-04 
 4.50000000e-01  4.01916928e-04 
 4.60000000e-01  4.01885715e-04 
 4.70000000e-01  4.01849899e-04 
 4.80000000e-01  4.01810212e-04 
 4.90000000e-01  4.01767254e-04 
 5.00000000e-01  4.01721517e-04 
 5.10000000e-01  4.01673402e-04 
 5.20000000e-01  4.01623243e-04 
 5.30000000e-01  4.01571313e-04 
 5.40000000e-01  4.01517843e-04 
 5.50000000e-01  4.01463028e-04 
 5.60000000e-01  4.01407071e-04 
 5.70000000e-01  4.01350150e-04 
 5.80000000e-01  4.01292411e-04 
 5.90000000e-01  4.01233974e-04 
 6.00000000e-01  4.01174940e-04 
 6.10000000e-01  4.01115394e-04 
 6.20000000e-01  4.01055408e-04 
 6.30000000e-01  4.00995042e-04 
 6.40000000e-01  4.00934348e-04 
 6.50000000e-01  4.00873371e-04 
 6.60000000e-01  4.00812148e-04 
 6.70000000e-01  4.00750714e-04 
 6.80000000e-01  4.00689095e-04 
 6.90000000e-01  4.00627318e-04 
 7.00000000e-01  4.00565402e-04 
 7.10000000e-01  4.00503368e-04 
 7.20000000e-01  4.00441230e-04 
 7.30000000e-01  4.00379004e-04 
 7.40000000e-01  4.00316702e-04 
 7.50000000e-01  4.00254334e-04 
 7.60000000e-01  4.00191912e-04 
 7.70000000e-01  4.00129443e-04 
 7.80000000e-01  4.00066935e-04 
 7.90000000e-01  4.00004397e-04 
 8.00000000e-01  3.99941837e-04 
 8.10000000e-01  3.99879263e-04 
 8.20000000e-01  3.99816684e-04 
 8.30000000e-01  3.99754113e-04 
 8.40000000e-01  3.99691564e-04 
 8.50000000e-01  3.99629058e-04 
 8.60000000e-01  3.99566622e-04 
 8.70000000e-01  3.99504291e-04 
 8.80000000e-01  3.99442113e-04 
 8.90000000e-01  3.99380152e-04 
 9.00000000e-01  3.99318492e-04 
 9.10000000e-01  3.99257239e-04 
 9.20000000e-01  3.99196533e-04 
 9.30000000e-01  3.99136549e-04 
 9.40000000e-01  3.99077506e-04 
 9.50000000e-01  3.99019677e-04 
 9.60000000e-01  3.98963395e-04 
 9.70000000e-01  3.98909068e-04 
 9.80000000e-01  3.98857185e-04 
 9.90000000e-01  3.98808329e-04 
 1.00000000e+00  3.98763193e-04 
 1.01000000e+00  3.98722589e-04 
 1.02000000e+00  3.98687466e-04 
 1.03000000e+00  3.98658922e-04 
 1.04000000e+00  3.98638220e-04 
 1.05000000e+00  3.98626805e-04 
 1.06000000e+00  3.98626320e-04 
 1.07000000e+00  3.98638620e-04 
 1.08000000e+00  3.98665792e-04 
 1.09000000e+00  3.98710171e-04 
 1.10000000e+00  3.98774353e-04 
 1.11000000e+00  3.98861218e-04 
 1.12000000e+00  3.98973941e-04 
 1.13000000e+00  3.99116009e-04 
 1.14000000e+00  3.99291242e-04 
 1.15000000e+00  3.99504712e-04 
 1.16000000e+00  3.99759157e-04 
 1.17000000e+00  4.00060352e-04 
 1.18000000e+00  4.00413580e-04 
 1.19000000e+00  4.00824533e-04 
 1.20000000e+00  4.01299320e-04 
 1.21000000e+00  4.01844479e-04 
 1.22000000e+00  4.02466999e-04 
 1.23000000e+00  4.03174326e-04 
 1.24000000e+00  4.03974384e-04 
 1.25000000e+00  4.04875588e-04 
 1.26000000e+00  4.05886860e-04 
 1.27000000e+00  4.07017645e-04 
 1.28000000e+00  4.08277932e-04 
 1.29000000e+00  4.09678273e-04 
 1.30000000e+00  4.11229802e-04 
 1.31000000e+00  4.12944260e-04 
 1.32000000e+00  4.14834019e-04 
 1.33000000e+00  4.16912109e-04 
 1.34000000e+00  4.19192244e-04 
 1.35000000e+00  4.21688856e-04 
 1.36000000e+00  4.24417122e-04 
 1.37000000e+00  4.27393001e-04 
 1.38000000e+00  4.30633266e-04 
 1.39000000e+00  4.34155539e-04 
 1.40000000e+00  4.37978322e-04 
 1.41000000e+00  4.42121036e-04 
 1.42000000e+00  4.46604044e-04 
 1.43000000e+00  4.51448680e-04 
 1.44000000e+00  4.56677271e-04 
 1.45000000e+00  4.62313148e-04 
 1.46000000e+00  4.68380652e-04 
 1.47000000e+00  4.74905123e-04 
 1.48000000e+00  4.81912879e-04 
 1.49000000e+00  4.89431175e-04 
 1.50000000e+00  4.97488144e-04 
 1.51000000e+00  5.06112710e-04 
 1.52000000e+00  5.15334480e-04 
 1.53000000e+00  5.25183607e-04 
 1.54000000e+00  5.35690620e-04 
 1.55000000e+00  5.46886227e-04 
 1.56000000e+00  5.58801082e-04 
 1.57000000e+00  5.71465524e-04 
 1.58000000e+00  5.84909295e-04 
 1.59000000e+00  5.99161224e-04 
 1.60000000e+00  6.14248901e-04 
 0.00000000e+00 -2.11653986e-05 
 1.00000000e-02  1.60524991e-05 
 2.00000000e-02  5.46884862e-05 
 3.00000000e-02  9.44143130e-05 
 4.00000000e-02  1.34898104e-04 
 5.00000000e-02  1.75809594e-04 
 6.00000000e-02  2.16823795e-04 
 7.00000000e-02  2.57623499e-04 
 8.00000000e-02  2.97901112e-04 
 9.00000000e-02  3.37360189e-04 
 1.00000000e-01  3.75717025e-04 
 1.10000000e-01  4.12702576e-04 
 1.20000000e-01  4.48064969e-04 
 1.30000000e-01  4.81572826e-04 
 1.40000000e-01  5.13019529e-04 
 1.50000000e-01  5.42228497e-04 
 1.60000000e-01  5.69059318e-04 
 1.70000000e-01  5.93414287e-04 
 1.80000000e-01  6.15244553e-04 
 1.90000000e-01  6.34554705e-04 
 2.00000000e-01  6.51404498e-04 
 2.10000000e-01  6.65906615e-04 
 2.20000000e-01  6.78220004e-04 
 2.30000000e-01  6.88539305e-04 
 2.40000000e-01  6.97081753e-04 
 2.50000000e-01  7.04073518e-04 
 2.60000000e-01  7.09737349e-04 
 2.70000000e-01  7.14282861e-04 
 2.80000000e-01  7.17900040e-04 
 2.90000000e-01  7.20755839e-04 
 3.00000000e-01  7.22992625e-04 
 3.10000000e-01  7.24731962e-04 
 3.20000000e-01  7.26072339e-04 
 3.30000000e-01  7.27094693e-04 
 3.40000000e-01  7.27864381e-04 
 3.50000000e-01  7.28433776e-04 
 3.60000000e-01  7.28844599e-04 
 3.70000000e-01  7.29129947e-04 
 3.80000000e-01  7.29315998e-04 
 3.90000000e-01  7.29423411e-04 
 4.00000000e-01  7.29468474e-04 
 4.10000000e-01  7.29464020e-04 
 4.20000000e-01  7.29420160e-04 
 4.30000000e-01  7.29344868e-04 
 4.40000000e-01  7.29244434e-04 
 4.50000000e-01  7.29123829e-04 
 4.60000000e-01  7.28986986e-04 
 4.70000000e-01  7.28837025e-04 
 4.80000000e-01  7.28676425e-04 
 4.90000000e-01  7.28507159e-04 
 5.00000000e-01  7.28330802e-04 
 5.10000000e-01  7.28148619e-04 
 5.20000000e-01  7.27961621e-04 
 5.30000000e-01  7.27770626e-04 
 5.40000000e-01  7.27576292e-04 
 5.50000000e-01  7.27379156e-04 
 5.60000000e-01  7.27179652e-04 
 5.70000000e-01  7.26978135e-04 
 5.80000000e-01  7.26774896e-04 
 5.90000000e-01  7.26571643e-04 
 6.00000000e-01  7.26365688e-04 
 6.10000000e-01  7.26158613e-04 
 6.20000000e-01  7.25950556e-04 
 6.30000000e-01  7.25741685e-04 
 6.40000000e-01  7.25532169e-04 
 6.50000000e-01  7.25322143e-04 
 6.60000000e-01  7.25111716e-04 
 6.70000000e-01  7.24900977e-04 
 6.80000000e-01  7.24690001e-04 
 6.90000000e-01  7.24478852e-04 
 7.00000000e-01  7.24267582e-04 
 7.10000000e-01  7.24056236e-04 
 7.20000000e-01  7.23844854e-04 
 7.30000000e-01  7.23633468e-04 
 7.40000000e-01  7.23422106e-04 
 7.50000000e-01  7.23210794e-04 
 7.60000000e-01  7.22999553e-04 
 7.70000000e-01  7.22788402e-04 
 7.80000000e-01  7.22577357e-04 
 7.90000000e-01  7.22366431e-04 
 8.00000000e-01  7.22155639e-04 
 8.10000000e-01  7.21944990e-04 
 8.20000000e-01  7.21734495e-04 
 8.30000000e-01  7.21524162e-04 
 8.40000000e-01  7.21313999e-04 
 8.50000000e-01  7.21104015e-04 
 8.60000000e-01  7.20894216e-04 
 8.70000000e-01  7.20684612e-04 
 8.80000000e-01  7.20475210e-04 
 8.90000000e-01  7.20266022e-04 
 9.00000000e-01  7.20057064e-04 
 9.10000000e-01  7.19848354e-04 
 9.20000000e-01  7.19639921e-04 
 9.30000000e-01  7.19431800e-04 
 9.40000000e-01  7.19224043e-04 
 9.50000000e-01  7.19016719e-04 
 9.60000000e-01  7.18809920e-04 
 9.70000000e-01  7.18603766e-04 
 9.80000000e-01  7.18398416e-04 
 9.90000000e-01  7.18194076e-04 
 1.00000000e+00  7.17991003e-04 
 1.01000000e+00  7.17789526e-04 
 1.02000000e+00  7.17590050e-04 
 1.03000000e+00  7.17393076e-04 
 1.04000000e+00  7.17199213e-04 
 1.05000000e+00  7.17009195e-04 
 1.06000000e+00  7.16823902e-04 
 1.07000000e+00  7.16644377e-04 
 1.08000000e+00  7.16471848e-04 
 1.09000000e+00  7.16307746e-04 
 1.10000000e+00  7.16153734e-04 
 1.11000000e+00  7.16011723e-04 
 1.12000000e+00  7.15883901e-04 
 1.13000000e+00  7.15772756e-04 
 1.14000000e+00  7.15681099e-04 
 1.15000000e+00  7.15612091e-04 
 1.16000000e+00  7.15569263e-04 
 1.17000000e+00  7.15556546e-04 
 1.18000000e+00  7.15578287e-04 
 1.19000000e+00  7.15639277e-04 
 1.20000000e+00  7.15744771e-04 
 1.21000000e+00  7.15900505e-04 
 1.22000000e+00  7.16112719e-04 
 1.23000000e+00  7.16388172e-04 
 1.24000000e+00  7.16734155e-04 
 1.25000000e+00  7.17158512e-04 
 1.26000000e+00  7.17669642e-04 
 1.27000000e+00  7.18276520e-04 
 1.28000000e+00  7.18988696e-04 
 1.29000000e+00  7.19816308e-04 
 1.30000000e+00  7.20770081e-04 
 1.31000000e+00  7.21861336e-04 
 1.32000000e+00  7.23101988e-04 
 1.33000000e+00  7.24504548e-04 
 1.34000000e+00  7.26082118e-04 
 1.35000000e+00  7.27848393e-04 
 1.36000000e+00  7.29817656e-04 
 1.37000000e+00  7.32004772e-04 
 1.38000000e+00  7.34425184e-04 
 1.39000000e+00  7.37094905e-04 
 1.40000000e+00  7.40030512e-04 
 1.41000000e+00  7.43249136e-04 
 1.42000000e+00  7.46768452e-04 
 1.43000000e+00  7.50606671e-04 
 1.44000000e+00  7.54782519e-04 
 1.45000000e+00  7.59315229e-04 
 1.46000000e+00  7.64224519e-04 
 1.47000000e+00  7.69530570e-04 
 1.48000000e+00  7.75254000e-04 
 1.49000000e+00  7.81415835e-04 
 1.50000000e+00  7.88037473e-04 
 1.51000000e+00  7.95140638e-04 
 1.52000000e+00  8.02747337e-04 
 1.53000000e+00  8.10879794e-04 
 1.54000000e+00  8.19556630e-04 
 1.55000000e+00  8.28807643e-04 
 1.56000000e+00  8.38651727e-04 
 1.57000000e+00  8.49111242e-04 
 1.58000000e+00  8.60208357e-04 
 1.59000000e+00  8.71964925e-04 
 1.60000000e+00  8.84402364e-04 
 0.00000000e+00 -2.65755785e-05 
 1.00000000e-02  1.87435543e-05 
 2.00000000e-02  6.53980034e-05 
 3.00000000e-02  1.13092746e-04 
 4.00000000e-02  1.61538799e-04 
 5.00000000e-02  2.10455089e-04 
 6.00000000e-02  2.59569431e-04 
 7.00000000e-02  3.08618851e-04 
 8.00000000e-02  3.57349604e-04 
 9.00000000e-02  4.05517039e-04 
 1.00000000e-01  4.52885480e-04 
 1.10000000e-01  4.99228189e-04 
 1.20000000e-01  5.44327513e-04 
 1.30000000e-01  5.87975218e-04 
 1.40000000e-01  6.29973099e-04 
 1.50000000e-01  6.70133898e-04 
 1.60000000e-01  7.08282645e-04 
 1.70000000e-01  7.44258567e-04 
 1.80000000e-01  7.77917715e-04 
 1.90000000e-01  8.09136506e-04 
 2.00000000e-01  8.37816254e-04 
 2.10000000e-01  8.63888595e-04 
 2.20000000e-01  8.87321395e-04 
 2.30000000e-01  9.08124334e-04 
 2.40000000e-01  9.26352983e-04 
 2.50000000e-01  9.42110084e-04 
 2.60000000e-01  9.55542968e-04 
 2.70000000e-01  9.66836780e-04 
 2.80000000e-01  9.76204135e-04 
 2.90000000e-01  9.83872702e-04 
 3.00000000e-01  9.90072626e-04 
 3.10000000e-01  9.95025553e-04 
 3.20000000e-01  9.98936386e-04 
 3.30000000e-01  1.00198816e-03 
 3.40000000e-01  1.00433981e-03 
 3.50000000e-01  1.00612613e-03 
 3.60000000e-01  1.00745934e-03 
 3.70000000e-01  1.00843145e-03 
 3.80000000e-01  1.00911705e-03 
 3.90000000e-01  1.00957600e-03 
 4.00000000e-01  1.00985604e-03 
 4.10000000e-01  1.00999504e-03 
 4.20000000e-01  1.01002291e-03 
 4.30000000e-01  1.00996322e-03 
 4.40000000e-01  1.00983449e-03 
 4.50000000e-01  1.00965130e-03 
 4.60000000e-01  1.00942507e-03 
 4.70000000e-01  1.00916478e-03 
 4.80000000e-01  1.00887750e-03 
 4.90000000e-01  1.00856876e-03 
 5.00000000e-01  1.00824295e-03 
 5.10000000e-01  1.00790349e-03 
 5.20000000e-01  1.00755313e-03 
 5.30000000e-01  1.00719401e-03 
 5.40000000e-01  1.00682784e-03 
 5.50000000e-01  1.00645598e-03 
 5.60000000e-01  1.00607951e-03 
 5.70000000e-01  1.00569931e-03 
 5.80000000e-01  1.00531606e-03 
 5.90000000e-01  1.00493033e-03 
 6.00000000e-01  1.00454256e-03 
 6.10000000e-01  1.00415312e-03 
 6.20000000e-01  1.00376231e-03 
 6.30000000e-01  1.00337037e-03 
 6.40000000e-01  1.00297749e-03 
 6.50000000e-01  1.00258383e-03 
 6.60000000e-01  1.00218954e-03 
 6.70000000e-01  1.00179471e-03 
 6.80000000e-01  1.00139947e-03 
 6.90000000e-01  1.00100400e-03 
 7.00000000e-01  1.00060842e-03 
 7.10000000e-01  1.00021286e-03 
 7.20000000e-01  9.99817403e-04 
 7.30000000e-01  9.99422123e-04 
 7.40000000e-01  9.99027080e-04 
 7.50000000e-01  9.98632327e-04 
 7.60000000e-01  9.98237906e-04 
 7.70000000e-01  9.97843854e-04 
 7.80000000e-01  9.97450201e-04 
 7.90000000e-01  9.97056975e-04 
 8.00000000e-01  9.96664197e-04 
 8.10000000e-01  9.96271888e-04 
 8.20000000e-01  9.95880064e-04 
 8.30000000e-01  9.95488741e-04 
 8.40000000e-01  9.95097930e-04 
 8.50000000e-01  9.94707644e-04 
 8.60000000e-01  9.94317891e-04 
 8.70000000e-01  9.93928679e-04 
 8.80000000e-01  9.93540018e-04 
 8.90000000e-01  9.93151912e-04 
 9.00000000e-01  9.92764369e-04 
 9.10000000e-01  9.92377396e-04 
 9.20000000e-01  9.91990998e-04 
 9.30000000e-01  9.91605184e-04 
 9.40000000e-01  9.91219964e-04 
 9.50000000e-01  9.90835352e-04 
 9.60000000e-01  9.90451368e-04 
 9.70000000e-01  9.90068038e-04 
 9.80000000e-01  9.89685402e-04 
 9.90000000e-01  9.89303513e-04 
 1.00000000e+00  9.88922443e-04 
 1.01000000e+00  9.88542293e-04 
 1.02000000e+00  9.88163195e-04 
 1.03000000e+00  9.87785324e-04 
 1.04000000e+00  9.87408907e-04 
 1.05000000e+00  9.87034235e-04 
 1.06000000e+00  9.86661678e-04 
 1.07000000e+00  9.86291696e-04 
 1.08000000e+00  9.85924859e-04 
 1.09000000e+00  9.85561865e-04 
 1.10000000e+00  9.85203562e-04 
 1.11000000e+00  9.84850966e-04 
 1.12000000e+00  9.84505286e-04 
 1.13000000e+00  9.84167952e-04 
 1.14000000e+00  9.83840636e-04 
 1.15000000e+00  9.83525285e-04 
 1.16000000e+00  9.83224143e-04 
 1.17000000e+00  9.82939786e-04 
 1.18000000e+00  9.82675147e-04 
 1.19000000e+00  9.82433548e-04 
 1.20000000e+00  9.82218727e-04 
 1.21000000e+00  9.82034871e-04 
 1.22000000e+00  9.81886640e-04 
 1.23000000e+00  9.81779196e-04 
 1.24000000e+00  9.81718230e-04 
 1.25000000e+00  9.81709984e-04 
 1.26000000e+00  9.81761273e-04 
 1.27000000e+00  9.81879508e-04 
 1.28000000e+00  9.82072709e-04 
 1.29000000e+00  9.82349524e-04 
 1.30000000e+00  9.82719238e-04 
 1.31000000e+00  9.83191779e-04 
 1.32000000e+00  9.83777731e-04 
 1.33000000e+00  9.84488329e-04 
 1.34000000e+00  9.85335459e-04 
 1.35000000e+00  9.86331657e-04 
 1.36000000e+00  9.87490097e-04 
 1.37000000e+00  9.88824580e-04 
 1.38000000e+00  9.90349525e-04 
 1.39000000e+00  9.92079946e-04 
 1.40000000e+00  9.94031433e-04 
 1.41000000e+00  9.96220135e-04 
 1.42000000e+00  9.98662729e-04 
 1.43000000e+00  1.00137640e-03 
 1.44000000e+00  1.00437291e-03 
 1.45000000e+00  1.00768180e-03 
 1.46000000e+00  1.01131604e-03 
 1.47000000e+00  1.01529448e-03 
 1.48000000e+00  1.01963636e-03 
 1.49000000e+00  1.02436121e-03 
 1.50000000e+00  1.02948882e-03 
 1.51000000e+00  1.03503921e-03 
 1.52000000e+00  1.04103256e-03 
 1.53000000e+00  1.04748918e-03 
 1.54000000e+00  1.05442947e-03 
 1.55000000e+00  1.06187383e-03 
 1.56000000e+00  1.06984264e-03 
 1.57000000e+00  1.07835620e-03 
 1.58000000e+00  1.08743462e-03 
 1.59000000e+00  1.09709780e-03 
 1.60000000e+00  1.10736535e-03 
 0.00000000e+00 -3.06477683e-05 
 1.00000000e-02  2.04481814e-05 
 2.00000000e-02  7.27675429e-05 
 3.00000000e-02  1.26047265e-04 
 4.00000000e-02  1.80033714e-04 
 5.00000000e-02  2.34482998e-04 
 6.00000000e-02  2.89160856e-04 
 7.00000000e-02  3.43842229e-04 
 8.00000000e-02  3.98310739e-04 
 9.00000000e-02  4.52358190e-04 
 1.00000000e-01  5.05784136e-04 
 1.10000000e-01  5.58395593e-04 
 1.20000000e-01  6.10006877e-04 
 1.30000000e-01  6.60439581e-04 
 1.40000000e-01  7.09522654e-04 
 1.50000000e-01  7.57092558e-04 
 1.60000000e-01  8.02993464e-04 
 1.70000000e-01  8.47077477e-04 
 1.80000000e-01  8.89204902e-04 
 1.90000000e-01  9.29244638e-04 
 2.00000000e-01  9.67074815e-04 
 2.10000000e-01  1.00258390e-03 
 2.20000000e-01  1.03567250e-03 
 2.30000000e-01  1.06625616e-03 
 2.40000000e-01  1.09426930e-03 
 2.50000000e-01  1.11967026e-03 
 2.60000000e-01  1.14244711e-03 
 2.70000000e-01  1.16262354e-03 
 2.80000000e-01  1.18026347e-03 
 2.90000000e-01  1.19547330e-03 
 3.00000000e-01  1.20840040e-03 
 3.10000000e-01  1.21922754e-03 
 3.20000000e-01  1.22816359e-03 
 3.30000000e-01  1.23543200e-03 
 3.40000000e-01  1.24125875e-03 
 3.50000000e-01  1.24586169e-03 
 3.60000000e-01  1.24944241e-03 
 3.70000000e-01  1.25218112e-03 
 3.80000000e-01  1.25423432e-03 
 3.90000000e-01  1.25573476e-03 
 4.00000000e-01  1.25679291e-03 
 4.10000000e-01  1.25749927e-03 
 4.20000000e-01  1.25792712e-03 
 4.30000000e-01  1.25813522e-03 
 4.40000000e-01  1.25817035e-03 
 4.50000000e-01  1.25806955e-03 
 4.60000000e-01  1.25786204e-03 
 4.70000000e-01  1.25757078e-03 
 4.80000000e-01  1.25721382e-03 
 4.90000000e-01  1.25680528e-03 
 5.00000000e-01  1.25635624e-03 
 5.10000000e-01  1.25587537e-03 
 5.20000000e-01  1.25536946e-03 
 5.30000000e-01  1.25484386e-03 
 5.40000000e-01  1.25430274e-03 
 5.50000000e-01  1.25374940e-03 
 5.60000000e-01  1.25318642e-03 
 5.70000000e-01  1.25261584e-03 
 5.80000000e-01  1.25203929e-03 
 5.90000000e-01  1.25145803e-03 
 6.00000000e-01  1.25087308e-03 
 6.10000000e-01  1.25028526e-03 
 6.20000000e-01  1.24969519e-03 
 6.30000000e-01  1.24910340e-03 
 6.40000000e-01  1.24851030e-03 
 6.50000000e-01  1.24791623e-03 
 6.60000000e-01  1.24732144e-03 
 6.70000000e-01  1.24672615e-03 
 6.80000000e-01  1.24613055e-03 
 6.90000000e-01  1.24553476e-03 
 7.00000000e-01  1.24493891e-03 
 7.10000000e-01  1.24434310e-03 
 7.20000000e-01  1.24374740e-03 
 7.30000000e-01  1.24315195e-03 
 7.40000000e-01  1.24255691e-03 
 7.50000000e-01  1.24196241e-03 
 7.60000000e-01  1.24136855e-03 
 7.70000000e-01  1.24077539e-03 
 7.80000000e-01  1.24018300e-03 
 7.90000000e-01  1.23959143e-03 
 8.00000000e-01  1.23900073e-03 
 8.10000000e-01  1.23841093e-03 
 8.20000000e-01  1.23782206e-03 
 8.30000000e-01  1.23723414e-03 
 8.40000000e-01  1.23664720e-03 
 8.50000000e-01  1.23606126e-03 
 8.60000000e-01  1.23547632e-03 
 8.70000000e-01  1.23489241e-03 
 8.80000000e-01  1.23430953e-03 
 8.90000000e-01  1.23372769e-03 
 9.00000000e-01  1.23314690e-03 
 9.10000000e-01  1.23256717e-03 
 9.20000000e-01  1.23198850e-03 
 9.30000000e-01  1.23141089e-03 
 9.40000000e-01  1.23083436e-03 
 9.50000000e-01  1.23025890e-03 
 9.60000000e-01  1.22968452e-03 
 9.70000000e-01  1.22911123e-03 
 9.80000000e-01  1.22853903e-03 
 9.90000000e-01  1.22796793e-03 
 1.00000000e+00  1.22739796e-03 
 1.01000000e+00  1.22682912e-03 
 1.02000000e+00  1.22626147e-03 
 1.03000000e+00  1.22569504e-03 
 1.04000000e+00  1.22512991e-03 
 1.05000000e+00  1.22456618e-03 
 1.06000000e+00  1.22400396e-03 
 1.07000000e+00  1.22344344e-03 
 1.08000000e+00  1.22288485e-03 
 1.09000000e+00  1.22232847e-03 
 1.10000000e+00  1.22177468e-03 
 1.11000000e+00  1.22122395e-03 
 1.12000000e+00  1.22067688e-03 
 1.13000000e+00  1.22013418e-03 
 1.14000000e+00  1.21959675e-03 
 1.15000000e+00  1.21906564e-03 
 1.16000000e+00  1.21854214e-03 
 1.17000000e+00  1.21802776e-03 
 1.18000000e+00  1.21752429e-03 
 1.19000000e+00  1.21703379e-03 
 1.20000000e+00  1.21655867e-03 
 1.21000000e+00  1.21610171e-03 
 1.22000000e+00  1.21566607e-03 
 1.23000000e+00  1.21525534e-03 
 1.24000000e+00  1.21487357e-03 
 1.25000000e+00  1.21452532e-03 
 1.26000000e+00  1.21421565e-03 
 1.27000000e+00  1.21395019e-03 
 1.28000000e+00  1.21373517e-03 
 1.29000000e+00  1.21357741e-03 
 1.30000000e+00  1.21348436e-03 
 1.31000000e+00  1.21346416e-03 
 1.32000000e+00  1.21352558e-03 
 1.33000000e+00  1.21367812e-03 
 1.34000000e+00  1.21393195e-03 
 1.35000000e+00  1.21429796e-03 
 1.36000000e+00  1.21477962e-03 
 1.37000000e+00  1.21540510e-03 
 1.38000000e+00  1.21617965e-03 
 1.39000000e+00  1.21711689e-03 
 1.40000000e+00  1.21823120e-03 
 1.41000000e+00  1.21953755e-03 
 1.42000000e+00  1.22105159e-03 
 1.43000000e+00  1.22278950e-03 
 1.44000000e+00  1.22476808e-03 
 1.45000000e+00  1.22700462e-03 
 1.46000000e+00  1.22951692e-03 
 1.47000000e+00  1.23232321e-03 
 1.48000000e+00  1.23544213e-03 
 1.49000000e+00  1.23889266e-03 
 1.50000000e+00  1.24269411e-03 
 1.51000000e+00  1.24686602e-03 
 1.52000000e+00  1.25142816e-03 
 1.53000000e+00  1.25640042e-03 
 1.54000000e+00  1.26180281e-03 
 1.55000000e+00  1.26765537e-03 
 1.56000000e+00  1.27397813e-03 
 1.57000000e+00  1.28079106e-03 
 1.58000000e+00  1.28811397e-03 
 1.59000000e+00  1.29596652e-03 
 1.60000000e+00  1.30436809e-03 
 0.00000000e+00 -3.39122785e-05 
 1.00000000e-02  2.16094285e-05 
 2.00000000e-02  7.82489488e-05 
 3.00000000e-02  1.35770472e-04 
 4.00000000e-02  1.93948507e-04 
 5.00000000e-02  2.52567466e-04 
 6.00000000e-02  3.11421065e-04 
 7.00000000e-02  3.70311581e-04 
 8.00000000e-02  4.29049146e-04 
 9.00000000e-02  4.87451118e-04 
 1.00000000e-01  5.45341581e-04 
 1.10000000e-01  6.02551006e-04 
 1.20000000e-01  6.58916062e-04 
 1.30000000e-01  7.14279594e-04 
 1.40000000e-01  7.68490715e-04 
 1.50000000e-01  8.21404985e-04 
 1.60000000e-01  8.72884631e-04 
 1.70000000e-01  9.22798730e-04 
 1.80000000e-01  9.71023308e-04 
 1.90000000e-01  1.01744131e-03 
 2.00000000e-01  1.06194244e-03 
 2.10000000e-01  1.10442283e-03 
 2.20000000e-01  1.14478476e-03 
 2.30000000e-01  1.18293649e-03 
 2.40000000e-01  1.21879242e-03 
 2.50000000e-01  1.25227397e-03 
 2.60000000e-01  1.28331144e-03 
 2.70000000e-01  1.31184701e-03 
 2.80000000e-01  1.33783914e-03 
 2.90000000e-01  1.36126815e-03 
 3.00000000e-01  1.38214245e-03 
 3.10000000e-01  1.40050443e-03 
 3.20000000e-01  1.41643487e-03 
 3.30000000e-01  1.43005439e-03 
 3.40000000e-01  1.44152101e-03 
 3.50000000e-01  1.45102364e-03 
 3.60000000e-01  1.45877234e-03 
 3.70000000e-01  1.46498678e-03 
 3.80000000e-01  1.46988496e-03 
 3.90000000e-01  1.47367366e-03 
 4.00000000e-01  1.47654154e-03 
 4.10000000e-01  1.47865527e-03 
 4.20000000e-01  1.48015817e-03 
 4.30000000e-01  1.48117075e-03 
 4.40000000e-01  1.48179260e-03 
 4.50000000e-01  1.48210484e-03 
 4.60000000e-01  1.48217281e-03 
 4.70000000e-01  1.48204871e-03 
 4.80000000e-01  1.48177394e-03 
 4.90000000e-01  1.48138118e-03 
 5.00000000e-01  1.48089616e-03 
 5.10000000e-01  1.48033903e-03 
 5.20000000e-01  1.47972560e-03 
 5.30000000e-01  1.47906824e-03 
 5.40000000e-01  1.47837660e-03 
 5.50000000e-01  1.47765824e-03 
 5.60000000e-01  1.47691908e-03 
 5.70000000e-01  1.47616374e-03 
 5.80000000e-01  1.47539585e-03 
 5.90000000e-01  1.47461826e-03 
 6.00000000e-01  1.47383319e-03 
 6.10000000e-01  1.47304241e-03 
 6.20000000e-01  1.47224729e-03 
 6.30000000e-01  1.47144894e-03 
 6.40000000e-01  1.47064821e-03 
 6.50000000e-01  1.46984580e-03 
 6.60000000e-01  1.46904225e-03 
 6.70000000e-01  1.46823798e-03 
 6.80000000e-01  1.46743336e-03 
 6.90000000e-01  1.46662864e-03 
 7.00000000e-01  1.46582406e-03 
 7.10000000e-01  1.46501979e-03 
 7.20000000e-01  1.46421597e-03 
 7.30000000e-01  1.46341272e-03 
 7.40000000e-01  1.46261013e-03 
 7.50000000e-01  1.46180827e-03 
 7.60000000e-01  1.46100721e-03 
 7.70000000e-01  1.46020708e-03 
 7.80000000e-01  1.45940804e-03 
 7.90000000e-01  1.45861021e-03 
 8.00000000e-01  1.45781368e-03 
 8.10000000e-01  1.45701852e-03 
 8.20000000e-01  1.45622479e-03 
 8.30000000e-01  1.45543254e-03 
 8.40000000e-01  1.45464180e-03 
 8.50000000e-01  1.45385261e-03 
 8.60000000e-01  1.45306498e-03 
 8.70000000e-01  1.45227895e-03 
 8.80000000e-01  1.45149453e-03 
 8.90000000e-01  1.45071173e-03 
 9.00000000e-01  1.44993057e-03 
 9.10000000e-01  1.44915104e-03 
 9.20000000e-01  1.44837317e-03 
 9.30000000e-01  1.44759696e-03 
 9.40000000e-01  1.44682241e-03 
 9.50000000e-01  1.44604952e-03 
 9.60000000e-01  1.44527829e-03 
 9.70000000e-01  1.44450874e-03 
 9.80000000e-01  1.44374085e-03 
 9.90000000e-01  1.44297464e-03 
 1.00000000e+00  1.44221010e-03 
 1.01000000e+00  1.44144723e-03 
 1.02000000e+00  1.44068604e-03 
 1.03000000e+00  1.43992655e-03 
 1.04000000e+00  1.43916876e-03 
 1.05000000e+00  1.43841271e-03 
 1.06000000e+00  1.43765841e-03 
 1.07000000e+00  1.43690594e-03 
 1.08000000e+00  1.43615537e-03 
 1.09000000e+00  1.43540679e-03 
 1.10000000e+00  1.43466036e-03 
 1.11000000e+00  1.43391627e-03 
 1.12000000e+00  1.43317477e-03 
 1.13000000e+00  1.43243620e-03 
 1.14000000e+00  1.43170096e-03 
 1.15000000e+00  1.43096960e-03 
 1.16000000e+00  1.43024277e-03 
 1.17000000e+00  1.42952130e-03 
 1.18000000e+00  1.42880617e-03 
 1.19000000e+00  1.42809858e-03 
 1.20000000e+00  1.42739998e-03 
 1.21000000e+00  1.42671206e-03 
 1.22000000e+00  1.42603682e-03 
 1.23000000e+00  1.42537660e-03 
 1.24000000e+00  1.42473409e-03 
 1.25000000e+00  1.42410224e-03 
 1.26000000e+00  1.42350462e-03 
 1.27000000e+00  1.42293542e-03 
 1.28000000e+00  1.42239912e-03 
 1.29000000e+00  1.42190081e-03 
 1.30000000e+00  1.42144616e-03 
 1.31000000e+00  1.42104144e-03 
 1.32000000e+00  1.42069359e-03 
 1.33000000e+00  1.42041020e-03 
 1.34000000e+00  1.42019955e-03 
 1.35000000e+00  1.42007066e-03 
 1.36000000e+00  1.42003325e-03 
 1.37000000e+00  1.42009781e-03 
 1.38000000e+00  1.42027556e-03 
 1.39000000e+00  1.42057850e-03 
 1.40000000e+00  1.42101935e-03 
 1.41000000e+00  1.42161159e-03 
 1.42000000e+00  1.42236939e-03 
 1.43000000e+00  1.42330768e-03 
 1.44000000e+00  1.42444201e-03 
 1.45000000e+00  1.42578862e-03 
 1.46000000e+00  1.42736435e-03 
 1.47000000e+00  1.42918661e-03 
 1.48000000e+00  1.43127334e-03 
 1.49000000e+00  1.43364294e-03 
 1.50000000e+00  1.43631427e-03 
 1.51000000e+00  1.43930653e-03 
 1.52000000e+00  1.44263926e-03 
 1.53000000e+00  1.44633224e-03 
 1.54000000e+00  1.45040544e-03 
 1.55000000e+00  1.45487898e-03 
 1.56000000e+00  1.45977302e-03 
 1.57000000e+00  1.46510774e-03 
 1.58000000e+00  1.47090329e-03 
 1.59000000e+00  1.47717964e-03 
 1.60000000e+00  1.48395663e-03 
 0.00000000e+00 -3.66405223e-05 
 1.00000000e-02  2.24347719e-05 
 2.00000000e-02  8.25352009e-05 
 3.00000000e-02  1.43447721e-04 
 4.00000000e-02  2.04969523e-04 
 5.00000000e-02  2.66907251e-04 
 6.00000000e-02  3.29076189e-04 
 7.00000000e-02  3.91299391e-04 
 8.00000000e-02  4.53406905e-04 
 9.00000000e-02  5.15235097e-04 
 1.00000000e-01  5.76626129e-04 
 1.10000000e-01  6.37427589e-04 
 1.20000000e-01  6.97492295e-04 
 1.30000000e-01  7.56678257e-04 
 1.40000000e-01  8.14848797e-04 
 1.50000000e-01  8.71872780e-04 
 1.60000000e-01  9.27624931e-04 
 1.70000000e-01  9.81986181e-04 
 1.80000000e-01  1.03484397e-03 
 1.90000000e-01  1.08609244e-03 
 2.00000000e-01  1.13563247e-03 
 2.10000000e-01  1.18337147e-03 
 2.20000000e-01  1.22922296e-03 
 2.30000000e-01  1.27310583e-03 
 2.40000000e-01  1.31494356e-03 
 2.50000000e-01  1.35466336e-03 
 2.60000000e-01  1.39219545e-03 
 2.70000000e-01  1.42747287e-03 
 2.80000000e-01  1.46043195e-03 
 2.90000000e-01  1.49101382e-03 
 3.00000000e-01  1.51916729e-03 
 3.10000000e-01  1.54485303e-03 
 3.20000000e-01  1.56804911e-03 
 3.30000000e-01  1.58875746e-03 
 3.40000000e-01  1.60701024e-03 
 3.50000000e-01  1.62287513e-03 
 3.60000000e-01  1.63645803e-03 
 3.70000000e-01  1.64790218e-03 
 3.80000000e-01  1.65738308e-03 
 3.90000000e-01  1.66509994e-03 
 4.00000000e-01  1.67126480e-03 
 4.10000000e-01  1.67609125e-03 
 4.20000000e-01  1.67978449e-03 
 4.30000000e-01  1.68253376e-03 
 4.40000000e-01  1.68450772e-03 
 4.50000000e-01  1.68585239e-03 
 4.60000000e-01  1.68669128e-03 
 4.70000000e-01  1.68712686e-03 
 4.80000000e-01  1.68724286e-03 
 4.90000000e-01  1.68710689e-03 
 5.00000000e-01  1.68677301e-03 
 5.10000000e-01  1.68628418e-03 
 5.20000000e-01  1.68567429e-03 
 5.30000000e-01  1.68497002e-03 
 5.40000000e-01  1.68419229e-03 
 5.50000000e-01  1.68335746e-03 
 5.60000000e-01  1.68247834e-03 
 5.70000000e-01  1.68156491e-03 
 5.80000000e-01  1.68062498e-03 
 5.90000000e-01  1.67966463e-03 
 6.00000000e-01  1.67868864e-03 
 6.10000000e-01  1.67770071e-03 
 6.20000000e-01  1.67670377e-03 
 6.30000000e-01  1.67570009e-03 
 6.40000000e-01  1.67469145e-03 
 6.50000000e-01  1.67367927e-03 
 6.60000000e-01  1.67266464e-03 
 6.70000000e-01  1.67164844e-03 
 6.80000000e-01  1.67063136e-03 
 6.90000000e-01  1.66961393e-03 
 7.00000000e-01  1.66859658e-03 
 7.10000000e-01  1.66757965e-03 
 7.20000000e-01  1.66656341e-03 
 7.30000000e-01  1.66554808e-03 
 7.40000000e-01  1.66453382e-03 
 7.50000000e-01  1.66352076e-03 
 7.60000000e-01  1.66250902e-03 
 7.70000000e-01  1.66149867e-03 
 7.80000000e-01  1.66048979e-03 
 7.90000000e-01  1.65948242e-03 
 8.00000000e-01  1.65847663e-03 
 8.10000000e-01  1.65747259e-03 
 8.20000000e-01  1.65647044e-03 
 8.30000000e-01  1.65547027e-03 
 8.40000000e-01  1.65447217e-03 
 8.50000000e-01  1.65347619e-03 
 8.60000000e-01  1.65248239e-03 
 8.70000000e-01  1.65149080e-03 
 8.80000000e-01  1.65050146e-03 
 8.90000000e-01  1.64951438e-03 
 9.00000000e-01  1.64852958e-03 
 9.10000000e-01  1.64754709e-03 
 9.20000000e-01  1.64656690e-03 
 9.30000000e-01  1.64558904e-03 
 9.40000000e-01  1.64461350e-03 
 9.50000000e-01  1.64364029e-03 
 9.60000000e-01  1.64266942e-03 
 9.70000000e-01  1.64170088e-03 
 9.80000000e-01  1.64073468e-03 
 9.90000000e-01  1.63977080e-03 
 1.00000000e+00  1.63880926e-03 
 1.01000000e+00  1.63785005e-03 
 1.02000000e+00  1.63689317e-03 
 1.03000000e+00  1.63593861e-03 
 1.04000000e+00  1.63498638e-03 
 1.05000000e+00  1.63403647e-03 
 1.06000000e+00  1.63308889e-03 
 1.07000000e+00  1.63214366e-03 
 1.08000000e+00  1.63120077e-03 
 1.09000000e+00  1.63026028e-03 
 1.10000000e+00  1.62932221e-03 
 1.11000000e+00  1.62837510e-03 
 1.12000000e+00  1.62744177e-03 
 1.13000000e+00  1.62651121e-03 
 1.14000000e+00  1.62558352e-03 
 1.15000000e+00  1.62465896e-03 
 1.16000000e+00  1.62373784e-03 
 1.17000000e+00  1.62282056e-03 
 1.18000000e+00  1.62190764e-03 
 1.19000000e+00  1.62099970e-03 
 1.20000000e+00  1.62009755e-03 
 1.21000000e+00  1.61920217e-03 
 1.22000000e+00  1.61831473e-03 
 1.23000000e+00  1.61743667e-03 
 1.24000000e+00  1.61656968e-03 
 1.25000000e+00  1.61571576e-03 
 1.26000000e+00  1.61487727e-03 
 1.27000000e+00  1.61405692e-03 
 1.28000000e+00  1.61325786e-03 
 1.29000000e+00  1.61248370e-03 
 1.30000000e+00  1.61173855e-03 
 1.31000000e+00  1.61102703e-03 
 1.32000000e+00  1.61035436e-03 
 1.33000000e+00  1.60972637e-03 
 1.34000000e+00  1.60914951e-03 
 1.35000000e+00  1.60863095e-03 
 1.36000000e+00  1.60817852e-03 
 1.37000000e+00  1.60780082e-03 
 1.38000000e+00  1.60750720e-03 
 1.39000000e+00  1.60730776e-03 
 1.40000000e+00  1.60721339e-03 
 1.41000000e+00  1.60723580e-03 
 1.42000000e+00  1.60738745e-03 
 1.43000000e+00  1.60768161e-03 
 1.44000000e+00  1.60813231e-03 
 1.45000000e+00  1.60875436e-03 
 1.46000000e+00  1.60956327e-03 
 1.47000000e+00  1.61057527e-03 
 1.48000000e+00  1.61180725e-03 
 1.49000000e+00  1.61327672e-03 
 1.50000000e+00  1.61500177e-03 
 1.51000000e+00  1.61700100e-03 
 1.52000000e+00  1.61929347e-03 
 1.53000000e+00  1.62189868e-03 
 1.54000000e+00  1.62483641e-03 
 1.55000000e+00  1.62812677e-03 
 1.56000000e+00  1.63179002e-03 
 1.57000000e+00  1.63584660e-03 
 1.58000000e+00  1.64031698e-03 
 1.59000000e+00  1.64522164e-03 
 1.60000000e+00  1.65058098e-03 
 0.00000000e+00 -3.89883992e-05 
 1.00000000e-02  2.30356427e-05 
 2.00000000e-02  8.60048550e-05 
 3.00000000e-02  1.49725275e-04 
 4.00000000e-02  2.14012700e-04 
 5.00000000e-02  2.78691735e-04 
 6.00000000e-02  3.43594892e-04 
 7.00000000e-02  4.08561688e-04 
 8.00000000e-02  4.73437844e-04 
 9.00000000e-02  5.38074605e-04 
 1.00000000e-01  6.02328206e-04 
 1.10000000e-01  6.66059486e-04 
 1.20000000e-01  7.29133659e-04 
 1.30000000e-01  7.91420262e-04 
 1.40000000e-01  8.52793240e-04 
 1.50000000e-01  9.13131182e-04 
 1.60000000e-01  9.72317674e-04 
 1.70000000e-01  1.03024172e-03 
 1.80000000e-01  1.08679820e-03 
 1.90000000e-01  1.14188829e-03 
 2.00000000e-01  1.19541977e-03 
 2.10000000e-01  1.24730719e-03 
 2.20000000e-01  1.29747177e-03 
 2.30000000e-01  1.34584099e-03 
 2.40000000e-01  1.39234795e-03 
 2.50000000e-01  1.43693038e-03 
 2.60000000e-01  1.47952947e-03 
 2.70000000e-01  1.52008863e-03 
 2.80000000e-01  1.55855227e-03 
 2.90000000e-01  1.59486507e-03 
 3.00000000e-01  1.62897161e-03 
 3.10000000e-01  1.66081705e-03 
 3.20000000e-01  1.69034889e-03 
 3.30000000e-01  1.71751997e-03 
 3.40000000e-01  1.74229307e-03 
 3.50000000e-01  1.76464665e-03 
 3.60000000e-01  1.78458151e-03 
 3.70000000e-01  1.80212737e-03 
 3.80000000e-01  1.81734831e-03 
 3.90000000e-01  1.83034573e-03 
 4.00000000e-01  1.84125760e-03 
 4.10000000e-01  1.85025381e-03 
 4.20000000e-01  1.85752775e-03 
 4.30000000e-01  1.86328581e-03 
 4.40000000e-01  1.86773629e-03 
 4.50000000e-01  1.87107956e-03 
 4.60000000e-01  1.87350066e-03 
 4.70000000e-01  1.87516455e-03 
 4.80000000e-01  1.87621419e-03 
 4.90000000e-01  1.87677047e-03 
 5.00000000e-01  1.87693372e-03 
 5.10000000e-01  1.87678591e-03 
 5.20000000e-01  1.87639321e-03 
 5.30000000e-01  1.87580852e-03 
 5.40000000e-01  1.87507383e-03 
 5.50000000e-01  1.87422229e-03 
 5.60000000e-01  1.87327994e-03 
 5.70000000e-01  1.87226721e-03 
 5.80000000e-01  1.87120006e-03 
 5.90000000e-01  1.87009095e-03 
 6.00000000e-01  1.86894962e-03 
 6.10000000e-01  1.86778365e-03 
 6.20000000e-01  1.86659895e-03 
 6.30000000e-01  1.86540014e-03 
 6.40000000e-01  1.86419083e-03 
 6.50000000e-01  1.86297382e-03 
 6.60000000e-01  1.86175131e-03 
 6.70000000e-01  1.86052502e-03 
 6.80000000e-01  1.85929631e-03 
 6.90000000e-01  1.85806622e-03 
 7.00000000e-01  1.85683558e-03 
 7.10000000e-01  1.85560504e-03 
 7.20000000e-01  1.85437512e-03 
 7.30000000e-01  1.85314622e-03 
 7.40000000e-01  1.85191865e-03 
 7.50000000e-01  1.85069265e-03 
 7.60000000e-01  1.84946843e-03 
 7.70000000e-01  1.84824614e-03 
 7.80000000e-01  1.84702589e-03 
 7.90000000e-01  1.84580778e-03 
 8.00000000e-01  1.84459188e-03 
 8.10000000e-01  1.84337824e-03 
 8.20000000e-01  1.84216691e-03 
 8.30000000e-01  1.84095793e-03 
 8.40000000e-01  1.83975144e-03 
 8.50000000e-01  1.83854760e-03 
 8.60000000e-01  1.83734650e-03 
 8.70000000e-01  1.83614823e-03 
 8.80000000e-01  1.83495285e-03 
 8.90000000e-01  1.83376040e-03 
 9.00000000e-01  1.83257093e-03 
 9.10000000e-01  1.83138446e-03 
 9.20000000e-01  1.83020100e-03 
 9.30000000e-01  1.82902057e-03 
 9.40000000e-01  1.82784320e-03 
 9.50000000e-01  1.82666887e-03 
 9.60000000e-01  1.82549760e-03 
 9.70000000e-01  1.82432939e-03 
 9.80000000e-01  1.82316423e-03 
 9.90000000e-01  1.82200214e-03 
 1.00000000e+00  1.82084310e-03 
 1.01000000e+00  1.81967420e-03 
 1.02000000e+00  1.81852082e-03 
 1.03000000e+00  1.81737053e-03 
 1.04000000e+00  1.81622325e-03 
 1.05000000e+00  1.81507898e-03 
 1.06000000e+00  1.81393773e-03 
 1.07000000e+00  1.81279949e-03 
 1.08000000e+00  1.81166425e-03 
 1.09000000e+00  1.81053201e-03 
 1.10000000e+00  1.80940279e-03 
 1.11000000e+00  1.80827659e-03 
 1.12000000e+00  1.80715344e-03 
 1.13000000e+00  1.80603338e-03 
 1.14000000e+00  1.80491647e-03 
 1.15000000e+00  1.80380279e-03 
 1.16000000e+00  1.80269249e-03 
 1.17000000e+00  1.80158573e-03 
 1.18000000e+00  1.80048274e-03 
 1.19000000e+00  1.79938386e-03 
 1.20000000e+00  1.79828947e-03 
 1.21000000e+00  1.79720010e-03 
 1.22000000e+00  1.79611641e-03 
 1.23000000e+00  1.79503922e-03 
 1.24000000e+00  1.79396952e-03 
 1.25000000e+00  1.79290855e-03 
 1.26000000e+00  1.79185777e-03 
 1.27000000e+00  1.79081896e-03 
 1.28000000e+00  1.78979418e-03 
 1.29000000e+00  1.78878590e-03 
 1.30000000e+00  1.78779694e-03 
 1.31000000e+00  1.78683060e-03 
 1.32000000e+00  1.78589065e-03 
 1.33000000e+00  1.78498138e-03 
 1.34000000e+00  1.78410766e-03 
 1.35000000e+00  1.78327494e-03 
 1.36000000e+00  1.78248934e-03 
 1.37000000e+00  1.78175765e-03 
 1.38000000e+00  1.78108738e-03 
 1.39000000e+00  1.78048678e-03 
 1.40000000e+00  1.77996489e-03 
 1.41000000e+00  1.77953151e-03 
 1.42000000e+00  1.77919728e-03 
 1.43000000e+00  1.77897365e-03 
 1.44000000e+00  1.77887291e-03 
 1.45000000e+00  1.77890815e-03 
 1.46000000e+00  1.77909329e-03 
 1.47000000e+00  1.77944306e-03 
 1.48000000e+00  1.77997296e-03 
 1.49000000e+00  1.78069923e-03 
 1.50000000e+00  1.78163884e-03 
 1.51000000e+00  1.78280940e-03 
 1.52000000e+00  1.78422917e-03 
 1.53000000e+00  1.78591696e-03 
 1.54000000e+00  1.78789208e-03 
 1.55000000e+00  1.79017427e-03 
 1.56000000e+00  1.79278366e-03 
 1.57000000e+00  1.79574065e-03 
 1.58000000e+00  1.79906588e-03 
 1.59000000e+00  1.80278011e-03 
 1.60000000e+00  1.80690419e-03 
 0.00000000e+00 -4.10531864e-05 
 1.00000000e-02  2.34778665e-05 
 2.00000000e-02  8.88851294e-05 
 3.00000000e-02  1.54990772e-04 
 4.00000000e-02  2.21626111e-04 
 5.00000000e-02  2.88630592e-04 
 6.00000000e-02  3.55850873e-04 
 7.00000000e-02  4.23139917e-04 
 8.00000000e-02  4.90356212e-04 
 9.00000000e-02  5.57363094e-04 
 1.00000000e-01  6.24028216e-04 
 1.10000000e-01  6.90223144e-04 
 1.20000000e-01  7.55823111e-04 
 1.30000000e-01  8.20706915e-04 
 1.40000000e-01  8.84756976e-04 
 1.50000000e-01  9.47859524e-04 
 1.60000000e-01  1.00990493e-03 
 1.70000000e-01  1.07078815e-03 
 1.80000000e-01  1.13040922e-03 
 1.90000000e-01  1.18867377e-03 
 2.00000000e-01  1.24549361e-03 
 2.10000000e-01  1.30078707e-03 
 2.20000000e-01  1.35447927e-03 
 2.30000000e-01  1.40650217e-03 
 2.40000000e-01  1.45679428e-03 
 2.50000000e-01  1.50530004e-03 
 2.60000000e-01  1.55196895e-03 
 2.70000000e-01  1.59675435e-03 
 2.80000000e-01  1.63961194e-03 
 2.90000000e-01  1.68049838e-03 
 3.00000000e-01  1.71936978e-03 
 3.10000000e-01  1.75618059e-03 
 3.20000000e-01  1.79088298e-03 
 3.30000000e-01  1.82342695e-03 
 3.40000000e-01  1.85376143e-03 
 3.50000000e-01  1.88183660e-03 
 3.60000000e-01  1.90760759e-03 
 3.70000000e-01  1.93103950e-03 
 3.80000000e-01  1.95211360e-03 
 3.90000000e-01  1.97083418e-03 
 4.00000000e-01  1.98723504e-03 
 4.10000000e-01  2.00138455e-03 
 4.20000000e-01  2.01338800e-03 
 4.30000000e-01  2.02338610e-03 
 4.40000000e-01  2.03154965e-03 
 4.50000000e-01  2.03807074e-03 
 4.60000000e-01  2.04315219e-03 
 4.70000000e-01  2.04699673e-03 
 4.80000000e-01  2.04979780e-03 
 4.90000000e-01  2.05173271e-03 
 5.00000000e-01  2.05295861e-03 
 5.10000000e-01  2.05361096e-03 
 5.20000000e-01  2.05380382e-03 
 5.30000000e-01  2.05363154e-03 
 5.40000000e-01  2.05317094e-03 
 5.50000000e-01  2.05248391e-03 
 5.60000000e-01  2.05161983e-03 
 5.70000000e-01  2.05061782e-03 
 5.80000000e-01  2.04950873e-03 
 5.90000000e-01  2.04831676e-03 
 6.00000000e-01  2.04706088e-03 
 6.10000000e-01  2.04575590e-03 
 6.20000000e-01  2.04441336e-03 
 6.30000000e-01  2.04304227e-03 
 6.40000000e-01  2.04164965e-03 
 6.50000000e-01  2.04024096e-03 
 6.60000000e-01  2.03882046e-03 
 6.70000000e-01  2.03739147e-03 
 6.80000000e-01  2.03595658e-03 
 6.90000000e-01  2.03451780e-03 
 7.00000000e-01  2.03307672e-03 
 7.10000000e-01  2.03163457e-03 
 7.20000000e-01  2.03019230e-03 
 7.30000000e-01  2.02875067e-03 
 7.40000000e-01  2.02731026e-03 
 7.50000000e-01  2.02587155e-03 
 7.60000000e-01  2.02443487e-03 
 7.70000000e-01  2.02300052e-03 
 7.80000000e-01  2.02156872e-03 
 7.90000000e-01  2.02013962e-03 
 8.00000000e-01  2.01871337e-03 
 8.10000000e-01  2.01729005e-03 
 8.20000000e-01  2.01586975e-03 
 8.30000000e-01  2.01445252e-03 
 8.40000000e-01  2.01303841e-03 
 8.50000000e-01  2.01162743e-03 
 8.60000000e-01  2.01021962e-03 
 8.70000000e-01  2.00881514e-03 
 8.80000000e-01  2.00741411e-03 
 8.90000000e-01  2.00601665e-03 
 9.00000000e-01  2.00462284e-03 
 9.10000000e-01  2.00323272e-03 
 9.20000000e-01  2.00184635e-03 
 9.30000000e-01  2.00046374e-03 
 9.40000000e-01  1.99908493e-03 
 9.50000000e-01  1.99769517e-03 
 9.60000000e-01  1.99632344e-03 
 9.70000000e-01  1.99495559e-03 
 9.80000000e-01  1.99359153e-03 
 9.90000000e-01  1.99223129e-03 
 1.00000000e+00  1.99087486e-03 
 1.01000000e+00  1.98952224e-03 
 1.02000000e+00  1.98817341e-03 
 1.03000000e+00  1.98682839e-03 
 1.04000000e+00  1.98548714e-03 
 1.05000000e+00  1.98414968e-03 
 1.06000000e+00  1.98281597e-03 
 1.07000000e+00  1.98148602e-03 
 1.08000000e+00  1.98015982e-03 
 1.09000000e+00  1.97883734e-03 
 1.10000000e+00  1.97751859e-03 
 1.11000000e+00  1.97620355e-03 
 1.12000000e+00  1.97489223e-03 
 1.13000000e+00  1.97358462e-03 
 1.14000000e+00  1.97228073e-03 
 1.15000000e+00  1.97098059e-03 
 1.16000000e+00  1.96968423e-03 
 1.17000000e+00  1.96839173e-03 
 1.18000000e+00  1.96710317e-03 
 1.19000000e+00  1.96581868e-03 
 1.20000000e+00  1.96453847e-03 
 1.21000000e+00  1.96326276e-03 
 1.22000000e+00  1.96199191e-03 
 1.23000000e+00  1.96072635e-03 
 1.24000000e+00  1.95946664e-03 
 1.25000000e+00  1.95821347e-03 
 1.26000000e+00  1.95696773e-03 
 1.27000000e+00  1.95573050e-03 
 1.28000000e+00  1.95450309e-03 
 1.29000000e+00  1.95328709e-03 
 1.30000000e+00  1.95208439e-03 
 1.31000000e+00  1.95089722e-03 
 1.32000000e+00  1.94972820e-03 
 1.33000000e+00  1.94858040e-03 
 1.34000000e+00  1.94745734e-03 
 1.35000000e+00  1.94636305e-03 
 1.36000000e+00  1.94530214e-03 
 1.37000000e+00  1.94427981e-03 
 1.38000000e+00  1.94330191e-03 
 1.39000000e+00  1.94237497e-03 
 1.40000000e+00  1.94150625e-03 
 1.41000000e+00  1.94070377e-03 
 1.42000000e+00  1.93997632e-03 
 1.43000000e+00  1.93933351e-03 
 1.44000000e+00  1.93878580e-03 
 1.45000000e+00  1.93834448e-03 
 1.46000000e+00  1.93802171e-03 
 1.47000000e+00  1.93783050e-03 
 1.48000000e+00  1.93778472e-03 
 1.49000000e+00  1.93789908e-03 
 1.50000000e+00  1.93818909e-03 
 1.51000000e+00  1.93867109e-03 
 1.52000000e+00  1.93936214e-03 
 1.53000000e+00  1.94028001e-03 
 1.54000000e+00  1.94144316e-03 
 1.55000000e+00  1.94287062e-03 
 1.56000000e+00  1.94458197e-03 
 1.57000000e+00  1.94661747e-03 
 1.58000000e+00  1.94895780e-03 
 1.59000000e+00  1.95164340e-03 
 1.60000000e+00  1.95469508e-03 
