 v-sweep         ic             
 0.00000000e+00 -1.17779446e-05 
 1.00000000e-02  9.01991497e-06 
 2.00000000e-02  3.04086762e-05 
 3.00000000e-02  5.20400609e-05 
 4.00000000e-02  7.35604351e-05 
 5.00000000e-02  9.46238537e-05 
 6.00000000e-02  1.14904447e-04 
 7.00000000e-02  1.34108419e-04 
 8.00000000e-02  1.51985665e-04 
 9.00000000e-02  1.68340433e-04 
 1.00000000e-01  1.83039874e-04 
 1.10000000e-01  1.96018935e-04 
 1.20000000e-01  2.07280146e-04 
 1.30000000e-01  2.16887615e-04 
 1.40000000e-01  2.24955696e-04 
 1.50000000e-01  2.31634322e-04 
 1.60000000e-01  2.37092872e-04 
 1.70000000e-01  2.41505813e-04 
 1.80000000e-01  2.45041162e-04 
 1.90000000e-01  2.47852706e-04 
 2.00000000e-01  2.50075776e-04 
 2.10000000e-01  2.51825843e-04 
 2.20000000e-01  2.53199098e-04 
 2.30000000e-01  2.54274188e-04 
 2.40000000e-01  2.55114503e-04 
 2.50000000e-01  2.55770578e-04 
 2.60000000e-01  2.56282373e-04 
 2.70000000e-01  2.56681301e-04 
 2.80000000e-01  2.56991945e-04 
 2.90000000e-01  2.57233494e-04 
 3.00000000e-01  2.57420896e-04 
 3.10000000e-01  2.57565790e-04 
 3.20000000e-01  2.57677235e-04 
 3.30000000e-01  2.57762287e-04 
 3.40000000e-01  2.57826447e-04 
 3.50000000e-01  2.57874011e-04 
 3.60000000e-01  2.57908341e-04 
 3.70000000e-01  2.57932073e-04 
 3.80000000e-01  2.57947281e-04 
 3.90000000e-01  2.57955599e-04 
 4.00000000e-01  2.57958319e-04 
 4.10000000e-01  2.57956470e-04 
 4.20000000e-01  2.57950866e-04 
 4.30000000e-01  2.57942163e-04 
 4.40000000e-01  2.57930885e-04 
 4.50000000e-01  2.57917455e-04 
 4.60000000e-01  2.57902213e-04 
 4.70000000e-01  2.57885438e-04 
 4.80000000e-01  2.57867356e-04 
 4.90000000e-01  2.57848151e-04 
 5.00000000e-01  2.57827977e-04 
 5.10000000e-01  2.57806966e-04 
 5.20000000e-01  2.57785246e-04 
 5.30000000e-01  2.57762926e-04 
 5.40000000e-01  2.57740095e-04 
 5.50000000e-01  2.57716827e-04 
 5.60000000e-01  2.57693182e-04 
 5.70000000e-01  2.57669214e-04 
 5.80000000e-01  2.57644964e-04 
 5.90000000e-01  2.57620472e-04 
 6.00000000e-01  2.57595767e-04 
 6.10000000e-01  2.57570877e-04 
 6.20000000e-01  2.57545825e-04 
 6.30000000e-01  2.57520630e-04 
 6.40000000e-01  2.57495310e-04 
 6.50000000e-01  2.57469879e-04 
 6.60000000e-01  2.57444350e-04 
 6.70000000e-01  2.57418733e-04 
 6.80000000e-01  2.57393039e-04 
 6.90000000e-01  2.57367275e-04 
 7.00000000e-01  2.57341449e-04 
 7.10000000e-01  2.57315568e-04 
 7.20000000e-01  2.57289636e-04 
 7.30000000e-01  2.57263660e-04 
 7.40000000e-01  2.57237643e-04 
 7.50000000e-01  2.57211590e-04 
 7.60000000e-01  2.57185505e-04 
 7.70000000e-01  2.57159391e-04 
 7.80000000e-01  2.57133253e-04 
 7.90000000e-01  2.57107094e-04 
 8.00000000e-01  2.57080921e-04 
 8.10000000e-01  2.57054738e-04 
 8.20000000e-01  2.57028555e-04 
 8.30000000e-01  2.57002380e-04 
 8.40000000e-01  2.56976227e-04 
 8.50000000e-01  2.56950113e-04 
 8.60000000e-01  2.56924058e-04 
 8.70000000e-01  2.56898092e-04 
 8.80000000e-01  2.56872250e-04 
 8.90000000e-01  2.56846578e-04 
 9.00000000e-01  2.56821131e-04 
 9.10000000e-01  2.56795982e-04 
 9.20000000e-01  2.56771216e-04 
 9.30000000e-01  2.56746939e-04 
 9.40000000e-01  2.56723281e-04 
 9.50000000e-01  2.56700393e-04 
 9.60000000e-01  2.56678460e-04 
 9.70000000e-01  2.56657697e-04 
 9.80000000e-01  2.56638358e-04 
 9.90000000e-01  2.56620737e-04 
 1.00000000e+00  2.56605174e-04 
 1.01000000e+00  2.56592064e-04 
 1.02000000e+00  2.56581853e-04 
 1.03000000e+00  2.56575051e-04 
 1.04000000e+00  2.56572236e-04 
 1.05000000e+00  2.56574056e-04 
 1.06000000e+00  2.56581238e-04 
 1.07000000e+00  2.56594591e-04 
 1.08000000e+00  2.56615017e-04 
 1.09000000e+00  2.56643509e-04 
 1.10000000e+00  2.56681162e-04 
 1.11000000e+00  2.56729180e-04 
 1.12000000e+00  2.56788877e-04 
 1.13000000e+00  2.56861685e-04 
 1.14000000e+00  2.56949162e-04 
 1.15000000e+00  2.57052994e-04 
 1.16000000e+00  2.57175004e-04 
 1.17000000e+00  2.57317155e-04 
 1.18000000e+00  2.57481557e-04 
 1.19000000e+00  2.57670473e-04 
 1.20000000e+00  2.57886327e-04 
 1.21000000e+00  2.58131704e-04 
 1.22000000e+00  2.58409363e-04 
 1.23000000e+00  2.58722239e-04 
 1.24000000e+00  2.59073452e-04 
 1.25000000e+00  2.59466313e-04 
 1.26000000e+00  2.59904331e-04 
 1.27000000e+00  2.60391225e-04 
 1.28000000e+00  2.60930926e-04 
 1.29000000e+00  2.61527595e-04 
 1.30000000e+00  2.62185625e-04 
 1.31000000e+00  2.62909659e-04 
 1.32000000e+00  2.63705101e-04 
 1.33000000e+00  2.64576150e-04 
 1.34000000e+00  2.65528743e-04 
 1.35000000e+00  2.66568648e-04 
 1.36000000e+00  2.67701957e-04 
 1.37000000e+00  2.68935103e-04 
 1.38000000e+00  2.70274884e-04 
 1.39000000e+00  2.71728485e-04 
 1.40000000e+00  2.73303508e-04 
 1.41000000e+00  2.75007993e-04 
 1.42000000e+00  2.76850456e-04 
 1.43000000e+00  2.78839915e-04 
 1.44000000e+00  2.80985931e-04 
 1.45000000e+00  2.83298639e-04 
 1.46000000e+00  2.85788796e-04 
 1.47000000e+00  2.88467815e-04 
 1.48000000e+00  2.91347814e-04 
 1.49000000e+00  2.94441663e-04 
 1.50000000e+00  2.97763026e-04 
 1.51000000e+00  3.01326414e-04 
 1.52000000e+00  3.05147231e-04 
 1.53000000e+00  3.09241822e-04 
 1.54000000e+00  3.13627518e-04 
 1.55000000e+00  3.18322678e-04 
 1.56000000e+00  3.23346727e-04 
 1.57000000e+00  3.28720185e-04 
 1.58000000e+00  3.34464686e-04 
 1.59000000e+00  3.40602991e-04 
 1.60000000e+00  3.47158976e-04 
 0.00000000e+00 -1.89767231e-05 
 1.00000000e-02  1.30772507e-05 
 2.00000000e-02  4.58249790e-05 
 3.00000000e-02  7.89486548e-05 
 4.00000000e-02  1.12133744e-04 
 5.00000000e-02  1.45071950e-04 
 6.00000000e-02  1.77463509e-04 
 7.00000000e-02  2.09019323e-04 
 8.00000000e-02  2.39463471e-04 
 9.00000000e-02  2.68536504e-04 
 1.00000000e-01  2.95999878e-04 
 1.10000000e-01  3.21641710e-04 
 1.20000000e-01  3.45283849e-04 
 1.30000000e-01  3.66789847e-04 
 1.40000000e-01  3.86072965e-04 
 1.50000000e-01  4.03102816e-04 
 1.60000000e-01  4.17908935e-04 
 1.70000000e-01  4.30579683e-04 
 1.80000000e-01  4.41255702e-04 
 1.90000000e-01  4.50118350e-04 
 2.00000000e-01  4.57374874e-04 
 2.10000000e-01  4.63242804e-04 
 2.20000000e-01  4.67936015e-04 
 2.30000000e-01  4.71653825e-04 
 2.40000000e-01  4.74575318e-04 
 2.50000000e-01  4.76854584e-04 
 2.60000000e-01  4.78621527e-04 
 2.70000000e-01  4.79983134e-04 
 2.80000000e-01  4.81026041e-04 
 2.90000000e-01  4.81819496e-04 
 3.00000000e-01  4.82418307e-04 
 3.10000000e-01  4.82865528e-04 
 3.20000000e-01  4.83194798e-04 
 3.30000000e-01  4.83432300e-04 
 3.40000000e-01  4.83598358e-04 
 3.50000000e-01  4.83708730e-04 
 3.60000000e-01  4.83775618e-04 
 3.70000000e-01  4.83808474e-04 
 3.80000000e-01  4.83814625e-04 
 3.90000000e-01  4.83799753e-04 
 4.00000000e-01  4.83768272e-04 
 4.10000000e-01  4.83723620e-04 
 4.20000000e-01  4.83668476e-04 
 4.30000000e-01  4.83604937e-04 
 4.40000000e-01  4.83534645e-04 
 4.50000000e-01  4.83458894e-04 
 4.60000000e-01  4.83378702e-04 
 4.70000000e-01  4.83294877e-04 
 4.80000000e-01  4.83208060e-04 
 4.90000000e-01  4.83118763e-04 
 5.00000000e-01  4.83027394e-04 
 5.10000000e-01  4.82934283e-04 
 5.20000000e-01  4.82839696e-04 
 5.30000000e-01  4.82743848e-04 
 5.40000000e-01  4.82646914e-04 
 5.50000000e-01  4.82549036e-04 
 5.60000000e-01  4.82450332e-04 
 5.70000000e-01  4.82350910e-04 
 5.80000000e-01  4.82250889e-04 
 5.90000000e-01  4.82150371e-04 
 6.00000000e-01  4.82049441e-04 
 6.10000000e-01  4.81948166e-04 
 6.20000000e-01  4.81846605e-04 
 6.30000000e-01  4.81744804e-04 
 6.40000000e-01  4.81642805e-04 
 6.50000000e-01  4.81540642e-04 
 6.60000000e-01  4.81438344e-04 
 6.70000000e-01  4.81335937e-04 
 6.80000000e-01  4.81233441e-04 
 6.90000000e-01  4.81130875e-04 
 7.00000000e-01  4.81028255e-04 
 7.10000000e-01  4.80925596e-04 
 7.20000000e-01  4.80822909e-04 
 7.30000000e-01  4.80720205e-04 
 7.40000000e-01  4.80617493e-04 
 7.50000000e-01  4.80514782e-04 
 7.60000000e-01  4.80412080e-04 
 7.70000000e-01  4.80309391e-04 
 7.80000000e-01  4.80206723e-04 
 7.90000000e-01  4.80104080e-04 
 8.00000000e-01  4.80001467e-04 
 8.10000000e-01  4.79898889e-04 
 8.20000000e-01  4.79796351e-04 
 8.30000000e-01  4.79693856e-04 
 8.40000000e-01  4.79591410e-04 
 8.50000000e-01  4.79489019e-04 
 8.60000000e-01  4.79386689e-04 
 8.70000000e-01  4.79284431e-04 
 8.80000000e-01  4.79182255e-04 
 8.90000000e-01  4.79080177e-04 
 9.00000000e-01  4.78978218e-04 
 9.10000000e-01  4.78876405e-04 
 9.20000000e-01  4.78774773e-04 
 9.30000000e-01  4.78674498e-04 
 9.40000000e-01  4.78573401e-04 
 9.50000000e-01  4.78472666e-04 
 9.60000000e-01  4.78372383e-04 
 9.70000000e-01  4.78272670e-04 
 9.80000000e-01  4.78173670e-04 
 9.90000000e-01  4.78075558e-04 
 1.00000000e+00  4.77978546e-04 
 1.01000000e+00  4.77882888e-04 
 1.02000000e+00  4.77788887e-04 
 1.03000000e+00  4.77696900e-04 
 1.04000000e+00  4.77607347e-04 
 1.05000000e+00  4.77520716e-04 
 1.06000000e+00  4.77437571e-04 
 1.07000000e+00  4.77358563e-04 
 1.08000000e+00  4.77284433e-04 
 1.09000000e+00  4.77216027e-04 
 1.10000000e+00  4.77154299e-04 
 1.11000000e+00  4.77100321e-04 
 1.12000000e+00  4.77055296e-04 
 1.13000000e+00  4.77020563e-04 
 1.14000000e+00  4.76997607e-04 
 1.15000000e+00  4.76988068e-04 
 1.16000000e+00  4.76993753e-04 
 1.17000000e+00  4.77016640e-04 
 1.18000000e+00  4.77058890e-04 
 1.19000000e+00  4.77122853e-04 
 1.20000000e+00  4.77211081e-04 
 1.21000000e+00  4.77326330e-04 
 1.22000000e+00  4.77471573e-04 
 1.23000000e+00  4.77650002e-04 
 1.24000000e+00  4.77865043e-04 
 1.25000000e+00  4.78120355e-04 
 1.26000000e+00  4.78419841e-04 
 1.27000000e+00  4.78767654e-04 
 1.28000000e+00  4.79168204e-04 
 1.29000000e+00  4.79626162e-04 
 1.30000000e+00  4.80146467e-04 
 1.31000000e+00  4.80734333e-04 
 1.32000000e+00  4.81395254e-04 
 1.33000000e+00  4.82135011e-04 
 1.34000000e+00  4.82959678e-04 
 1.35000000e+00  4.83875627e-04 
 1.36000000e+00  4.84889537e-04 
 1.37000000e+00  4.86008401e-04 
 1.38000000e+00  4.87239534e-04 
 1.39000000e+00  4.88590577e-04 
 1.40000000e+00  4.90069514e-04 
 1.41000000e+00  4.91684673e-04 
 1.42000000e+00  4.93444742e-04 
 1.43000000e+00  4.95358779e-04 
 1.44000000e+00  4.97436218e-04 
 1.45000000e+00  4.99686889e-04 
 1.46000000e+00  5.02121027e-04 
 1.47000000e+00  5.04749283e-04 
 1.48000000e+00  5.07582742e-04 
 1.49000000e+00  5.10632933e-04 
 1.50000000e+00  5.13911844e-04 
 1.51000000e+00  5.17431936e-04 
 1.52000000e+00  5.21206155e-04 
 1.53000000e+00  5.25247942e-04 
 1.54000000e+00  5.29571245e-04 
 1.55000000e+00  5.34190528e-04 
 1.56000000e+00  5.39120772e-04 
 1.57000000e+00  5.44377483e-04 
 1.58000000e+00  5.49976683e-04 
 1.59000000e+00  5.55934911e-04 
 1.60000000e+00  5.62269204e-04 
 0.00000000e+00 -2.38524033e-05 
 1.00000000e-02  1.53288473e-05 
 2.00000000e-02  5.51747890e-05 
 3.00000000e-02  9.54164129e-05 
 4.00000000e-02  1.35792378e-04 
 5.00000000e-02  1.76049130e-04 
 6.00000000e-02  2.15940693e-04 
 7.00000000e-02  2.55228327e-04 
 8.00000000e-02  2.93680321e-04 
 9.00000000e-02  3.31072061e-04 
 1.00000000e-01  3.67186533e-04 
 1.10000000e-01  4.01815397e-04 
 1.20000000e-01  4.34760804e-04 
 1.30000000e-01  4.65838111e-04 
 1.40000000e-01  4.94879696e-04 
 1.50000000e-01  5.21740001e-04 
 1.60000000e-01  5.46301798e-04 
 1.70000000e-01  5.68483400e-04 
 1.80000000e-01  5.88246073e-04 
 1.90000000e-01  6.05600414e-04 
 2.00000000e-01  6.20610074e-04 
 2.10000000e-01  6.33391210e-04 
 2.20000000e-01  6.44106767e-04 
 2.30000000e-01  6.52955837e-04 
 2.40000000e-01  6.60159690e-04 
 2.50000000e-01  6.65946879e-04 
 2.60000000e-01  6.70539850e-04 
 2.70000000e-01  6.74144723e-04 
 2.80000000e-01  6.76944919e-04 
 2.90000000e-01  6.79098355e-04 
 3.00000000e-01  6.80736748e-04 
 3.10000000e-01  6.81970121e-04 
 3.20000000e-01  6.82885452e-04 
 3.30000000e-01  6.83552621e-04 
 3.40000000e-01  6.84026772e-04 
 3.50000000e-01  6.84351098e-04 
 3.60000000e-01  6.84559248e-04 
 3.70000000e-01  6.84677336e-04 
 3.80000000e-01  6.84725576e-04 
 3.90000000e-01  6.84719589e-04 
 4.00000000e-01  6.84671438e-04 
 4.10000000e-01  6.84590439e-04 
 4.20000000e-01  6.84483786e-04 
 4.30000000e-01  6.84357043e-04 
 4.40000000e-01  6.84214518e-04 
 4.50000000e-01  6.84059549e-04 
 4.60000000e-01  6.83894732e-04 
 4.70000000e-01  6.83722088e-04 
 4.80000000e-01  6.83543196e-04 
 4.90000000e-01  6.83359292e-04 
 5.00000000e-01  6.83171345e-04 
 5.10000000e-01  6.82980121e-04 
 5.20000000e-01  6.82786225e-04 
 5.30000000e-01  6.82590136e-04 
 5.40000000e-01  6.82392236e-04 
 5.50000000e-01  6.82192831e-04 
 5.60000000e-01  6.81992167e-04 
 5.70000000e-01  6.81790441e-04 
 5.80000000e-01  6.81587813e-04 
 5.90000000e-01  6.81384413e-04 
 6.00000000e-01  6.81181805e-04 
 6.10000000e-01  6.80977213e-04 
 6.20000000e-01  6.80772147e-04 
 6.30000000e-01  6.80566717e-04 
 6.40000000e-01  6.80361013e-04 
 6.50000000e-01  6.80155111e-04 
 6.60000000e-01  6.79949070e-04 
 6.70000000e-01  6.79742942e-04 
 6.80000000e-01  6.79536768e-04 
 6.90000000e-01  6.79330584e-04 
 7.00000000e-01  6.79124422e-04 
 7.10000000e-01  6.78918306e-04 
 7.20000000e-01  6.78712258e-04 
 7.30000000e-01  6.78506299e-04 
 7.40000000e-01  6.78300443e-04 
 7.50000000e-01  6.78094707e-04 
 7.60000000e-01  6.77889102e-04 
 7.70000000e-01  6.77683639e-04 
 7.80000000e-01  6.77478328e-04 
 7.90000000e-01  6.77273177e-04 
 8.00000000e-01  6.77068193e-04 
 8.10000000e-01  6.76863384e-04 
 8.20000000e-01  6.76658756e-04 
 8.30000000e-01  6.76454312e-04 
 8.40000000e-01  6.76250059e-04 
 8.50000000e-01  6.76046001e-04 
 8.60000000e-01  6.75842142e-04 
 8.70000000e-01  6.75638488e-04 
 8.80000000e-01  6.75435042e-04 
 8.90000000e-01  6.75231811e-04 
 9.00000000e-01  6.75028801e-04 
 9.10000000e-01  6.74826023e-04 
 9.20000000e-01  6.74623488e-04 
 9.30000000e-01  6.74421213e-04 
 9.40000000e-01  6.74219219e-04 
 9.50000000e-01  6.74017535e-04 
 9.60000000e-01  6.73816199e-04 
 9.70000000e-01  6.73615262e-04 
 9.80000000e-01  6.73414787e-04 
 9.90000000e-01  6.73214859e-04 
 1.00000000e+00  6.73015582e-04 
 1.01000000e+00  6.72817087e-04 
 1.02000000e+00  6.72619539e-04 
 1.03000000e+00  6.72423138e-04 
 1.04000000e+00  6.72228129e-04 
 1.05000000e+00  6.72034807e-04 
 1.06000000e+00  6.71843524e-04 
 1.07000000e+00  6.71654699e-04 
 1.08000000e+00  6.71468826e-04 
 1.09000000e+00  6.71286482e-04 
 1.10000000e+00  6.71108337e-04 
 1.11000000e+00  6.70935164e-04 
 1.12000000e+00  6.70767849e-04 
 1.13000000e+00  6.70607405e-04 
 1.14000000e+00  6.70454976e-04 
 1.15000000e+00  6.70311857e-04 
 1.16000000e+00  6.70179498e-04 
 1.17000000e+00  6.70059519e-04 
 1.18000000e+00  6.69953721e-04 
 1.19000000e+00  6.69864097e-04 
 1.20000000e+00  6.69792841e-04 
 1.21000000e+00  6.69742364e-04 
 1.22000000e+00  6.69715301e-04 
 1.23000000e+00  6.69714521e-04 
 1.24000000e+00  6.69743137e-04 
 1.25000000e+00  6.69804519e-04 
 1.26000000e+00  6.69902297e-04 
 1.27000000e+00  6.70040373e-04 
 1.28000000e+00  6.70222930e-04 
 1.29000000e+00  6.70454435e-04 
 1.30000000e+00  6.70739647e-04 
 1.31000000e+00  6.71083624e-04 
 1.32000000e+00  6.71491727e-04 
 1.33000000e+00  6.71969627e-04 
 1.34000000e+00  6.72523304e-04 
 1.35000000e+00  6.73159056e-04 
 1.36000000e+00  6.73883499e-04 
 1.37000000e+00  6.74703568e-04 
 1.38000000e+00  6.75626525e-04 
 1.39000000e+00  6.76659955e-04 
 1.40000000e+00  6.77811770e-04 
 1.41000000e+00  6.79090210e-04 
 1.42000000e+00  6.80503847e-04 
 1.43000000e+00  6.82061581e-04 
 1.44000000e+00  6.83772645e-04 
 1.45000000e+00  6.85646606e-04 
 1.46000000e+00  6.87693365e-04 
 1.47000000e+00  6.89923157e-04 
 1.48000000e+00  6.92346555e-04 
 1.49000000e+00  6.94974469e-04 
 1.50000000e+00  6.97818147e-04 
 1.51000000e+00  7.00889177e-04 
 1.52000000e+00  7.04199485e-04 
 1.53000000e+00  7.07761336e-04 
 1.54000000e+00  7.11587333e-04 
 1.55000000e+00  7.15690414e-04 
 1.56000000e+00  7.20083849e-04 
 1.57000000e+00  7.24781236e-04 
 1.58000000e+00  7.29796490e-04 
 1.59000000e+00  7.35143842e-04 
 1.60000000e+00  7.40834204e-04 
 0.00000000e+00 -2.74988165e-05 
 1.00000000e-02  1.67338497e-05 
 2.00000000e-02  6.15735700e-05 
 3.00000000e-02  1.06790735e-04 
 4.00000000e-02  1.52164543e-04 
 5.00000000e-02  1.97482228e-04 
 6.00000000e-02  2.42538216e-04 
 7.00000000e-02  2.87133267e-04 
 8.00000000e-02  3.31073761e-04 
 9.00000000e-02  3.74171155e-04 
 1.00000000e-01  4.16241676e-04 
 1.10000000e-01  4.57106255e-04 
 1.20000000e-01  4.96590748e-04 
 1.30000000e-01  5.34526458e-04 
 1.40000000e-01  5.70751020e-04 
 1.50000000e-01  6.05109746e-04 
 1.60000000e-01  6.37457569e-04 
 1.70000000e-01  6.67661800e-04 
 1.80000000e-01  6.95605901e-04 
 1.90000000e-01  7.21194475e-04 
 2.00000000e-01  7.44359423e-04 
 2.10000000e-01  7.65066913e-04 
 2.20000000e-01  7.83324260e-04 
 2.30000000e-01  7.99185304e-04 
 2.40000000e-01  8.12752604e-04 
 2.50000000e-01  8.24175042e-04 
 2.60000000e-01  8.33640327e-04 
 2.70000000e-01  8.41363234e-04 
 2.80000000e-01  8.47571551e-04 
 2.90000000e-01  8.52492218e-04 
 3.00000000e-01  8.56339781e-04 
 3.10000000e-01  8.59308374e-04 
 3.20000000e-01  8.61567402e-04 
 3.30000000e-01  8.63260393e-04 
 3.40000000e-01  8.64506089e-04 
 3.50000000e-01  8.65400904e-04 
 3.60000000e-01  8.66020621e-04 
 3.70000000e-01  8.66429010e-04 
 3.80000000e-01  8.66672552e-04 
 3.90000000e-01  8.66788548e-04 
 4.00000000e-01  8.66805958e-04 
 4.10000000e-01  8.66747173e-04 
 4.20000000e-01  8.66629473e-04 
 4.30000000e-01  8.66466179e-04 
 4.40000000e-01  8.66267550e-04 
 4.50000000e-01  8.66041493e-04 
 4.60000000e-01  8.65794102e-04 
 4.70000000e-01  8.65531857e-04 
 4.80000000e-01  8.65254917e-04 
 4.90000000e-01  8.64967796e-04 
 5.00000000e-01  8.64672672e-04 
 5.10000000e-01  8.64371241e-04 
 5.20000000e-01  8.64064824e-04 
 5.30000000e-01  8.63754451e-04 
 5.40000000e-01  8.63440932e-04 
 5.50000000e-01  8.63124902e-04 
 5.60000000e-01  8.62806862e-04 
 5.70000000e-01  8.62487210e-04 
 5.80000000e-01  8.62166260e-04 
 5.90000000e-01  8.61844264e-04 
 6.00000000e-01  8.61521423e-04 
 6.10000000e-01  8.61197898e-04 
 6.20000000e-01  8.60873819e-04 
 6.30000000e-01  8.60549291e-04 
 6.40000000e-01  8.60224401e-04 
 6.50000000e-01  8.59899220e-04 
 6.60000000e-01  8.59573846e-04 
 6.70000000e-01  8.59248386e-04 
 6.80000000e-01  8.58922928e-04 
 6.90000000e-01  8.58597541e-04 
 7.00000000e-01  8.58272283e-04 
 7.10000000e-01  8.57947201e-04 
 7.20000000e-01  8.57622335e-04 
 7.30000000e-01  8.57297718e-04 
 7.40000000e-01  8.56973379e-04 
 7.50000000e-01  8.56649341e-04 
 7.60000000e-01  8.56325624e-04 
 7.70000000e-01  8.56002247e-04 
 7.80000000e-01  8.55679224e-04 
 7.90000000e-01  8.55356568e-04 
 8.00000000e-01  8.55034292e-04 
 8.10000000e-01  8.54712404e-04 
 8.20000000e-01  8.54390914e-04 
 8.30000000e-01  8.54069828e-04 
 8.40000000e-01  8.53749154e-04 
 8.50000000e-01  8.53428897e-04 
 8.60000000e-01  8.53109063e-04 
 8.70000000e-01  8.52789655e-04 
 8.80000000e-01  8.52470679e-04 
 8.90000000e-01  8.52152138e-04 
 9.00000000e-01  8.51834036e-04 
 9.10000000e-01  8.51516377e-04 
 9.20000000e-01  8.51199167e-04 
 9.30000000e-01  8.50882410e-04 
 9.40000000e-01  8.50566116e-04 
 9.50000000e-01  8.50250293e-04 
 9.60000000e-01  8.49934955e-04 
 9.70000000e-01  8.49620123e-04 
 9.80000000e-01  8.49305821e-04 
 9.90000000e-01  8.48992083e-04 
 1.00000000e+00  8.48678956e-04 
 1.01000000e+00  8.48366500e-04 
 1.02000000e+00  8.48054793e-04 
 1.03000000e+00  8.47743935e-04 
 1.04000000e+00  8.47434052e-04 
 1.05000000e+00  8.47125305e-04 
 1.06000000e+00  8.46817891e-04 
 1.07000000e+00  8.46512053e-04 
 1.08000000e+00  8.46208085e-04 
 1.09000000e+00  8.45906345e-04 
 1.10000000e+00  8.45607257e-04 
 1.11000000e+00  8.45311326e-04 
 1.12000000e+00  8.45019147e-04 
 1.13000000e+00  8.44731413e-04 
 1.14000000e+00  8.44448931e-04 
 1.15000000e+00  8.44172629e-04 
 1.16000000e+00  8.43903571e-04 
 1.17000000e+00  8.43642969e-04 
 1.18000000e+00  8.43392197e-04 
 1.19000000e+00  8.43152801e-04 
 1.20000000e+00  8.42926516e-04 
 1.21000000e+00  8.42715276e-04 
 1.22000000e+00  8.42521229e-04 
 1.23000000e+00  8.42346749e-04 
 1.24000000e+00  8.42194448e-04 
 1.25000000e+00  8.42067190e-04 
 1.26000000e+00  8.41968101e-04 
 1.27000000e+00  8.41900584e-04 
 1.28000000e+00  8.41868321e-04 
 1.29000000e+00  8.41875293e-04 
 1.30000000e+00  8.41925784e-04 
 1.31000000e+00  8.42024386e-04 
 1.32000000e+00  8.42176014e-04 
 1.33000000e+00  8.42385906e-04 
 1.34000000e+00  8.42659631e-04 
 1.35000000e+00  8.43003093e-04 
 1.36000000e+00  8.43422535e-04 
 1.37000000e+00  8.43924540e-04 
 1.38000000e+00  8.44516033e-04 
 1.39000000e+00  8.45204282e-04 
 1.40000000e+00  8.45996897e-04 
 1.41000000e+00  8.46901831e-04 
 1.42000000e+00  8.47927374e-04 
 1.43000000e+00  8.49082152e-04 
 1.44000000e+00  8.50375125e-04 
 1.45000000e+00  8.51815583e-04 
 1.46000000e+00  8.53413139e-04 
 1.47000000e+00  8.55177725e-04 
 1.48000000e+00  8.57119589e-04 
 1.49000000e+00  8.59249284e-04 
 1.50000000e+00  8.61577667e-04 
 1.51000000e+00  8.64115890e-04 
 1.52000000e+00  8.66870339e-04 
 1.53000000e+00  8.69862579e-04 
 1.54000000e+00  8.73099814e-04 
 1.55000000e+00  8.76594283e-04 
 1.56000000e+00  8.80358504e-04 
 1.57000000e+00  8.84405236e-04 
 1.58000000e+00  8.88747470e-04 
 1.59000000e+00  8.93398423e-04 
 1.60000000e+00  8.98371518e-04 
 0.00000000e+00 -3.04024887e-05 
 1.00000000e-02  1.76685176e-05 
 2.00000000e-02  6.62877203e-05 
 3.00000000e-02  1.15255963e-04 
 4.00000000e-02  1.64382722e-04 
 5.00000000e-02  2.13485045e-04 
 6.00000000e-02  2.62386554e-04 
 7.00000000e-02  3.10916506e-04 
 8.00000000e-02  3.58909007e-04 
 9.00000000e-02  4.06202405e-04 
 1.00000000e-01  4.52638866e-04 
 1.10000000e-01  4.98064133e-04 
 1.20000000e-01  5.42327468e-04 
 1.30000000e-01  5.85281747e-04 
 1.40000000e-01  6.26783695e-04 
 1.50000000e-01  6.66694234e-04 
 1.60000000e-01  7.04878967e-04 
 1.70000000e-01  7.41208817e-04 
 1.80000000e-01  7.75560945e-04 
 1.90000000e-01  8.07820110e-04 
 2.00000000e-01  8.37880730e-04 
 2.10000000e-01  8.65649924e-04 
 2.20000000e-01  8.91051809e-04 
 2.30000000e-01  9.14033121e-04 
 2.40000000e-01  9.34569902e-04 
 2.50000000e-01  9.52674469e-04 
 2.60000000e-01  9.68401333e-04 
 2.70000000e-01  9.81850372e-04 
 2.80000000e-01  9.93165725e-04 
 2.90000000e-01  1.00252967e-03 
 3.00000000e-01  1.01015200e-03 
 3.10000000e-01  1.01625674e-03 
 3.20000000e-01  1.02106851e-03 
 3.30000000e-01  1.02480089e-03 
 3.40000000e-01  1.02764808e-03 
 3.50000000e-01  1.02978019e-03 
 3.60000000e-01  1.03134173e-03 
 3.70000000e-01  1.03245253e-03 
 3.80000000e-01  1.03320996e-03 
 3.90000000e-01  1.03369203e-03 
 4.00000000e-01  1.03396042e-03 
 4.10000000e-01  1.03406352e-03 
 4.20000000e-01  1.03403903e-03 
 4.30000000e-01  1.03391616e-03 
 4.40000000e-01  1.03371748e-03 
 4.50000000e-01  1.03346039e-03 
 4.60000000e-01  1.03315827e-03 
 4.70000000e-01  1.03282142e-03 
 4.80000000e-01  1.03245775e-03 
 4.90000000e-01  1.03207336e-03 
 5.00000000e-01  1.03167293e-03 
 5.10000000e-01  1.03126008e-03 
 5.20000000e-01  1.03083760e-03 
 5.30000000e-01  1.03040764e-03 
 5.40000000e-01  1.02997188e-03 
 5.50000000e-01  1.02953161e-03 
 5.60000000e-01  1.02908786e-03 
 5.70000000e-01  1.02864139e-03 
 5.80000000e-01  1.02819284e-03 
 5.90000000e-01  1.02774268e-03 
 6.00000000e-01  1.02729130e-03 
 6.10000000e-01  1.02683901e-03 
 6.20000000e-01  1.02638603e-03 
 6.30000000e-01  1.02593256e-03 
 6.40000000e-01  1.02547876e-03 
 6.50000000e-01  1.02502473e-03 
 6.60000000e-01  1.02457059e-03 
 6.70000000e-01  1.02411641e-03 
 6.80000000e-01  1.02366226e-03 
 6.90000000e-01  1.02320820e-03 
 7.00000000e-01  1.02275434e-03 
 7.10000000e-01  1.02230078e-03 
 7.20000000e-01  1.02184760e-03 
 7.30000000e-01  1.02139485e-03 
 7.40000000e-01  1.02094258e-03 
 7.50000000e-01  1.02049084e-03 
 7.60000000e-01  1.02003966e-03 
 7.70000000e-01  1.01958906e-03 
 7.80000000e-01  1.01913908e-03 
 7.90000000e-01  1.01868973e-03 
 8.00000000e-01  1.01824102e-03 
 8.10000000e-01  1.01779299e-03 
 8.20000000e-01  1.01734562e-03 
 8.30000000e-01  1.01689895e-03 
 8.40000000e-01  1.01645297e-03 
 8.50000000e-01  1.01600769e-03 
 8.60000000e-01  1.01556312e-03 
 8.70000000e-01  1.01511927e-03 
 8.80000000e-01  1.01467615e-03 
 8.90000000e-01  1.01423374e-03 
 9.00000000e-01  1.01379207e-03 
 9.10000000e-01  1.01335113e-03 
 9.20000000e-01  1.01291093e-03 
 9.30000000e-01  1.01247146e-03 
 9.40000000e-01  1.01203274e-03 
 9.50000000e-01  1.01159476e-03 
 9.60000000e-01  1.01115753e-03 
 9.70000000e-01  1.01072106e-03 
 9.80000000e-01  1.01028536e-03 
 9.90000000e-01  1.00985043e-03 
 1.00000000e+00  1.00941630e-03 
 1.01000000e+00  1.00898299e-03 
 1.02000000e+00  1.00855053e-03 
 1.03000000e+00  1.00811897e-03 
 1.04000000e+00  1.00768837e-03 
 1.05000000e+00  1.00725881e-03 
 1.06000000e+00  1.00683038e-03 
 1.07000000e+00  1.00640322e-03 
 1.08000000e+00  1.00597750e-03 
 1.09000000e+00  1.00555340e-03 
 1.10000000e+00  1.00513119e-03 
 1.11000000e+00  1.00471118e-03 
 1.12000000e+00  1.00429373e-03 
 1.13000000e+00  1.00387929e-03 
 1.14000000e+00  1.00346840e-03 
 1.15000000e+00  1.00306167e-03 
 1.16000000e+00  1.00265986e-03 
 1.17000000e+00  1.00226381e-03 
 1.18000000e+00  1.00187451e-03 
 1.19000000e+00  1.00149310e-03 
 1.20000000e+00  1.00112088e-03 
 1.21000000e+00  1.00075932e-03 
 1.22000000e+00  1.00041008e-03 
 1.23000000e+00  1.00007503e-03 
 1.24000000e+00  9.99756258e-04 
 1.25000000e+00  9.99456079e-04 
 1.26000000e+00  9.99177063e-04 
 1.27000000e+00  9.98922035e-04 
 1.28000000e+00  9.98694100e-04 
 1.29000000e+00  9.98496648e-04 
 1.30000000e+00  9.98333371e-04 
 1.31000000e+00  9.98208269e-04 
 1.32000000e+00  9.98125666e-04 
 1.33000000e+00  9.98090219e-04 
 1.34000000e+00  9.98106919e-04 
 1.35000000e+00  9.98181109e-04 
 1.36000000e+00  9.98318482e-04 
 1.37000000e+00  9.98525089e-04 
 1.38000000e+00  9.98807342e-04 
 1.39000000e+00  9.99172013e-04 
 1.40000000e+00  9.99626243e-04 
 1.41000000e+00  1.00017753e-03 
 1.42000000e+00  1.00083374e-03 
 1.43000000e+00  1.00160309e-03 
 1.44000000e+00  1.00249415e-03 
 1.45000000e+00  1.00351584e-03 
 1.46000000e+00  1.00467063e-03 
 1.47000000e+00  1.00598140e-03 
 1.48000000e+00  1.00745160e-03 
 1.49000000e+00  1.00909143e-03 
 1.50000000e+00  1.01091144e-03 
 1.51000000e+00  1.01292248e-03 
 1.52000000e+00  1.01513567e-03 
 1.53000000e+00  1.01756240e-03 
 1.54000000e+00  1.02021433e-03 
 1.55000000e+00  1.02310336e-03 
 1.56000000e+00  1.02624162e-03 
 1.57000000e+00  1.02964146e-03 
 1.58000000e+00  1.03331544e-03 
 1.59000000e+00  1.03727630e-03 
 1.60000000e+00  1.04153694e-03 
 0.00000000e+00 -3.28148410e-05 
 1.00000000e-02  1.83120052e-05 
 2.00000000e-02  6.99338893e-05 
 3.00000000e-02  1.21875494e-04 
 4.00000000e-02  1.73969505e-04 
 5.00000000e-02  2.26055482e-04 
 6.00000000e-02  2.77978862e-04 
 7.00000000e-02  3.29590035e-04 
 8.00000000e-02  3.80743595e-04 
 9.00000000e-02  4.31297751e-04 
 1.00000000e-01  4.81113906e-04 
 1.10000000e-01  5.30056411e-04 
 1.20000000e-01  5.77992478e-04 
 1.30000000e-01  6.24792229e-04 
 1.40000000e-01  6.70328861e-04 
 1.50000000e-01  7.14478868e-04 
 1.60000000e-01  7.57122301e-04 
 1.70000000e-01  7.98143011e-04 
 1.80000000e-01  8.37428863e-04 
 1.90000000e-01  8.74871939e-04 
 2.00000000e-01  9.10368806e-04 
 2.10000000e-01  9.43821006e-04 
 2.20000000e-01  9.75136003e-04 
 2.30000000e-01  1.00422891e-03 
 2.40000000e-01  1.03102531e-03 
 2.50000000e-01  1.05546551e-03 
 2.60000000e-01  1.07751019e-03 
 2.70000000e-01  1.09714724e-03 
 2.80000000e-01  1.11439880e-03 
 2.90000000e-01  1.12932725e-03 
 3.00000000e-01  1.14203829e-03 
 3.10000000e-01  1.15267963e-03 
 3.20000000e-01  1.16143475e-03 
 3.30000000e-01  1.16851227e-03 
 3.40000000e-01  1.17413290e-03 
 3.50000000e-01  1.17851628e-03 
 3.60000000e-01  1.18186993e-03 
 3.70000000e-01  1.18438150e-03 
 3.80000000e-01  1.18621457e-03 
 3.90000000e-01  1.18750761e-03 
 4.00000000e-01  1.18837497e-03 
 4.10000000e-01  1.18890936e-03 
 4.20000000e-01  1.18918482e-03 
 4.30000000e-01  1.18925980e-03 
 4.40000000e-01  1.18918004e-03 
 4.50000000e-01  1.18898111e-03 
 4.60000000e-01  1.18869054e-03 
 4.70000000e-01  1.18832956e-03 
 4.80000000e-01  1.18791452e-03 
 4.90000000e-01  1.18745796e-03 
 5.00000000e-01  1.18696954e-03 
 5.10000000e-01  1.18645667e-03 
 5.20000000e-01  1.18592501e-03 
 5.30000000e-01  1.18537896e-03 
 5.40000000e-01  1.18482187e-03 
 5.50000000e-01  1.18425634e-03 
 5.60000000e-01  1.18368435e-03 
 5.70000000e-01  1.18310748e-03 
 5.80000000e-01  1.18252690e-03 
 5.90000000e-01  1.18194355e-03 
 6.00000000e-01  1.18135815e-03 
 6.10000000e-01  1.18077127e-03 
 6.20000000e-01  1.18018335e-03 
 6.30000000e-01  1.17959474e-03 
 6.40000000e-01  1.17900572e-03 
 6.50000000e-01  1.17841648e-03 
 6.60000000e-01  1.17782722e-03 
 6.70000000e-01  1.17723805e-03 
 6.80000000e-01  1.17664909e-03 
 6.90000000e-01  1.17606043e-03 
 7.00000000e-01  1.17547212e-03 
 7.10000000e-01  1.17488424e-03 
 7.20000000e-01  1.17429683e-03 
 7.30000000e-01  1.17371000e-03 
 7.40000000e-01  1.17312385e-03 
 7.50000000e-01  1.17253845e-03 
 7.60000000e-01  1.17195387e-03 
 7.70000000e-01  1.17137015e-03 
 7.80000000e-01  1.17078733e-03 
 7.90000000e-01  1.17020545e-03 
 8.00000000e-01  1.16962452e-03 
 8.10000000e-01  1.16904458e-03 
 8.20000000e-01  1.16846565e-03 
 8.30000000e-01  1.16788773e-03 
 8.40000000e-01  1.16731084e-03 
 8.50000000e-01  1.16673499e-03 
 8.60000000e-01  1.16616020e-03 
 8.70000000e-01  1.16558647e-03 
 8.80000000e-01  1.16501380e-03 
 8.90000000e-01  1.16444220e-03 
 9.00000000e-01  1.16387167e-03 
 9.10000000e-01  1.16330223e-03 
 9.20000000e-01  1.16273387e-03 
 9.30000000e-01  1.16216659e-03 
 9.40000000e-01  1.16160040e-03 
 9.50000000e-01  1.16103529e-03 
 9.60000000e-01  1.16047127e-03 
 9.70000000e-01  1.15990835e-03 
 9.80000000e-01  1.15934651e-03 
 9.90000000e-01  1.15878577e-03 
 1.00000000e+00  1.15822614e-03 
 1.01000000e+00  1.15766761e-03 
 1.02000000e+00  1.15711021e-03 
 1.03000000e+00  1.15655395e-03 
 1.04000000e+00  1.15599885e-03 
 1.05000000e+00  1.15544495e-03 
 1.06000000e+00  1.15489229e-03 
 1.07000000e+00  1.15434094e-03 
 1.08000000e+00  1.15379099e-03 
 1.09000000e+00  1.15324253e-03 
 1.10000000e+00  1.15269572e-03 
 1.11000000e+00  1.15215071e-03 
 1.12000000e+00  1.15160775e-03 
 1.13000000e+00  1.15106708e-03 
 1.14000000e+00  1.15052906e-03 
 1.15000000e+00  1.14999408e-03 
 1.16000000e+00  1.14946262e-03 
 1.17000000e+00  1.14893527e-03 
 1.18000000e+00  1.14841270e-03 
 1.19000000e+00  1.14789572e-03 
 1.20000000e+00  1.14738526e-03 
 1.21000000e+00  1.14688239e-03 
 1.22000000e+00  1.14638835e-03 
 1.23000000e+00  1.14590456e-03 
 1.24000000e+00  1.14543261e-03 
 1.25000000e+00  1.14497433e-03 
 1.26000000e+00  1.14453174e-03 
 1.27000000e+00  1.14410712e-03 
 1.28000000e+00  1.14370299e-03 
 1.29000000e+00  1.14332215e-03 
 1.30000000e+00  1.14296769e-03 
 1.31000000e+00  1.14264297e-03 
 1.32000000e+00  1.14235169e-03 
 1.33000000e+00  1.14209787e-03 
 1.34000000e+00  1.14188586e-03 
 1.35000000e+00  1.14172036e-03 
 1.36000000e+00  1.14160642e-03 
 1.37000000e+00  1.14154946e-03 
 1.38000000e+00  1.14154717e-03 
 1.39000000e+00  1.14162164e-03 
 1.40000000e+00  1.14177162e-03 
 1.41000000e+00  1.14200399e-03 
 1.42000000e+00  1.14232609e-03 
 1.43000000e+00  1.14274560e-03 
 1.44000000e+00  1.14327059e-03 
 1.45000000e+00  1.14390952e-03 
 1.46000000e+00  1.14467120e-03 
 1.47000000e+00  1.14556481e-03 
 1.48000000e+00  1.14659986e-03 
 1.49000000e+00  1.14778625e-03 
 1.50000000e+00  1.14913415e-03 
 1.51000000e+00  1.15065410e-03 
 1.52000000e+00  1.15235691e-03 
 1.53000000e+00  1.15425370e-03 
 1.54000000e+00  1.15635584e-03 
 1.55000000e+00  1.15867499e-03 
 1.56000000e+00  1.16122302e-03 
 1.57000000e+00  1.16401204e-03 
 1.58000000e+00  1.16705436e-03 
 1.59000000e+00  1.17036248e-03 
 1.60000000e+00  1.17394905e-03 
 0.00000000e+00 -3.48806934e-05 
 1.00000000e-02  1.87612653e-05 
 2.00000000e-02  7.28519444e-05 
 3.00000000e-02  1.27235072e-04 
 4.00000000e-02  1.81761635e-04 
 5.00000000e-02  2.36288774e-04 
 6.00000000e-02  2.90678834e-04 
 7.00000000e-02  3.44798492e-04 
 8.00000000e-02  3.98518056e-04 
 9.00000000e-02  4.51710909e-04 
 1.00000000e-01  5.04253105e-04 
 1.10000000e-01  5.56023135e-04 
 1.20000000e-01  6.06901830e-04 
 1.30000000e-01  6.56772415e-04 
 1.40000000e-01  7.05520674e-04 
 1.50000000e-01  7.53035203e-04 
 1.60000000e-01  7.99207702e-04 
 1.70000000e-01  8.43933263e-04 
 1.80000000e-01  8.87110589e-04 
 1.90000000e-01  9.28642107e-04 
 2.00000000e-01  9.68433945e-04 
 2.10000000e-01  1.00639578e-03 
 2.20000000e-01  1.04244065e-03 
 2.30000000e-01  1.07648483e-03 
 2.40000000e-01  1.10844809e-03 
 2.50000000e-01  1.13825450e-03 
 2.60000000e-01  1.16583433e-03 
 2.70000000e-01  1.19112724e-03 
 2.80000000e-01  1.21408700e-03 
 2.90000000e-01  1.23468773e-03 
 3.00000000e-01  1.25293107e-03 
 3.10000000e-01  1.26885331e-03 
 3.20000000e-01  1.28253074e-03 
 3.30000000e-01  1.29408174e-03 
 3.40000000e-01  1.30366407e-03 
 3.50000000e-01  1.31146731e-03 
 3.60000000e-01  1.31770153e-03 
 3.70000000e-01  1.32258416e-03 
 3.80000000e-01  1.32632760e-03 
 3.90000000e-01  1.32912935e-03 
 4.00000000e-01  1.33116565e-03 
 4.10000000e-01  1.33258842e-03 
 4.20000000e-01  1.33352504e-03 
 4.30000000e-01  1.33407996e-03 
 4.40000000e-01  1.33433732e-03 
 4.50000000e-01  1.33436398e-03 
 4.60000000e-01  1.33421252e-03 
 4.70000000e-01  1.33392396e-03 
 4.80000000e-01  1.33353011e-03 
 4.90000000e-01  1.33305553e-03 
 5.00000000e-01  1.33251913e-03 
 5.10000000e-01  1.33193546e-03 
 5.20000000e-01  1.33131565e-03 
 5.30000000e-01  1.33066827e-03 
 5.40000000e-01  1.32999987e-03 
 5.50000000e-01  1.32931548e-03 
 5.60000000e-01  1.32861898e-03 
 5.70000000e-01  1.32791332e-03 
 5.80000000e-01  1.32720079e-03 
 5.90000000e-01  1.32648316e-03 
 6.00000000e-01  1.32576179e-03 
 6.10000000e-01  1.32503771e-03 
 6.20000000e-01  1.32431176e-03 
 6.30000000e-01  1.32358456e-03 
 6.40000000e-01  1.32285659e-03 
 6.50000000e-01  1.32212826e-03 
 6.60000000e-01  1.32139985e-03 
 6.70000000e-01  1.32067160e-03 
 6.80000000e-01  1.31994370e-03 
 6.90000000e-01  1.31921629e-03 
 7.00000000e-01  1.31848948e-03 
 7.10000000e-01  1.31776337e-03 
 7.20000000e-01  1.31703802e-03 
 7.30000000e-01  1.31631349e-03 
 7.40000000e-01  1.31558983e-03 
 7.50000000e-01  1.31486709e-03 
 7.60000000e-01  1.31414538e-03 
 7.70000000e-01  1.31342480e-03 
 7.80000000e-01  1.31270541e-03 
 7.90000000e-01  1.31198728e-03 
 8.00000000e-01  1.31127044e-03 
 8.10000000e-01  1.31055493e-03 
 8.20000000e-01  1.30984078e-03 
 8.30000000e-01  1.30912802e-03 
 8.40000000e-01  1.30841666e-03 
 8.50000000e-01  1.30770672e-03 
 8.60000000e-01  1.30699821e-03 
 8.70000000e-01  1.30629116e-03 
 8.80000000e-01  1.30558555e-03 
 8.90000000e-01  1.30488140e-03 
 9.00000000e-01  1.30417872e-03 
 9.10000000e-01  1.30347751e-03 
 9.20000000e-01  1.30277778e-03 
 9.30000000e-01  1.30207951e-03 
 9.40000000e-01  1.30138273e-03 
 9.50000000e-01  1.30068742e-03 
 9.60000000e-01  1.29999359e-03 
 9.70000000e-01  1.29930124e-03 
 9.80000000e-01  1.29861037e-03 
 9.90000000e-01  1.29792097e-03 
 1.00000000e+00  1.29723305e-03 
 1.01000000e+00  1.29654661e-03 
 1.02000000e+00  1.29586165e-03 
 1.03000000e+00  1.29517818e-03 
 1.04000000e+00  1.29449620e-03 
 1.05000000e+00  1.29381572e-03 
 1.06000000e+00  1.29313677e-03 
 1.07000000e+00  1.29245937e-03 
 1.08000000e+00  1.29178356e-03 
 1.09000000e+00  1.29110939e-03 
 1.10000000e+00  1.29043693e-03 
 1.11000000e+00  1.28976627e-03 
 1.12000000e+00  1.28909754e-03 
 1.13000000e+00  1.28843089e-03 
 1.14000000e+00  1.28776653e-03 
 1.15000000e+00  1.28710468e-03 
 1.16000000e+00  1.28644567e-03 
 1.17000000e+00  1.28578985e-03 
 1.18000000e+00  1.28513769e-03 
 1.19000000e+00  1.28448972e-03 
 1.20000000e+00  1.28384660e-03 
 1.21000000e+00  1.28320907e-03 
 1.22000000e+00  1.28257803e-03 
 1.23000000e+00  1.28195451e-03 
 1.24000000e+00  1.28133971e-03 
 1.25000000e+00  1.28073501e-03 
 1.26000000e+00  1.28014197e-03 
 1.27000000e+00  1.27956236e-03 
 1.28000000e+00  1.27898891e-03 
 1.29000000e+00  1.27844214e-03 
 1.30000000e+00  1.27791559e-03 
 1.31000000e+00  1.27741198e-03 
 1.32000000e+00  1.27693440e-03 
 1.33000000e+00  1.27648623e-03 
 1.34000000e+00  1.27607117e-03 
 1.35000000e+00  1.27569326e-03 
 1.36000000e+00  1.27535690e-03 
 1.37000000e+00  1.27506683e-03 
 1.38000000e+00  1.27482818e-03 
 1.39000000e+00  1.27464645e-03 
 1.40000000e+00  1.27452754e-03 
 1.41000000e+00  1.27447773e-03 
 1.42000000e+00  1.27450369e-03 
 1.43000000e+00  1.27461252e-03 
 1.44000000e+00  1.27481170e-03 
 1.45000000e+00  1.27510909e-03 
 1.46000000e+00  1.27551299e-03 
 1.47000000e+00  1.27603205e-03 
 1.48000000e+00  1.27667533e-03 
 1.49000000e+00  1.27745223e-03 
 1.50000000e+00  1.27837254e-03 
 1.51000000e+00  1.27944639e-03 
 1.52000000e+00  1.28068425e-03 
 1.53000000e+00  1.28209691e-03 
 1.54000000e+00  1.28369545e-03 
 1.55000000e+00  1.28549126e-03 
 1.56000000e+00  1.28749598e-03 
 1.57000000e+00  1.28972150e-03 
 1.58000000e+00  1.29217993e-03 
 1.59000000e+00  1.29488361e-03 
 1.60000000e+00  1.29784504e-03 
 0.00000000e+00 -3.66903380e-05 
 1.00000000e-02  1.90737308e-05 
 2.00000000e-02  7.52465490e-05 
 3.00000000e-02  1.31687359e-04 
 4.00000000e-02  1.88261938e-04 
 5.00000000e-02  2.44841546e-04 
 6.00000000e-02  3.01302042e-04 
 7.00000000e-02  3.57523078e-04 
 8.00000000e-02  4.13387439e-04 
 9.00000000e-02  4.68780518e-04 
 1.00000000e-01  5.23589939e-04 
 1.10000000e-01  5.77705311e-04 
 1.20000000e-01  6.31018128e-04 
 1.30000000e-01  6.83421812e-04 
 1.40000000e-01  7.34811865e-04 
 1.50000000e-01  7.85086134e-04 
 1.60000000e-01  8.34145150e-04 
 1.70000000e-01  8.81892485e-04 
 1.80000000e-01  9.28235099e-04 
 1.90000000e-01  9.73083601e-04 
 2.00000000e-01  1.01635237e-03 
 2.10000000e-01  1.05795947e-03 
 2.20000000e-01  1.09782642e-03 
 2.30000000e-01  1.13587768e-03 
 2.40000000e-01  1.17204011e-03 
 2.50000000e-01  1.20624241e-03 
 2.60000000e-01  1.23841490e-03 
 2.70000000e-01  1.26848983e-03 
 2.80000000e-01  1.29640260e-03 
 2.90000000e-01  1.32209433e-03 
 3.00000000e-01  1.34551593e-03 
 3.10000000e-01  1.36663380e-03 
 3.20000000e-01  1.38543683e-03 
 3.30000000e-01  1.40194389e-03 
 3.40000000e-01  1.41621040e-03 
 3.50000000e-01  1.42833237e-03 
 3.60000000e-01  1.43844630e-03 
 3.70000000e-01  1.44672412e-03 
 3.80000000e-01  1.45336366e-03 
 3.90000000e-01  1.45857632e-03 
 4.00000000e-01  1.46257430e-03 
 4.10000000e-01  1.46555944e-03 
 4.20000000e-01  1.46771531e-03 
 4.30000000e-01  1.46920262e-03 
 4.40000000e-01  1.47015779e-03 
 4.50000000e-01  1.47069379e-03 
 4.60000000e-01  1.47090230e-03 
 4.70000000e-01  1.47085657e-03 
 4.80000000e-01  1.47061448e-03 
 4.90000000e-01  1.47022128e-03 
 5.00000000e-01  1.46971214e-03 
 5.10000000e-01  1.46911427e-03 
 5.20000000e-01  1.46844861e-03 
 5.30000000e-01  1.46773126e-03 
 5.40000000e-01  1.46697457e-03 
 5.50000000e-01  1.46618801e-03 
 5.60000000e-01  1.46537883e-03 
 5.70000000e-01  1.46455258e-03 
 5.80000000e-01  1.46371353e-03 
 5.90000000e-01  1.46286494e-03 
 6.00000000e-01  1.46200931e-03 
 6.10000000e-01  1.46114858e-03 
 6.20000000e-01  1.46028423e-03 
 6.30000000e-01  1.45941740e-03 
 6.40000000e-01  1.45854898e-03 
 6.50000000e-01  1.45767965e-03 
 6.60000000e-01  1.45680994e-03 
 6.70000000e-01  1.45594026e-03 
 6.80000000e-01  1.45507092e-03 
 6.90000000e-01  1.45420219e-03 
 7.00000000e-01  1.45333424e-03 
 7.10000000e-01  1.45246723e-03 
 7.20000000e-01  1.45160129e-03 
 7.30000000e-01  1.45073649e-03 
 7.40000000e-01  1.44987291e-03 
 7.50000000e-01  1.44901061e-03 
 7.60000000e-01  1.44814963e-03 
 7.70000000e-01  1.44729001e-03 
 7.80000000e-01  1.44643181e-03 
 7.90000000e-01  1.44557516e-03 
 8.00000000e-01  1.44472012e-03 
 8.10000000e-01  1.44386677e-03 
 8.20000000e-01  1.44301515e-03 
 8.30000000e-01  1.44216530e-03 
 8.40000000e-01  1.44131725e-03 
 8.50000000e-01  1.44047103e-03 
 8.60000000e-01  1.43962665e-03 
 8.70000000e-01  1.43878414e-03 
 8.80000000e-01  1.43794350e-03 
 8.90000000e-01  1.43710474e-03 
 9.00000000e-01  1.43626788e-03 
 9.10000000e-01  1.43543292e-03 
 9.20000000e-01  1.43459986e-03 
 9.30000000e-01  1.43376870e-03 
 9.40000000e-01  1.43293945e-03 
 9.50000000e-01  1.43211211e-03 
 9.60000000e-01  1.43128667e-03 
 9.70000000e-01  1.43046314e-03 
 9.80000000e-01  1.42964151e-03 
 9.90000000e-01  1.42882178e-03 
 1.00000000e+00  1.42800395e-03 
 1.01000000e+00  1.42718802e-03 
 1.02000000e+00  1.42637399e-03 
 1.03000000e+00  1.42556185e-03 
 1.04000000e+00  1.42475160e-03 
 1.05000000e+00  1.42394324e-03 
 1.06000000e+00  1.42313678e-03 
 1.07000000e+00  1.42233223e-03 
 1.08000000e+00  1.42152960e-03 
 1.09000000e+00  1.42072891e-03 
 1.10000000e+00  1.41993020e-03 
 1.11000000e+00  1.41913350e-03 
 1.12000000e+00  1.41833887e-03 
 1.13000000e+00  1.41754641e-03 
 1.14000000e+00  1.41675622e-03 
 1.15000000e+00  1.41596843e-03 
 1.16000000e+00  1.41518325e-03 
 1.17000000e+00  1.41440088e-03 
 1.18000000e+00  1.41361121e-03 
 1.19000000e+00  1.41283511e-03 
 1.20000000e+00  1.41206295e-03 
 1.21000000e+00  1.41129517e-03 
 1.22000000e+00  1.41053241e-03 
 1.23000000e+00  1.40977541e-03 
 1.24000000e+00  1.40902503e-03 
 1.25000000e+00  1.40828228e-03 
 1.26000000e+00  1.40754834e-03 
 1.27000000e+00  1.40682455e-03 
 1.28000000e+00  1.40611247e-03 
 1.29000000e+00  1.40541385e-03 
 1.30000000e+00  1.40473067e-03 
 1.31000000e+00  1.40406519e-03 
 1.32000000e+00  1.40341990e-03 
 1.33000000e+00  1.40279759e-03 
 1.34000000e+00  1.40220135e-03 
 1.35000000e+00  1.40163458e-03 
 1.36000000e+00  1.40110103e-03 
 1.37000000e+00  1.40060479e-03 
 1.38000000e+00  1.40015029e-03 
 1.39000000e+00  1.39974238e-03 
 1.40000000e+00  1.39938625e-03 
 1.41000000e+00  1.39908752e-03 
 1.42000000e+00  1.39885219e-03 
 1.43000000e+00  1.39868667e-03 
 1.44000000e+00  1.39859781e-03 
 1.45000000e+00  1.39859285e-03 
 1.46000000e+00  1.39867944e-03 
 1.47000000e+00  1.39886567e-03 
 1.48000000e+00  1.39916001e-03 
 1.49000000e+00  1.39957136e-03 
 1.50000000e+00  1.40010900e-03 
 1.51000000e+00  1.40078259e-03 
 1.52000000e+00  1.40160216e-03 
 1.53000000e+00  1.40257812e-03 
 1.54000000e+00  1.40372120e-03 
 1.55000000e+00  1.40504245e-03 
 1.56000000e+00  1.40655323e-03 
 1.57000000e+00  1.40826519e-03 
 1.58000000e+00  1.41019024e-03 
 1.59000000e+00  1.41234052e-03 
 1.60000000e+00  1.41472839e-03 
