 v-sweep         ic             
 0.00000000e+00 -3.96437626e-05 
 1.00000000e-02  1.62288281e-05 
 2.00000000e-02  7.16760310e-05 
 3.00000000e-02  1.26466247e-04 
 4.00000000e-02  1.80388311e-04 
 5.00000000e-02  2.33246779e-04 
 6.00000000e-02  2.84856474e-04 
 7.00000000e-02  3.35035826e-04 
 8.00000000e-02  3.83598651e-04 
 9.00000000e-02  4.30344310e-04 
 1.00000000e-01  4.75046545e-04 
 1.10000000e-01  5.17441885e-04 
 1.20000000e-01  5.57219512e-04 
 1.30000000e-01  5.94016190e-04 
 1.40000000e-01  6.27422655e-04 
 1.50000000e-01  6.57011181e-04 
 1.60000000e-01  6.82395012e-04 
 1.70000000e-01  7.03322237e-04 
 1.80000000e-01  7.19782510e-04 
 1.90000000e-01  7.32073893e-04 
 2.00000000e-01  7.40775276e-04 
 2.10000000e-01  7.46623443e-04 
 2.20000000e-01  7.50359803e-04 
 2.30000000e-01  7.52619579e-04 
 2.40000000e-01  7.53888916e-04 
 2.50000000e-01  7.54512231e-04 
 2.60000000e-01  7.54721440e-04 
 2.70000000e-01  7.54667780e-04 
 2.80000000e-01  7.54447997e-04 
 2.90000000e-01  7.54123324e-04 
 3.00000000e-01  7.53732336e-04 
 3.10000000e-01  7.53299315e-04 
 3.20000000e-01  7.52839580e-04 
 3.30000000e-01  7.52362839e-04 
 3.40000000e-01  7.51875284e-04 
 3.50000000e-01  7.51380896e-04 
 3.60000000e-01  7.50882260e-04 
 3.70000000e-01  7.50381073e-04 
 3.80000000e-01  7.49878459e-04 
 3.90000000e-01  7.49375178e-04 
 4.00000000e-01  7.48871745e-04 
 4.10000000e-01  7.48368517e-04 
 4.20000000e-01  7.47865743e-04 
 4.30000000e-01  7.47363598e-04 
 4.40000000e-01  7.46862208e-04 
 4.50000000e-01  7.46361663e-04 
 4.60000000e-01  7.45862028e-04 
 4.70000000e-01  7.45363353e-04 
 4.80000000e-01  7.44865685e-04 
 4.90000000e-01  7.44369062e-04 
 5.00000000e-01  7.43873514e-04 
 5.10000000e-01  7.43379064e-04 
 5.20000000e-01  7.42885729e-04 
 5.30000000e-01  7.42393522e-04 
 5.40000000e-01  7.41902453e-04 
 5.50000000e-01  7.41412529e-04 
 5.60000000e-01  7.40923755e-04 
 5.70000000e-01  7.40436137e-04 
 5.80000000e-01  7.39949675e-04 
 5.90000000e-01  7.39464372e-04 
 6.00000000e-01  7.38980227e-04 
 6.10000000e-01  7.38497242e-04 
 6.20000000e-01  7.38015415e-04 
 6.30000000e-01  7.37534744e-04 
 6.40000000e-01  7.37055230e-04 
 6.50000000e-01  7.36576868e-04 
 6.60000000e-01  7.36099658e-04 
 6.70000000e-01  7.35623597e-04 
 6.80000000e-01  7.35148682e-04 
 6.90000000e-01  7.34674911e-04 
 7.00000000e-01  7.34202280e-04 
 7.10000000e-01  7.33730787e-04 
 7.20000000e-01  7.33260428e-04 
 7.30000000e-01  7.32791201e-04 
 7.40000000e-01  7.32323101e-04 
 7.50000000e-01  7.31856127e-04 
 7.60000000e-01  7.31390274e-04 
 7.70000000e-01  7.30925541e-04 
 7.80000000e-01  7.30461925e-04 
 7.90000000e-01  7.29999424e-04 
 8.00000000e-01  7.29538036e-04 
 8.10000000e-01  7.29077761e-04 
 8.20000000e-01  7.28618600e-04 
 8.30000000e-01  7.28160556e-04 
 8.40000000e-01  7.27703632e-04 
 8.50000000e-01  7.27247835e-04 
 8.60000000e-01  7.26793175e-04 
 8.70000000e-01  7.26339668e-04 
 8.80000000e-01  7.25887331e-04 
 8.90000000e-01  7.25436190e-04 
 9.00000000e-01  7.24986278e-04 
 9.10000000e-01  7.24537637e-04 
 9.20000000e-01  7.24090317e-04 
 9.30000000e-01  7.23644383e-04 
 9.40000000e-01  7.23199915e-04 
 9.50000000e-01  7.22757009e-04 
 9.60000000e-01  7.22315779e-04 
 9.70000000e-01  7.21876365e-04 
 9.80000000e-01  7.21438929e-04 
 9.90000000e-01  7.21003667e-04 
 1.00000000e+00  7.20565863e-04 
 1.01000000e+00  7.20135503e-04 
 1.02000000e+00  7.19708130e-04 
 1.03000000e+00  7.19284067e-04 
 1.04000000e+00  7.18863729e-04 
 1.05000000e+00  7.18447576e-04 
 1.06000000e+00  7.18036134e-04 
 1.07000000e+00  7.17629996e-04 
 1.08000000e+00  7.17229832e-04 
 1.09000000e+00  7.16836392e-04 
 1.10000000e+00  7.16450517e-04 
 1.11000000e+00  7.16073143e-04 
 1.12000000e+00  7.15705307e-04 
 1.13000000e+00  7.15348160e-04 
 1.14000000e+00  7.15002970e-04 
 1.15000000e+00  7.14671131e-04 
 1.16000000e+00  7.14354170e-04 
 1.17000000e+00  7.14053759e-04 
 1.18000000e+00  7.13771719e-04 
 1.19000000e+00  7.13510030e-04 
 1.20000000e+00  7.13270840e-04 
 1.21000000e+00  7.13056469e-04 
 1.22000000e+00  7.12869425e-04 
 1.23000000e+00  7.12712405e-04 
 1.24000000e+00  7.12588307e-04 
 1.25000000e+00  7.12500238e-04 
 1.26000000e+00  7.12451520e-04 
 1.27000000e+00  7.12445701e-04 
 1.28000000e+00  7.12486559e-04 
 1.29000000e+00  7.12578114e-04 
 1.30000000e+00  7.12724633e-04 
 1.31000000e+00  7.12930638e-04 
 1.32000000e+00  7.13200915e-04 
 1.33000000e+00  7.13540518e-04 
 1.34000000e+00  7.13954780e-04 
 1.35000000e+00  7.14449320e-04 
 1.36000000e+00  7.15030047e-04 
 1.37000000e+00  7.15703172e-04 
 1.38000000e+00  7.16475210e-04 
 1.39000000e+00  7.17352993e-04 
 1.40000000e+00  7.18343672e-04 
 1.41000000e+00  7.19454731e-04 
 1.42000000e+00  7.20693987e-04 
 1.43000000e+00  7.22069605e-04 
 1.44000000e+00  7.23590102e-04 
 1.45000000e+00  7.25264356e-04 
 1.46000000e+00  7.27101615e-04 
 1.47000000e+00  7.29111505e-04 
 1.48000000e+00  7.31304039e-04 
 1.49000000e+00  7.33689626e-04 
 1.50000000e+00  7.36279078e-04 
 1.51000000e+00  7.39083621e-04 
 1.52000000e+00  7.42122025e-04 
 1.53000000e+00  7.45392522e-04 
 1.54000000e+00  7.48914401e-04 
 1.55000000e+00  7.52700580e-04 
 1.56000000e+00  7.56764478e-04 
 1.57000000e+00  7.61119957e-04 
 1.58000000e+00  7.65781334e-04 
 1.59000000e+00  7.70763385e-04 
 1.60000000e+00  7.76081339e-04 
 0.00000000e+00 -4.66724499e-05 
 1.00000000e-02  1.76639341e-05 
 2.00000000e-02  8.15877761e-05 
 3.00000000e-02  1.44964362e-04 
 4.00000000e-02  2.07671881e-04 
 5.00000000e-02  2.69601400e-04 
 6.00000000e-02  3.30657023e-04 
 7.00000000e-02  3.90756013e-04 
 8.00000000e-02  4.49828568e-04 
 9.00000000e-02  5.07817023e-04 
 1.00000000e-01  5.64674204e-04 
 1.10000000e-01  6.20360819e-04 
 1.20000000e-01  6.74841829e-04 
 1.30000000e-01  7.28081883e-04 
 1.40000000e-01  7.80039983e-04 
 1.50000000e-01  8.30663552e-04 
 1.60000000e-01  8.79882061e-04 
 1.70000000e-01  9.27600282e-04 
 1.80000000e-01  9.73691121e-04 
 1.90000000e-01  1.01798803e-03 
 2.00000000e-01  1.06027713e-03 
 2.10000000e-01  1.10028962e-03 
 2.20000000e-01  1.13769649e-03 
 2.30000000e-01  1.17210914e-03 
 2.40000000e-01  1.20309335e-03 
 2.50000000e-01  1.23020717e-03 
 2.60000000e-01  1.25307290e-03 
 2.70000000e-01  1.27148135e-03 
 2.80000000e-01  1.28549722e-03 
 2.90000000e-01  1.29550516e-03 
 3.00000000e-01  1.30214993e-03 
 3.10000000e-01  1.30619139e-03 
 3.20000000e-01  1.30835302e-03 
 3.30000000e-01  1.30922901e-03 
 3.40000000e-01  1.30925960e-03 
 3.50000000e-01  1.30874902e-03 
 3.60000000e-01  1.30789826e-03 
 3.70000000e-01  1.30683632e-03 
 3.80000000e-01  1.30564465e-03 
 3.90000000e-01  1.30437414e-03 
 4.00000000e-01  1.30305644e-03 
 4.10000000e-01  1.30171120e-03 
 4.20000000e-01  1.30035064e-03 
 4.30000000e-01  1.29898234e-03 
 4.40000000e-01  1.29761105e-03 
 4.50000000e-01  1.29623974e-03 
 4.60000000e-01  1.29487029e-03 
 4.70000000e-01  1.29350386e-03 
 4.80000000e-01  1.29214122e-03 
 4.90000000e-01  1.29078283e-03 
 5.00000000e-01  1.28942899e-03 
 5.10000000e-01  1.28807989e-03 
 5.20000000e-01  1.28673564e-03 
 5.30000000e-01  1.28539632e-03 
 5.40000000e-01  1.28406196e-03 
 5.50000000e-01  1.28273258e-03 
 5.60000000e-01  1.28140817e-03 
 5.70000000e-01  1.28008872e-03 
 5.80000000e-01  1.27877425e-03 
 5.90000000e-01  1.27746474e-03 
 6.00000000e-01  1.27616019e-03 
 6.10000000e-01  1.27486059e-03 
 6.20000000e-01  1.27355690e-03 
 6.30000000e-01  1.27226660e-03 
 6.40000000e-01  1.27098121e-03 
 6.50000000e-01  1.26970066e-03 
 6.60000000e-01  1.26842493e-03 
 6.70000000e-01  1.26715401e-03 
 6.80000000e-01  1.26588787e-03 
 6.90000000e-01  1.26462647e-03 
 7.00000000e-01  1.26336981e-03 
 7.10000000e-01  1.26211784e-03 
 7.20000000e-01  1.26087054e-03 
 7.30000000e-01  1.25962788e-03 
 7.40000000e-01  1.25838984e-03 
 7.50000000e-01  1.25715639e-03 
 7.60000000e-01  1.25592750e-03 
 7.70000000e-01  1.25470314e-03 
 7.80000000e-01  1.25348329e-03 
 7.90000000e-01  1.25226792e-03 
 8.00000000e-01  1.25105700e-03 
 8.10000000e-01  1.24985050e-03 
 8.20000000e-01  1.24864840e-03 
 8.30000000e-01  1.24745067e-03 
 8.40000000e-01  1.24625728e-03 
 8.50000000e-01  1.24506822e-03 
 8.60000000e-01  1.24388344e-03 
 8.70000000e-01  1.24270293e-03 
 8.80000000e-01  1.24152666e-03 
 8.90000000e-01  1.24035462e-03 
 9.00000000e-01  1.23918677e-03 
 9.10000000e-01  1.23802310e-03 
 9.20000000e-01  1.23686358e-03 
 9.30000000e-01  1.23570821e-03 
 9.40000000e-01  1.23455698e-03 
 9.50000000e-01  1.23340987e-03 
 9.60000000e-01  1.23226688e-03 
 9.70000000e-01  1.23112802e-03 
 9.80000000e-01  1.22999329e-03 
 9.90000000e-01  1.22886274e-03 
 1.00000000e+00  1.22773638e-03 
 1.01000000e+00  1.22661427e-03 
 1.02000000e+00  1.22549648e-03 
 1.03000000e+00  1.22438309e-03 
 1.04000000e+00  1.22327420e-03 
 1.05000000e+00  1.22216997e-03 
 1.06000000e+00  1.22107055e-03 
 1.07000000e+00  1.21997615e-03 
 1.08000000e+00  1.21888702e-03 
 1.09000000e+00  1.21781737e-03 
 1.10000000e+00  1.21674013e-03 
 1.11000000e+00  1.21566931e-03 
 1.12000000e+00  1.21460521e-03 
 1.13000000e+00  1.21354843e-03 
 1.14000000e+00  1.21249959e-03 
 1.15000000e+00  1.21145938e-03 
 1.16000000e+00  1.21042861e-03 
 1.17000000e+00  1.20940819e-03 
 1.18000000e+00  1.20839913e-03 
 1.19000000e+00  1.20740259e-03 
 1.20000000e+00  1.20641985e-03 
 1.21000000e+00  1.20545232e-03 
 1.22000000e+00  1.20450158e-03 
 1.23000000e+00  1.20356937e-03 
 1.24000000e+00  1.20265761e-03 
 1.25000000e+00  1.20176840e-03 
 1.26000000e+00  1.20090404e-03 
 1.27000000e+00  1.20006703e-03 
 1.28000000e+00  1.19926009e-03 
 1.29000000e+00  1.19848618e-03 
 1.30000000e+00  1.19774848e-03 
 1.31000000e+00  1.19705044e-03 
 1.32000000e+00  1.19639574e-03 
 1.33000000e+00  1.19578835e-03 
 1.34000000e+00  1.19523251e-03 
 1.35000000e+00  1.19473274e-03 
 1.36000000e+00  1.19429387e-03 
 1.37000000e+00  1.19392100e-03 
 1.38000000e+00  1.19361956e-03 
 1.39000000e+00  1.19339529e-03 
 1.40000000e+00  1.19325424e-03 
 1.41000000e+00  1.19320280e-03 
 1.42000000e+00  1.19324766e-03 
 1.43000000e+00  1.19339588e-03 
 1.44000000e+00  1.19365481e-03 
 1.45000000e+00  1.19403216e-03 
 1.46000000e+00  1.19453598e-03 
 1.47000000e+00  1.19517464e-03 
 1.48000000e+00  1.19593983e-03 
 1.49000000e+00  1.19687384e-03 
 1.50000000e+00  1.19796997e-03 
 1.51000000e+00  1.19923769e-03 
 1.52000000e+00  1.20068713e-03 
 1.53000000e+00  1.20232863e-03 
 1.54000000e+00  1.20417289e-03 
 1.55000000e+00  1.20623088e-03 
 1.56000000e+00  1.20851391e-03 
 1.57000000e+00  1.21103358e-03 
 1.58000000e+00  1.21380178e-03 
 1.59000000e+00  1.21683068e-03 
 1.60000000e+00  1.22013273e-03 
 0.00000000e+00 -5.05869743e-05 
 1.00000000e-02  1.81178017e-05 
 2.00000000e-02  8.64146868e-05 
 3.00000000e-02  1.54199599e-04 
 4.00000000e-02  2.21375574e-04 
 5.00000000e-02  2.87853122e-04 
 6.00000000e-02  3.53550908e-04 
 7.00000000e-02  4.18396625e-04 
 8.00000000e-02  4.82327968e-04 
 9.00000000e-02  5.45293540e-04 
 1.00000000e-01  6.07253513e-04 
 1.10000000e-01  6.68179842e-04 
 1.20000000e-01  7.28055861e-04 
 1.30000000e-01  7.86875147e-04 
 1.40000000e-01  8.44639590e-04 
 1.50000000e-01  9.01356757e-04 
 1.60000000e-01  9.57036669e-04 
 1.70000000e-01  1.01168824e-03 
 1.80000000e-01  1.06531555e-03 
 1.90000000e-01  1.11791422e-03 
 2.00000000e-01  1.16946784e-03 
 2.10000000e-01  1.21994463e-03 
 2.20000000e-01  1.26929402e-03 
 2.30000000e-01  1.31744312e-03 
 2.40000000e-01  1.36429280e-03 
 2.50000000e-01  1.40971307e-03 
 2.60000000e-01  1.45353762e-03 
 2.70000000e-01  1.49555749e-03 
 2.80000000e-01  1.53551422e-03 
 2.90000000e-01  1.57309367e-03 
 3.00000000e-01  1.60792323e-03 
 3.10000000e-01  1.63957313e-03 
 3.20000000e-01  1.66759804e-03 
 3.30000000e-01  1.69156669e-03 
 3.40000000e-01  1.71116615e-03 
 3.50000000e-01  1.72630945e-03 
 3.60000000e-01  1.73722008e-03 
 3.70000000e-01  1.74442778e-03 
 3.80000000e-01  1.74865777e-03 
 3.90000000e-01  1.75067928e-03 
 4.00000000e-01  1.75113989e-03 
 4.10000000e-01  1.75056801e-03 
 4.20000000e-01  1.74933152e-03 
 4.30000000e-01  1.74767771e-03 
 4.40000000e-01  1.74576681e-03 
 4.50000000e-01  1.74370035e-03 
 4.60000000e-01  1.74154180e-03 
 4.70000000e-01  1.73933053e-03 
 4.80000000e-01  1.73709087e-03 
 4.90000000e-01  1.73483780e-03 
 5.00000000e-01  1.73258059e-03 
 5.10000000e-01  1.73032491e-03 
 5.20000000e-01  1.72807427e-03 
 5.30000000e-01  1.72583082e-03 
 5.40000000e-01  1.72359588e-03 
 5.50000000e-01  1.72137025e-03 
 5.60000000e-01  1.71914005e-03 
 5.70000000e-01  1.71693297e-03 
 5.80000000e-01  1.71473609e-03 
 5.90000000e-01  1.71254939e-03 
 6.00000000e-01  1.71037289e-03 
 6.10000000e-01  1.70820657e-03 
 6.20000000e-01  1.70605040e-03 
 6.30000000e-01  1.70390430e-03 
 6.40000000e-01  1.70176821e-03 
 6.50000000e-01  1.69964208e-03 
 6.60000000e-01  1.69752585e-03 
 6.70000000e-01  1.69541946e-03 
 6.80000000e-01  1.69332286e-03 
 6.90000000e-01  1.69123598e-03 
 7.00000000e-01  1.68915875e-03 
 7.10000000e-01  1.68709110e-03 
 7.20000000e-01  1.68503298e-03 
 7.30000000e-01  1.68298430e-03 
 7.40000000e-01  1.68094500e-03 
 7.50000000e-01  1.67891502e-03 
 7.60000000e-01  1.67689427e-03 
 7.70000000e-01  1.67488270e-03 
 7.80000000e-01  1.67288022e-03 
 7.90000000e-01  1.67088678e-03 
 8.00000000e-01  1.66890230e-03 
 8.10000000e-01  1.66692671e-03 
 8.20000000e-01  1.66495995e-03 
 8.30000000e-01  1.66300195e-03 
 8.40000000e-01  1.66105264e-03 
 8.50000000e-01  1.65911196e-03 
 8.60000000e-01  1.65719939e-03 
 8.70000000e-01  1.65527666e-03 
 8.80000000e-01  1.65336254e-03 
 8.90000000e-01  1.65145676e-03 
 9.00000000e-01  1.64955931e-03 
 9.10000000e-01  1.64767013e-03 
 9.20000000e-01  1.64578916e-03 
 9.30000000e-01  1.64391635e-03 
 9.40000000e-01  1.64205163e-03 
 9.50000000e-01  1.64019494e-03 
 9.60000000e-01  1.63834622e-03 
 9.70000000e-01  1.63650543e-03 
 9.80000000e-01  1.63467251e-03 
 9.90000000e-01  1.63284742e-03 
 1.00000000e+00  1.63103009e-03 
 1.01000000e+00  1.62922050e-03 
 1.02000000e+00  1.62741860e-03 
 1.03000000e+00  1.62562438e-03 
 1.04000000e+00  1.62383780e-03 
 1.05000000e+00  1.62205885e-03 
 1.06000000e+00  1.62028755e-03 
 1.07000000e+00  1.61852389e-03 
 1.08000000e+00  1.61676792e-03 
 1.09000000e+00  1.61501970e-03 
 1.10000000e+00  1.61327929e-03 
 1.11000000e+00  1.61154680e-03 
 1.12000000e+00  1.60982237e-03 
 1.13000000e+00  1.60810618e-03 
 1.14000000e+00  1.60639845e-03 
 1.15000000e+00  1.60469945e-03 
 1.16000000e+00  1.60300949e-03 
 1.17000000e+00  1.60132898e-03 
 1.18000000e+00  1.59963488e-03 
 1.19000000e+00  1.59797358e-03 
 1.20000000e+00  1.59632357e-03 
 1.21000000e+00  1.59468519e-03 
 1.22000000e+00  1.59305937e-03 
 1.23000000e+00  1.59144706e-03 
 1.24000000e+00  1.58984933e-03 
 1.25000000e+00  1.58826738e-03 
 1.26000000e+00  1.58670256e-03 
 1.27000000e+00  1.58515638e-03 
 1.28000000e+00  1.58363055e-03 
 1.29000000e+00  1.58212691e-03 
 1.30000000e+00  1.58064756e-03 
 1.31000000e+00  1.57919476e-03 
 1.32000000e+00  1.57777100e-03 
 1.33000000e+00  1.57637904e-03 
 1.34000000e+00  1.57502184e-03 
 1.35000000e+00  1.57370264e-03 
 1.36000000e+00  1.57242494e-03 
 1.37000000e+00  1.57119254e-03 
 1.38000000e+00  1.57000952e-03 
 1.39000000e+00  1.56888025e-03 
 1.40000000e+00  1.56780942e-03 
 1.41000000e+00  1.56680205e-03 
 1.42000000e+00  1.56586348e-03 
 1.43000000e+00  1.56499938e-03 
 1.44000000e+00  1.56421578e-03 
 1.45000000e+00  1.56351903e-03 
 1.46000000e+00  1.56294234e-03 
 1.47000000e+00  1.56244065e-03 
 1.48000000e+00  1.56204743e-03 
 1.49000000e+00  1.56176993e-03 
 1.50000000e+00  1.56161647e-03 
 1.51000000e+00  1.56159553e-03 
 1.52000000e+00  1.56171596e-03 
 1.53000000e+00  1.56198697e-03 
 1.54000000e+00  1.56241809e-03 
 1.55000000e+00  1.56301920e-03 
 1.56000000e+00  1.56380050e-03 
 1.57000000e+00  1.56477254e-03 
 1.58000000e+00  1.56594613e-03 
 1.59000000e+00  1.56733242e-03 
 1.60000000e+00  1.56894283e-03 
 0.00000000e+00 -5.33376312e-05 
 1.00000000e-02  1.82515564e-05 
 2.00000000e-02  8.94472592e-05 
 3.00000000e-02  1.60162324e-04 
 4.00000000e-02  2.30313560e-04 
 5.00000000e-02  2.99822009e-04 
 6.00000000e-02  3.68613501e-04 
 7.00000000e-02  4.36619437e-04 
 8.00000000e-02  5.03777772e-04 
 9.00000000e-02  5.70034140e-04 
 1.00000000e-01  6.35343005e-04 
 1.10000000e-01  6.99668729e-04 
 1.20000000e-01  7.62986400e-04 
 1.30000000e-01  8.25282252e-04 
 1.40000000e-01  8.86553546e-04 
 1.50000000e-01  9.46807807e-04 
 1.60000000e-01  1.00606137e-03 
 1.70000000e-01  1.06433731e-03 
 1.80000000e-01  1.12166288e-03 
 1.90000000e-01  1.17806664e-03 
 2.00000000e-01  1.23357558e-03 
 2.10000000e-01  1.28821226e-03 
 2.20000000e-01  1.34199236e-03 
 2.30000000e-01  1.39492242e-03 
 2.40000000e-01  1.44699795e-03 
 2.50000000e-01  1.49820175e-03 
 2.60000000e-01  1.54850229e-03 
 2.70000000e-01  1.59785196e-03 
 2.80000000e-01  1.64618505e-03 
 2.90000000e-01  1.69341529e-03 
 3.00000000e-01  1.73943259e-03 
 3.10000000e-01  1.78409905e-03 
 3.20000000e-01  1.82724385e-03 
 3.30000000e-01  1.86865717e-03 
 3.40000000e-01  1.90807872e-03 
 3.50000000e-01  1.94520813e-03 
 3.60000000e-01  1.97967775e-03 
 3.70000000e-01  2.01107055e-03 
 3.80000000e-01  2.03893586e-03 
 3.90000000e-01  2.06283526e-03 
 4.00000000e-01  2.08242390e-03 
 4.10000000e-01  2.09755903e-03 
 4.20000000e-01  2.10839518e-03 
 4.30000000e-01  2.11540295e-03 
 4.40000000e-01  2.11927893e-03 
 4.50000000e-01  2.12078875e-03 
 4.60000000e-01  2.12062683e-03 
 4.70000000e-01  2.11935783e-03 
 4.80000000e-01  2.11734840e-03 
 4.90000000e-01  2.11488686e-03 
 5.00000000e-01  2.11214842e-03 
 5.10000000e-01  2.10924479e-03 
 5.20000000e-01  2.10624574e-03 
 5.30000000e-01  2.10319453e-03 
 5.40000000e-01  2.10011784e-03 
 5.50000000e-01  2.09703204e-03 
 5.60000000e-01  2.09394718e-03 
 5.70000000e-01  2.09084841e-03 
 5.80000000e-01  2.08777893e-03 
 5.90000000e-01  2.08472257e-03 
 6.00000000e-01  2.08168045e-03 
 6.10000000e-01  2.07865341e-03 
 6.20000000e-01  2.07564189e-03 
 6.30000000e-01  2.07264611e-03 
 6.40000000e-01  2.06966613e-03 
 6.50000000e-01  2.06670197e-03 
 6.60000000e-01  2.06375355e-03 
 6.70000000e-01  2.06082080e-03 
 6.80000000e-01  2.05790359e-03 
 6.90000000e-01  2.05500180e-03 
 7.00000000e-01  2.05211531e-03 
 7.10000000e-01  2.04924397e-03 
 7.20000000e-01  2.04638768e-03 
 7.30000000e-01  2.04354632e-03 
 7.40000000e-01  2.04071978e-03 
 7.50000000e-01  2.03790793e-03 
 7.60000000e-01  2.03511065e-03 
 7.70000000e-01  2.03235340e-03 
 7.80000000e-01  2.02958644e-03 
 7.90000000e-01  2.02683396e-03 
 8.00000000e-01  2.02409555e-03 
 8.10000000e-01  2.02137117e-03 
 8.20000000e-01  2.01866070e-03 
 8.30000000e-01  2.01596403e-03 
 8.40000000e-01  2.01328103e-03 
 8.50000000e-01  2.01061158e-03 
 8.60000000e-01  2.00795558e-03 
 8.70000000e-01  2.00531291e-03 
 8.80000000e-01  2.00268344e-03 
 8.90000000e-01  2.00006708e-03 
 9.00000000e-01  1.99746370e-03 
 9.10000000e-01  1.99487320e-03 
 9.20000000e-01  1.99229547e-03 
 9.30000000e-01  1.98973041e-03 
 9.40000000e-01  1.98717789e-03 
 9.50000000e-01  1.98463783e-03 
 9.60000000e-01  1.98211010e-03 
 9.70000000e-01  1.97959462e-03 
 9.80000000e-01  1.97709128e-03 
 9.90000000e-01  1.97459998e-03 
 1.00000000e+00  1.97212063e-03 
 1.01000000e+00  1.96962374e-03 
 1.02000000e+00  1.96716630e-03 
 1.03000000e+00  1.96472081e-03 
 1.04000000e+00  1.96228669e-03 
 1.05000000e+00  1.95986400e-03 
 1.06000000e+00  1.95745267e-03 
 1.07000000e+00  1.95505261e-03 
 1.08000000e+00  1.95266376e-03 
 1.09000000e+00  1.95028605e-03 
 1.10000000e+00  1.94791945e-03 
 1.11000000e+00  1.94556390e-03 
 1.12000000e+00  1.94321939e-03 
 1.13000000e+00  1.94088590e-03 
 1.14000000e+00  1.93856346e-03 
 1.15000000e+00  1.93625211e-03 
 1.16000000e+00  1.93395190e-03 
 1.17000000e+00  1.93166295e-03 
 1.18000000e+00  1.92938538e-03 
 1.19000000e+00  1.92711940e-03 
 1.20000000e+00  1.92486522e-03 
 1.21000000e+00  1.92262315e-03 
 1.22000000e+00  1.92039354e-03 
 1.23000000e+00  1.91817683e-03 
 1.24000000e+00  1.91600635e-03 
 1.25000000e+00  1.91381827e-03 
 1.26000000e+00  1.91164546e-03 
 1.27000000e+00  1.90948803e-03 
 1.28000000e+00  1.90734716e-03 
 1.29000000e+00  1.90522392e-03 
 1.30000000e+00  1.90311955e-03 
 1.31000000e+00  1.90103542e-03 
 1.32000000e+00  1.89897311e-03 
 1.33000000e+00  1.89693436e-03 
 1.34000000e+00  1.89492112e-03 
 1.35000000e+00  1.89293556e-03 
 1.36000000e+00  1.89098006e-03 
 1.37000000e+00  1.88905726e-03 
 1.38000000e+00  1.88717003e-03 
 1.39000000e+00  1.88532152e-03 
 1.40000000e+00  1.88351517e-03 
 1.41000000e+00  1.88175471e-03 
 1.42000000e+00  1.88004415e-03 
 1.43000000e+00  1.87838786e-03 
 1.44000000e+00  1.87679049e-03 
 1.45000000e+00  1.87525708e-03 
 1.46000000e+00  1.87375642e-03 
 1.47000000e+00  1.87236548e-03 
 1.48000000e+00  1.87105624e-03 
 1.49000000e+00  1.86983425e-03 
 1.50000000e+00  1.86870660e-03 
 1.51000000e+00  1.86768050e-03 
 1.52000000e+00  1.86676353e-03 
 1.53000000e+00  1.86596365e-03 
 1.54000000e+00  1.86528920e-03 
 1.55000000e+00  1.86474890e-03 
 1.56000000e+00  1.86435184e-03 
 1.57000000e+00  1.86410748e-03 
 1.58000000e+00  1.86402564e-03 
 1.59000000e+00  1.86411649e-03 
 1.60000000e+00  1.86439054e-03 
 0.00000000e+00 -5.54798615e-05 
 1.00000000e-02  1.82319301e-05 
 2.00000000e-02  9.15681200e-05 
 3.00000000e-02  1.64453047e-04 
 4.00000000e-02  2.36813228e-04 
 5.00000000e-02  3.08577505e-04 
 6.00000000e-02  3.79677426e-04 
 7.00000000e-02  4.50047808e-04 
 8.00000000e-02  5.19627525e-04 
 9.00000000e-02  5.88360468e-04 
 1.00000000e-01  6.56196653e-04 
 1.10000000e-01  7.23093411e-04 
 1.20000000e-01  7.89016563e-04 
 1.30000000e-01  8.53941470e-04 
 1.40000000e-01  9.17853822e-04 
 1.50000000e-01  9.80750017e-04 
 1.60000000e-01  1.04263702e-03 
 1.70000000e-01  1.10353161e-03 
 1.80000000e-01  1.16345902e-03 
 1.90000000e-01  1.22245105e-03 
 2.00000000e-01  1.28054366e-03 
 2.10000000e-01  1.33777454e-03 
 2.20000000e-01  1.39418043e-03 
 2.30000000e-01  1.44979483e-03 
 2.40000000e-01  1.50464589e-03 
 2.50000000e-01  1.55875471e-03 
 2.60000000e-01  1.61213400e-03 
 2.70000000e-01  1.66478708e-03 
 2.80000000e-01  1.71670700e-03 
 2.90000000e-01  1.76787584e-03 
 3.00000000e-01  1.81826391e-03 
 3.10000000e-01  1.86782877e-03 
 3.20000000e-01  1.91651397e-03 
 3.30000000e-01  1.96424739e-03 
 3.40000000e-01  2.01093894e-03 
 3.50000000e-01  2.05647766e-03 
 3.60000000e-01  2.10072786e-03 
 3.70000000e-01  2.14351934e-03 
 3.80000000e-01  2.18465984e-03 
 3.90000000e-01  2.22390307e-03 
 4.00000000e-01  2.26095767e-03 
 4.10000000e-01  2.29547843e-03 
 4.20000000e-01  2.32706659e-03 
 4.30000000e-01  2.35528241e-03 
 4.40000000e-01  2.37968029e-03 
 4.50000000e-01  2.39987686e-03 
 4.60000000e-01  2.41565184e-03 
 4.70000000e-01  2.42705322e-03 
 4.80000000e-01  2.43444827e-03 
 4.90000000e-01  2.43847040e-03 
 5.00000000e-01  2.43987742e-03 
 5.10000000e-01  2.43939797e-03 
 5.20000000e-01  2.43763413e-03 
 5.30000000e-01  2.43505433e-03 
 5.40000000e-01  2.43192235e-03 
 5.50000000e-01  2.42847057e-03 
 5.60000000e-01  2.42482805e-03 
 5.70000000e-01  2.42107693e-03 
 5.80000000e-01  2.41726794e-03 
 5.90000000e-01  2.41343240e-03 
 6.00000000e-01  2.40956166e-03 
 6.10000000e-01  2.40571880e-03 
 6.20000000e-01  2.40188757e-03 
 6.30000000e-01  2.39807183e-03 
 6.40000000e-01  2.39427432e-03 
 6.50000000e-01  2.39049659e-03 
 6.60000000e-01  2.38673949e-03 
 6.70000000e-01  2.38300348e-03 
 6.80000000e-01  2.37928875e-03 
 6.90000000e-01  2.37559535e-03 
 7.00000000e-01  2.37192322e-03 
 7.10000000e-01  2.36827224e-03 
 7.20000000e-01  2.36464225e-03 
 7.30000000e-01  2.36106334e-03 
 7.40000000e-01  2.35747715e-03 
 7.50000000e-01  2.35391183e-03 
 7.60000000e-01  2.35036673e-03 
 7.70000000e-01  2.34684180e-03 
 7.80000000e-01  2.34333688e-03 
 7.90000000e-01  2.33985177e-03 
 8.00000000e-01  2.33638631e-03 
 8.10000000e-01  2.33294032e-03 
 8.20000000e-01  2.32951363e-03 
 8.30000000e-01  2.32610605e-03 
 8.40000000e-01  2.32271741e-03 
 8.50000000e-01  2.31934754e-03 
 8.60000000e-01  2.31599625e-03 
 8.70000000e-01  2.31266339e-03 
 8.80000000e-01  2.30934878e-03 
 8.90000000e-01  2.30605225e-03 
 9.00000000e-01  2.30277363e-03 
 9.10000000e-01  2.29951276e-03 
 9.20000000e-01  2.29623411e-03 
 9.30000000e-01  2.29300584e-03 
 9.40000000e-01  2.28979517e-03 
 9.50000000e-01  2.28660134e-03 
 9.60000000e-01  2.28342437e-03 
 9.70000000e-01  2.28026410e-03 
 9.80000000e-01  2.27712037e-03 
 9.90000000e-01  2.27399304e-03 
 1.00000000e+00  2.27088196e-03 
 1.01000000e+00  2.26778696e-03 
 1.02000000e+00  2.26470792e-03 
 1.03000000e+00  2.26164468e-03 
 1.04000000e+00  2.25859710e-03 
 1.05000000e+00  2.25556505e-03 
 1.06000000e+00  2.25254838e-03 
 1.07000000e+00  2.24954696e-03 
 1.08000000e+00  2.24656066e-03 
 1.09000000e+00  2.24358935e-03 
 1.10000000e+00  2.24063290e-03 
 1.11000000e+00  2.23773078e-03 
 1.12000000e+00  2.23480549e-03 
 1.13000000e+00  2.23189541e-03 
 1.14000000e+00  2.22899961e-03 
 1.15000000e+00  2.22611826e-03 
 1.16000000e+00  2.22325129e-03 
 1.17000000e+00  2.22039866e-03 
 1.18000000e+00  2.21756034e-03 
 1.19000000e+00  2.21473631e-03 
 1.20000000e+00  2.21192661e-03 
 1.21000000e+00  2.20913128e-03 
 1.22000000e+00  2.20635041e-03 
 1.23000000e+00  2.20358415e-03 
 1.24000000e+00  2.20083267e-03 
 1.25000000e+00  2.19809622e-03 
 1.26000000e+00  2.19537511e-03 
 1.27000000e+00  2.19266971e-03 
 1.28000000e+00  2.18998049e-03 
 1.29000000e+00  2.18726515e-03 
 1.30000000e+00  2.18460750e-03 
 1.31000000e+00  2.18196870e-03 
 1.32000000e+00  2.17934857e-03 
 1.33000000e+00  2.17674845e-03 
 1.34000000e+00  2.17416954e-03 
 1.35000000e+00  2.17161319e-03 
 1.36000000e+00  2.16908093e-03 
 1.37000000e+00  2.16657448e-03 
 1.38000000e+00  2.16409578e-03 
 1.39000000e+00  2.16164698e-03 
 1.40000000e+00  2.15923046e-03 
 1.41000000e+00  2.15684887e-03 
 1.42000000e+00  2.15450511e-03 
 1.43000000e+00  2.15220239e-03 
 1.44000000e+00  2.14994417e-03 
 1.45000000e+00  2.14777978e-03 
 1.46000000e+00  2.14562384e-03 
 1.47000000e+00  2.14352573e-03 
 1.48000000e+00  2.14148896e-03 
 1.49000000e+00  2.13951907e-03 
 1.50000000e+00  2.13762160e-03 
 1.51000000e+00  2.13580243e-03 
 1.52000000e+00  2.13406785e-03 
 1.53000000e+00  2.13242454e-03 
 1.54000000e+00  2.13087958e-03 
 1.55000000e+00  2.12944042e-03 
 1.56000000e+00  2.12811495e-03 
 1.57000000e+00  2.12691143e-03 
 1.58000000e+00  2.12583853e-03 
 1.59000000e+00  2.12490532e-03 
 1.60000000e+00  2.12412125e-03 
 0.00000000e+00 -5.72489777e-05 
 1.00000000e-02  1.81242776e-05 
 2.00000000e-02  9.31402802e-05 
 3.00000000e-02  1.67731939e-04 
 4.00000000e-02  2.41833282e-04 
 5.00000000e-02  3.15379514e-04 
 6.00000000e-02  3.88307243e-04 
 7.00000000e-02  4.60554867e-04 
 8.00000000e-02  5.32063144e-04 
 9.00000000e-02  6.02775941e-04 
 1.00000000e-01  6.72641142e-04 
 1.10000000e-01  7.41611717e-04 
 1.20000000e-01  8.09646875e-04 
 1.30000000e-01  8.76713260e-04 
 1.40000000e-01  9.42786076e-04 
 1.50000000e-01  1.00785004e-03 
 1.60000000e-01  1.07190002e-03 
 1.70000000e-01  1.13494127e-03 
 1.80000000e-01  1.19698909e-03 
 1.90000000e-01  1.25806797e-03 
 2.00000000e-01  1.31821012e-03 
 2.10000000e-01  1.37745354e-03 
 2.20000000e-01  1.43583982e-03 
 2.30000000e-01  1.49341170e-03 
 2.40000000e-01  1.55021081e-03 
 2.50000000e-01  1.60627555e-03 
 2.60000000e-01  1.66163936e-03 
 2.70000000e-01  1.71632937e-03 
 2.80000000e-01  1.77036539e-03 
 2.90000000e-01  1.82375928e-03 
 3.00000000e-01  1.87651450e-03 
 3.10000000e-01  1.92862577e-03 
 3.20000000e-01  1.98007882e-03 
 3.30000000e-01  2.03085002e-03 
 3.40000000e-01  2.08090588e-03 
 3.50000000e-01  2.13020231e-03 
 3.60000000e-01  2.17868360e-03 
 3.70000000e-01  2.22628095e-03 
 3.80000000e-01  2.27291051e-03 
 3.90000000e-01  2.31847087e-03 
 4.00000000e-01  2.36283393e-03 
 4.10000000e-01  2.40586208e-03 
 4.20000000e-01  2.44737328e-03 
 4.30000000e-01  2.48715361e-03 
 4.40000000e-01  2.52494618e-03 
 4.50000000e-01  2.56044474e-03 
 4.60000000e-01  2.59328984e-03 
 4.70000000e-01  2.62307203e-03 
 4.80000000e-01  2.64934997e-03 
 4.90000000e-01  2.67169393e-03 
 5.00000000e-01  2.68976367e-03 
 5.10000000e-01  2.70341350e-03 
 5.20000000e-01  2.71278685e-03 
 5.30000000e-01  2.71833898e-03 
 5.40000000e-01  2.72075326e-03 
 5.50000000e-01  2.72078869e-03 
 5.60000000e-01  2.71913967e-03 
 5.70000000e-01  2.71636075e-03 
 5.80000000e-01  2.71288149e-03 
 5.90000000e-01  2.70891710e-03 
 6.00000000e-01  2.70468562e-03 
 6.10000000e-01  2.70029782e-03 
 6.20000000e-01  2.69582544e-03 
 6.30000000e-01  2.69131225e-03 
 6.40000000e-01  2.68674921e-03 
 6.50000000e-01  2.68221764e-03 
 6.60000000e-01  2.67769903e-03 
 6.70000000e-01  2.67319855e-03 
 6.80000000e-01  2.66872016e-03 
 6.90000000e-01  2.66426604e-03 
 7.00000000e-01  2.65983742e-03 
 7.10000000e-01  2.65543497e-03 
 7.20000000e-01  2.65105896e-03 
 7.30000000e-01  2.64674717e-03 
 7.40000000e-01  2.64242779e-03 
 7.50000000e-01  2.63813544e-03 
 7.60000000e-01  2.63386919e-03 
 7.70000000e-01  2.62962902e-03 
 7.80000000e-01  2.62541468e-03 
 7.90000000e-01  2.62122592e-03 
 8.00000000e-01  2.61706247e-03 
 8.10000000e-01  2.61292408e-03 
 8.20000000e-01  2.60881050e-03 
 8.30000000e-01  2.60472152e-03 
 8.40000000e-01  2.60065690e-03 
 8.50000000e-01  2.59661640e-03 
 8.60000000e-01  2.59259979e-03 
 8.70000000e-01  2.58856594e-03 
 8.80000000e-01  2.58459310e-03 
 8.90000000e-01  2.58064389e-03 
 9.00000000e-01  2.57671729e-03 
 9.10000000e-01  2.57281330e-03 
 9.20000000e-01  2.56893169e-03 
 9.30000000e-01  2.56507223e-03 
 9.40000000e-01  2.56123472e-03 
 9.50000000e-01  2.55741893e-03 
 9.60000000e-01  2.55362464e-03 
 9.70000000e-01  2.54985164e-03 
 9.80000000e-01  2.54609973e-03 
 9.90000000e-01  2.54236869e-03 
 1.00000000e+00  2.53865832e-03 
 1.01000000e+00  2.53496842e-03 
 1.02000000e+00  2.53129879e-03 
 1.03000000e+00  2.52769576e-03 
 1.04000000e+00  2.52406849e-03 
 1.05000000e+00  2.52046176e-03 
 1.06000000e+00  2.51687434e-03 
 1.07000000e+00  2.51330638e-03 
 1.08000000e+00  2.50975768e-03 
 1.09000000e+00  2.50622806e-03 
 1.10000000e+00  2.50271736e-03 
 1.11000000e+00  2.49922539e-03 
 1.12000000e+00  2.49575200e-03 
 1.13000000e+00  2.49229702e-03 
 1.14000000e+00  2.48886029e-03 
 1.15000000e+00  2.48544167e-03 
 1.16000000e+00  2.48204100e-03 
 1.17000000e+00  2.47865816e-03 
 1.18000000e+00  2.47524398e-03 
 1.19000000e+00  2.47189313e-03 
 1.20000000e+00  2.46856053e-03 
 1.21000000e+00  2.46524485e-03 
 1.22000000e+00  2.46194637e-03 
 1.23000000e+00  2.45866507e-03 
 1.24000000e+00  2.45540092e-03 
 1.25000000e+00  2.45215395e-03 
 1.26000000e+00  2.44892422e-03 
 1.27000000e+00  2.44571184e-03 
 1.28000000e+00  2.44251695e-03 
 1.29000000e+00  2.43933978e-03 
 1.30000000e+00  2.43618061e-03 
 1.31000000e+00  2.43303980e-03 
 1.32000000e+00  2.42997073e-03 
 1.33000000e+00  2.42687032e-03 
 1.34000000e+00  2.42379114e-03 
 1.35000000e+00  2.42073240e-03 
 1.36000000e+00  2.41769550e-03 
 1.37000000e+00  2.41468148e-03 
 1.38000000e+00  2.41169157e-03 
 1.39000000e+00  2.40872716e-03 
 1.40000000e+00  2.40578984e-03 
 1.41000000e+00  2.40288139e-03 
 1.42000000e+00  2.40000383e-03 
 1.43000000e+00  2.39715939e-03 
 1.44000000e+00  2.39429783e-03 
 1.45000000e+00  2.39152404e-03 
 1.46000000e+00  2.38879275e-03 
 1.47000000e+00  2.38610569e-03 
 1.48000000e+00  2.38346698e-03 
 1.49000000e+00  2.38088064e-03 
 1.50000000e+00  2.37835100e-03 
 1.51000000e+00  2.37588276e-03 
 1.52000000e+00  2.37348098e-03 
 1.53000000e+00  2.37115113e-03 
 1.54000000e+00  2.36889903e-03 
 1.55000000e+00  2.36673094e-03 
 1.56000000e+00  2.36465350e-03 
 1.57000000e+00  2.36272939e-03 
 1.58000000e+00  2.36085631e-03 
 1.59000000e+00  2.35909754e-03 
 1.60000000e+00  2.35745961e-03 
 0.00000000e+00 -5.87665989e-05 
 1.00000000e-02  1.79604671e-05 
 2.00000000e-02  9.43478943e-05 
 3.00000000e-02  1.70335323e-04 
 4.00000000e-02  2.45862863e-04 
 5.00000000e-02  3.20871086e-04 
 6.00000000e-02  3.95301141e-04 
 7.00000000e-02  4.69095012e-04 
 8.00000000e-02  5.42195906e-04 
 9.00000000e-02  6.14548807e-04 
 1.00000000e-01  6.86101188e-04 
 1.10000000e-01  7.56803883e-04 
 1.20000000e-01  8.26612090e-04 
 1.30000000e-01  8.95486495e-04 
 1.40000000e-01  9.63394442e-04 
 1.50000000e-01  1.03031108e-03 
 1.60000000e-01  1.09622038e-03 
 1.70000000e-01  1.16111593e-03 
 1.80000000e-01  1.22500138e-03 
 1.90000000e-01  1.28789035e-03 
 2.00000000e-01  1.34980594e-03 
 2.10000000e-01  1.41077956e-03 
 2.20000000e-01  1.47084936e-03 
 2.30000000e-01  1.53005822e-03 
 2.40000000e-01  1.58845152e-03 
 2.50000000e-01  1.64607496e-03 
 2.60000000e-01  1.70297242e-03 
 2.70000000e-01  1.75918416e-03 
 2.80000000e-01  1.81474540e-03 
 2.90000000e-01  1.86968527e-03 
 3.00000000e-01  1.92402609e-03 
 3.10000000e-01  1.97778302e-03 
 3.20000000e-01  2.03096380e-03 
 3.30000000e-01  2.08356878e-03 
 3.40000000e-01  2.13559077e-03 
 3.50000000e-01  2.18701511e-03 
 3.60000000e-01  2.23781939e-03 
 3.70000000e-01  2.28797322e-03 
 3.80000000e-01  2.33743768e-03 
 3.90000000e-01  2.38616455e-03 
 4.00000000e-01  2.43409524e-03 
 4.10000000e-01  2.48115932e-03 
 4.20000000e-01  2.52727257e-03 
 4.30000000e-01  2.57232745e-03 
 4.40000000e-01  2.61621599e-03 
 4.50000000e-01  2.65878921e-03 
 4.60000000e-01  2.69987516e-03 
 4.70000000e-01  2.73926771e-03 
 4.80000000e-01  2.77672000e-03 
 4.90000000e-01  2.81193807e-03 
 5.00000000e-01  2.84457643e-03 
 5.10000000e-01  2.87423949e-03 
 5.20000000e-01  2.90049570e-03 
 5.30000000e-01  2.92291452e-03 
 5.40000000e-01  2.94116164e-03 
 5.50000000e-01  2.95500371e-03 
 5.60000000e-01  2.96453638e-03 
 5.70000000e-01  2.97014829e-03 
 5.80000000e-01  2.97248026e-03 
 5.90000000e-01  2.97225336e-03 
 6.00000000e-01  2.97025127e-03 
 6.10000000e-01  2.96702052e-03 
 6.20000000e-01  2.96302616e-03 
 6.30000000e-01  2.95848853e-03 
 6.40000000e-01  2.95366029e-03 
 6.50000000e-01  2.94866102e-03 
 6.60000000e-01  2.94357072e-03 
 6.70000000e-01  2.93843757e-03 
 6.80000000e-01  2.93324866e-03 
 6.90000000e-01  2.92809646e-03 
 7.00000000e-01  2.92296116e-03 
 7.10000000e-01  2.91784783e-03 
 7.20000000e-01  2.91276098e-03 
 7.30000000e-01  2.90770307e-03 
 7.40000000e-01  2.90267545e-03 
 7.50000000e-01  2.89772776e-03 
 7.60000000e-01  2.89276794e-03 
 7.70000000e-01  2.88784078e-03 
 7.80000000e-01  2.88294475e-03 
 7.90000000e-01  2.87808006e-03 
 8.00000000e-01  2.87324645e-03 
 8.10000000e-01  2.86844363e-03 
 8.20000000e-01  2.86367129e-03 
 8.30000000e-01  2.85892912e-03 
 8.40000000e-01  2.85421681e-03 
 8.50000000e-01  2.84948607e-03 
 8.60000000e-01  2.84482787e-03 
 8.70000000e-01  2.84019921e-03 
 8.80000000e-01  2.83559870e-03 
 8.90000000e-01  2.83102634e-03 
 9.00000000e-01  2.82648184e-03 
 9.10000000e-01  2.82196493e-03 
 9.20000000e-01  2.81747530e-03 
 9.30000000e-01  2.81301268e-03 
 9.40000000e-01  2.80857679e-03 
 9.50000000e-01  2.80416735e-03 
 9.60000000e-01  2.79978408e-03 
 9.70000000e-01  2.79542670e-03 
 9.80000000e-01  2.79114864e-03 
 9.90000000e-01  2.78684544e-03 
 1.00000000e+00  2.78256848e-03 
 1.01000000e+00  2.77831616e-03 
 1.02000000e+00  2.77408864e-03 
 1.03000000e+00  2.76988565e-03 
 1.04000000e+00  2.76570696e-03 
 1.05000000e+00  2.76155233e-03 
 1.06000000e+00  2.75742151e-03 
 1.07000000e+00  2.75331428e-03 
 1.08000000e+00  2.74923040e-03 
 1.09000000e+00  2.74516966e-03 
 1.10000000e+00  2.74113183e-03 
 1.11000000e+00  2.73705996e-03 
 1.12000000e+00  2.73306307e-03 
 1.13000000e+00  2.72908935e-03 
 1.14000000e+00  2.72513708e-03 
 1.15000000e+00  2.72120646e-03 
 1.16000000e+00  2.71729730e-03 
 1.17000000e+00  2.71340941e-03 
 1.18000000e+00  2.70954258e-03 
 1.19000000e+00  2.70569663e-03 
 1.20000000e+00  2.70187138e-03 
 1.21000000e+00  2.69806665e-03 
 1.22000000e+00  2.69433897e-03 
 1.23000000e+00  2.69057761e-03 
 1.24000000e+00  2.68683764e-03 
 1.25000000e+00  2.68311733e-03 
 1.26000000e+00  2.67941710e-03 
 1.27000000e+00  2.67573687e-03 
 1.28000000e+00  2.67207662e-03 
 1.29000000e+00  2.66843636e-03 
 1.30000000e+00  2.66481615e-03 
 1.31000000e+00  2.66121609e-03 
 1.32000000e+00  2.65763634e-03 
 1.33000000e+00  2.65407713e-03 
 1.34000000e+00  2.65047714e-03 
 1.35000000e+00  2.64695554e-03 
 1.36000000e+00  2.64345691e-03 
 1.37000000e+00  2.63997984e-03 
 1.38000000e+00  2.63652557e-03 
 1.39000000e+00  2.63309498e-03 
 1.40000000e+00  2.62968903e-03 
 1.41000000e+00  2.62630887e-03 
 1.42000000e+00  2.62295582e-03 
 1.43000000e+00  2.61969197e-03 
 1.44000000e+00  2.61640052e-03 
 1.45000000e+00  2.61314292e-03 
 1.46000000e+00  2.60991927e-03 
 1.47000000e+00  2.60673268e-03 
 1.48000000e+00  2.60358581e-03 
 1.49000000e+00  2.60048167e-03 
 1.50000000e+00  2.59742358e-03 
 1.51000000e+00  2.59441514e-03 
 1.52000000e+00  2.59146033e-03 
 1.53000000e+00  2.58850102e-03 
 1.54000000e+00  2.58566274e-03 
 1.55000000e+00  2.58289366e-03 
 1.56000000e+00  2.58019708e-03 
 1.57000000e+00  2.57757950e-03 
 1.58000000e+00  2.57504725e-03 
 1.59000000e+00  2.57260704e-03 
 1.60000000e+00  2.57026606e-03 
 0.00000000e+00 -6.01036972e-05 
 1.00000000e-02  1.77582353e-05 
 2.00000000e-02  9.52969802e-05 
 3.00000000e-02  1.72457644e-04 
 4.00000000e-02  2.49185393e-04 
 5.00000000e-02  3.25425398e-04 
 6.00000000e-02  4.01122887e-04 
 7.00000000e-02  4.76223284e-04 
 8.00000000e-02  5.50672484e-04 
 9.00000000e-02  6.24417238e-04 
 1.00000000e-01  6.97405695e-04 
 1.10000000e-01  7.69588084e-04 
 1.20000000e-01  8.40917543e-04 
 1.30000000e-01  9.11351084e-04 
 1.40000000e-01  9.80850676e-04 
 1.50000000e-01  1.04938438e-03 
 1.60000000e-01  1.11692749e-03 
 1.70000000e-01  1.18346361e-03 
 1.80000000e-01  1.24898547e-03 
 1.90000000e-01  1.31349550e-03 
 2.00000000e-01  1.37700601e-03 
 2.10000000e-01  1.43953877e-03 
 2.20000000e-01  1.50112421e-03 
 2.30000000e-01  1.56180000e-03 
 2.40000000e-01  1.62160929e-03 
 2.50000000e-01  1.68059864e-03 
 2.60000000e-01  1.73881588e-03 
 2.70000000e-01  1.79630801e-03 
 2.80000000e-01  1.85311938e-03 
 2.90000000e-01  1.90929017e-03 
 3.00000000e-01  1.96485528e-03 
 3.10000000e-01  2.01984354e-03 
 3.20000000e-01  2.07427728e-03 
 3.30000000e-01  2.12817222e-03 
 3.40000000e-01  2.18153736e-03 
 3.50000000e-01  2.23437516e-03 
 3.60000000e-01  2.28668162e-03 
 3.70000000e-01  2.33844637e-03 
 3.80000000e-01  2.38965270e-03 
 3.90000000e-01  2.44027740e-03 
 4.00000000e-01  2.49029058e-03 
 4.10000000e-01  2.53965515e-03 
 4.20000000e-01  2.58832619e-03 
 4.30000000e-01  2.63625004e-03 
 4.40000000e-01  2.68336302e-03 
 4.50000000e-01  2.72958292e-03 
 4.60000000e-01  2.77483264e-03 
 4.70000000e-01  2.81900126e-03 
 4.80000000e-01  2.86196355e-03 
 4.90000000e-01  2.90357044e-03 
 5.00000000e-01  2.94364396e-03 
 5.10000000e-01  2.98197144e-03 
 5.20000000e-01  3.01829906e-03 
 5.30000000e-01  3.05232587e-03 
 5.40000000e-01  3.08370035e-03 
 5.50000000e-01  3.11202369e-03 
 5.60000000e-01  3.13686738e-03 
 5.70000000e-01  3.15784670e-03 
 5.80000000e-01  3.17458126e-03 
 5.90000000e-01  3.18694858e-03 
 6.00000000e-01  3.19508225e-03 
 6.10000000e-01  3.19941965e-03 
 6.20000000e-01  3.20062658e-03 
 6.30000000e-01  3.19945150e-03 
 6.40000000e-01  3.19655636e-03 
 6.50000000e-01  3.19256810e-03 
 6.60000000e-01  3.18787899e-03 
 6.70000000e-01  3.18276298e-03 
 6.80000000e-01  3.17728129e-03 
 6.90000000e-01  3.17172733e-03 
 7.00000000e-01  3.16592840e-03 
 7.10000000e-01  3.16028562e-03 
 7.20000000e-01  3.15457120e-03 
 7.30000000e-01  3.14881749e-03 
 7.40000000e-01  3.14312901e-03 
 7.50000000e-01  3.13747136e-03 
 7.60000000e-01  3.13184444e-03 
 7.70000000e-01  3.12630809e-03 
 7.80000000e-01  3.12075781e-03 
 7.90000000e-01  3.11524521e-03 
 8.00000000e-01  3.10976815e-03 
 8.10000000e-01  3.10432726e-03 
 8.20000000e-01  3.09892230e-03 
 8.30000000e-01  3.09355302e-03 
 8.40000000e-01  3.08821911e-03 
 8.50000000e-01  3.08286261e-03 
 8.60000000e-01  3.07759172e-03 
 8.70000000e-01  3.07235607e-03 
 8.80000000e-01  3.06715357e-03 
 8.90000000e-01  3.06198425e-03 
 9.00000000e-01  3.05684780e-03 
 9.10000000e-01  3.05174385e-03 
 9.20000000e-01  3.04667208e-03 
 9.30000000e-01  3.04163213e-03 
 9.40000000e-01  3.03668002e-03 
 9.50000000e-01  3.03170666e-03 
 9.60000000e-01  3.02676545e-03 
 9.70000000e-01  3.02185453e-03 
 9.80000000e-01  3.01697404e-03 
 9.90000000e-01  3.01212365e-03 
 1.00000000e+00  3.00730305e-03 
 1.01000000e+00  3.00251192e-03 
 1.02000000e+00  2.99774997e-03 
 1.03000000e+00  2.99301690e-03 
 1.04000000e+00  2.98831240e-03 
 1.05000000e+00  2.98357680e-03 
 1.06000000e+00  2.97892363e-03 
 1.07000000e+00  2.97429910e-03 
 1.08000000e+00  2.96970135e-03 
 1.09000000e+00  2.96513050e-03 
 1.10000000e+00  2.96058629e-03 
 1.11000000e+00  2.95606846e-03 
 1.12000000e+00  2.95157673e-03 
 1.13000000e+00  2.94711083e-03 
 1.14000000e+00  2.94267050e-03 
 1.15000000e+00  2.93825547e-03 
 1.16000000e+00  2.93393067e-03 
 1.17000000e+00  2.92956900e-03 
 1.18000000e+00  2.92523353e-03 
 1.19000000e+00  2.92092199e-03 
 1.20000000e+00  2.91663479e-03 
 1.21000000e+00  2.91237167e-03 
 1.22000000e+00  2.90813241e-03 
 1.23000000e+00  2.90391682e-03 
 1.24000000e+00  2.89972469e-03 
 1.25000000e+00  2.89555584e-03 
 1.26000000e+00  2.89134257e-03 
 1.27000000e+00  2.88721444e-03 
 1.28000000e+00  2.88311047e-03 
 1.29000000e+00  2.87902832e-03 
 1.30000000e+00  2.87496850e-03 
 1.31000000e+00  2.87093096e-03 
 1.32000000e+00  2.86691567e-03 
 1.33000000e+00  2.86292263e-03 
 1.34000000e+00  2.85901832e-03 
 1.35000000e+00  2.85507340e-03 
 1.36000000e+00  2.85115290e-03 
 1.37000000e+00  2.84725481e-03 
 1.38000000e+00  2.84338019e-03 
 1.39000000e+00  2.83952946e-03 
 1.40000000e+00  2.83570318e-03 
 1.41000000e+00  2.83190201e-03 
 1.42000000e+00  2.82812677e-03 
 1.43000000e+00  2.82430779e-03 
 1.44000000e+00  2.82058189e-03 
 1.45000000e+00  2.81688691e-03 
 1.46000000e+00  2.81322178e-03 
 1.47000000e+00  2.80958888e-03 
 1.48000000e+00  2.80599020e-03 
 1.49000000e+00  2.80242791e-03 
 1.50000000e+00  2.79897450e-03 
 1.51000000e+00  2.79549576e-03 
 1.52000000e+00  2.79206363e-03 
 1.53000000e+00  2.78867878e-03 
 1.54000000e+00  2.78534574e-03 
 1.55000000e+00  2.78206848e-03 
 1.56000000e+00  2.77885142e-03 
 1.57000000e+00  2.77569934e-03 
 1.58000000e+00  2.77254623e-03 
 1.59000000e+00  2.76953536e-03 
 1.60000000e+00  2.76660813e-03 
