 v-sweep         ic              ib              beta           
 3.00000000e-01  8.67289318e-09  2.68752629e-11  3.22709147e+02 
 3.01000000e-01  8.88512676e-09  2.75067786e-11  3.23015897e+02 
 3.02000000e-01  9.10300757e-09  2.81537671e-11  3.23331778e+02 
 3.03000000e-01  9.32668591e-09  2.88166152e-11  3.23656538e+02 
 3.04000000e-01  9.55631604e-09  2.94957241e-11  3.23989877e+02 
 3.05000000e-01  9.79205634e-09  3.01914999e-11  3.24331563e+02 
 3.06000000e-01  1.00340694e-08  3.09043650e-11  3.24681301e+02 
 3.07000000e-01  1.02825222e-08  3.16347521e-11  3.25038809e+02 
 3.08000000e-01  1.05375860e-08  3.23831004e-11  3.25403864e+02 
 3.09000000e-01  1.07994368e-08  3.31498642e-11  3.25776200e+02 
 3.10000000e-01  1.10682551e-08  3.39355137e-11  3.26155520e+02 
 3.11000000e-01  1.13442265e-08  3.47405164e-11  3.26541676e+02 
 3.12000000e-01  1.16275411e-08  3.55653643e-11  3.26934402e+02 
 3.13000000e-01  1.19183945e-08  3.64105612e-11  3.27333446e+02 
 3.14000000e-01  1.22169872e-08  3.72766172e-11  3.27738622e+02 
 3.15000000e-01  1.25235251e-08  3.81640684e-11  3.28149635e+02 
 3.16000000e-01  1.28382198e-08  3.90734483e-11  3.28566337e+02 
 3.17000000e-01  1.31612882e-08  4.00053181e-11  3.28988464e+02 
 3.18000000e-01  1.34929531e-08  4.09602356e-11  3.29415906e+02 
 3.19000000e-01  1.38334433e-08  4.19387975e-11  3.29848354e+02 
 3.20000000e-01  1.41829937e-08  4.29415981e-11  3.30285651e+02 
 3.21000000e-01  1.45418453e-08  4.39692472e-11  3.30727638e+02 
 3.22000000e-01  1.49102456e-08  4.50223806e-11  3.31174082e+02 
 3.23000000e-01  1.52884486e-08  4.61016454e-11  3.31624793e+02 
 3.24000000e-01  1.56767154e-08  4.72076958e-11  3.32079655e+02 
 3.25000000e-01  1.60753135e-08  4.83412178e-11  3.32538446e+02 
 3.26000000e-01  1.64845179e-08  4.95029116e-11  3.33000977e+02 
 3.27000000e-01  1.69046109e-08  5.06934823e-11  3.33467147e+02 
 3.28000000e-01  1.73358822e-08  5.19136761e-11  3.33936709e+02 
 3.29000000e-01  1.77786291e-08  5.31642388e-11  3.34409549e+02 
 3.30000000e-01  1.82331571e-08  5.44459366e-11  3.34885545e+02 
 3.31000000e-01  1.86997797e-08  5.57595691e-11  3.35364494e+02 
 3.32000000e-01  1.91788186e-08  5.71059459e-11  3.35846264e+02 
 3.33000000e-01  1.96706042e-08  5.84858961e-11  3.36330731e+02 
 3.34000000e-01  2.01754757e-08  5.99002795e-11  3.36817722e+02 
 3.35000000e-01  2.06937813e-08  6.13499732e-11  3.37307095e+02 
 3.36000000e-01  2.12258784e-08  6.28358680e-11  3.37798761e+02 
 3.37000000e-01  2.17721340e-08  6.43588861e-11  3.38292585e+02 
 3.38000000e-01  2.23329248e-08  6.59199852e-11  3.38788377e+02 
 3.39000000e-01  2.29086376e-08  6.75201187e-11  3.39286098e+02 
 3.40000000e-01  2.34996694e-08  6.91602973e-11  3.39785546e+02 
 3.41000000e-01  2.41064278e-08  7.08415325e-11  3.40286650e+02 
 3.42000000e-01  2.47293313e-08  7.25648679e-11  3.40789310e+02 
 3.43000000e-01  2.53688093e-08  7.43313837e-11  3.41293382e+02 
 3.44000000e-01  2.60253031e-08  7.61421763e-11  3.41798781e+02 
 3.45000000e-01  2.66992652e-08  7.79983823e-11  3.42305371e+02 
 3.46000000e-01  2.73911605e-08  7.99011485e-11  3.42813101e+02 
 3.47000000e-01  2.81014661e-08  8.18516792e-11  3.43321803e+02 
 3.48000000e-01  2.88306718e-08  8.38511819e-11  3.43831430e+02 
 3.49000000e-01  2.95792806e-08  8.59009111e-11  3.44341872e+02 
 3.50000000e-01  3.03478086e-08  8.80021474e-11  3.44853046e+02 
 3.51000000e-01  3.11367859e-08  9.01562095e-11  3.45364851e+02 
 3.52000000e-01  3.19467565e-08  9.23644474e-11  3.45877201e+02 
 3.53000000e-01  3.27782791e-08  9.46282439e-11  3.46390018e+02 
 3.54000000e-01  3.36319270e-08  9.69490220e-11  3.46903210e+02 
 3.55000000e-01  3.45082888e-08  9.93282356e-11  3.47416710e+02 
 3.56000000e-01  3.54079690e-08  1.01767382e-10  3.47930429e+02 
 3.57000000e-01  3.63315880e-08  1.04267993e-10  3.48444302e+02 
 3.58000000e-01  3.72797825e-08  1.06831636e-10  3.48958268e+02 
 3.59000000e-01  3.82532066e-08  1.09459936e-10  3.49472217e+02 
 3.60000000e-01  3.92525315e-08  1.12154541e-10  3.49986111e+02 
 3.61000000e-01  4.02784462e-08  1.14917142e-10  3.50499896e+02 
 3.62000000e-01  4.13316582e-08  1.17749492e-10  3.51013473e+02 
 3.63000000e-01  4.24128937e-08  1.20653375e-10  3.51526792e+02 
 3.64000000e-01  4.35228984e-08  1.23630620e-10  3.52039796e+02 
 3.65000000e-01  4.46624375e-08  1.26683109e-10  3.52552428e+02 
 3.66000000e-01  4.58322970e-08  1.29812763e-10  3.53064645e+02 
 3.67000000e-01  4.70332835e-08  1.33021575e-10  3.53576354e+02 
 3.68000000e-01  4.82662250e-08  1.36311559e-10  3.54087544e+02 
 3.69000000e-01  4.95319718e-08  1.39684811e-10  3.54598123e+02 
 3.70000000e-01  5.08313965e-08  1.43143455e-10  3.55108073e+02 
 3.71000000e-01  5.21653953e-08  1.46689688e-10  3.55617332e+02 
 3.72000000e-01  5.35348878e-08  1.50325753e-10  3.56125859e+02 
 3.73000000e-01  5.49408184e-08  1.54053963e-10  3.56633594e+02 
 3.74000000e-01  5.63841565e-08  1.57876669e-10  3.57140526e+02 
 3.75000000e-01  5.78658972e-08  1.61796310e-10  3.57646582e+02 
 3.76000000e-01  5.93870622e-08  1.65815366e-10  3.58151741e+02 
 3.77000000e-01  6.09487003e-08  1.69936396e-10  3.58655955e+02 
 3.78000000e-01  6.25518882e-08  1.74162013e-10  3.59159193e+02 
 3.79000000e-01  6.41977313e-08  1.78494918e-10  3.59661395e+02 
 3.80000000e-01  6.58873644e-08  1.82937846e-10  3.60162567e+02 
 3.81000000e-01  6.76219522e-08  1.87493637e-10  3.60662651e+02 
 3.82000000e-01  6.94026909e-08  1.92165193e-10  3.61161613e+02 
 3.83000000e-01  7.12308080e-08  1.96955487e-10  3.61659423e+02 
 3.84000000e-01  7.31075640e-08  2.01867568e-10  3.62156064e+02 
 3.85000000e-01  7.50342527e-08  2.06904573e-10  3.62651494e+02 
 3.86000000e-01  7.70122024e-08  2.12069713e-10  3.63145692e+02 
 3.87000000e-01  7.90427769e-08  2.17366281e-10  3.63638632e+02 
 3.88000000e-01  8.11273758e-08  2.22797658e-10  3.64130289e+02 
 3.89000000e-01  8.32674364e-08  2.28367314e-10  3.64620642e+02 
 3.90000000e-01  8.54644340e-08  2.34078807e-10  3.65109662e+02 
 3.91000000e-01  8.77198832e-08  2.39935790e-10  3.65597326e+02 
 3.92000000e-01  9.00353388e-08  2.45942000e-10  3.66083624e+02 
 3.93000000e-01  9.24123969e-08  2.52101286e-10  3.66568527e+02 
 3.94000000e-01  9.48526962e-08  2.58417589e-10  3.67052012e+02 
 3.95000000e-01  9.73579189e-08  2.64894945e-10  3.67534076e+02 
 3.96000000e-01  9.99297919e-08  2.71537510e-10  3.68014688e+02 
 3.97000000e-01  1.02570088e-07  2.78349528e-10  3.68493846e+02 
 3.98000000e-01  1.05280627e-07  2.85335375e-10  3.68971522e+02 
 3.99000000e-01  1.08063278e-07  2.92499530e-10  3.69447700e+02 
 4.00000000e-01  1.10919959e-07  2.99846581e-10  3.69922373e+02 
 4.01000000e-01  1.13852638e-07  3.07381244e-10  3.70395527e+02 
 4.02000000e-01  1.16863337e-07  3.15108353e-10  3.70867150e+02 
 4.03000000e-01  1.19954131e-07  3.23032867e-10  3.71337234e+02 
 4.04000000e-01  1.23127151e-07  3.31159877e-10  3.71805764e+02 
 4.05000000e-01  1.26384583e-07  3.39494602e-10  3.72272733e+02 
 4.06000000e-01  1.29728673e-07  3.48042402e-10  3.72738126e+02 
 4.07000000e-01  1.33161725e-07  3.56808767e-10  3.73201942e+02 
 4.08000000e-01  1.36686105e-07  3.65799341e-10  3.73664164e+02 
 4.09000000e-01  1.40304242e-07  3.75019899e-10  3.74124794e+02 
 4.10000000e-01  1.44018631e-07  3.84476378e-10  3.74583820e+02 
 4.11000000e-01  1.47831829e-07  3.94174865e-10  3.75041238e+02 
 4.12000000e-01  1.51746466e-07  4.04121605e-10  3.75497040e+02 
 4.13000000e-01  1.55765239e-07  4.14322998e-10  3.75951226e+02 
 4.14000000e-01  1.59890917e-07  4.24785622e-10  3.76403788e+02 
 4.15000000e-01  1.64126344e-07  4.35516223e-10  3.76854719e+02 
 4.16000000e-01  1.68474437e-07  4.46521714e-10  3.77304019e+02 
 4.17000000e-01  1.72938193e-07  4.57809185e-10  3.77751690e+02 
 4.18000000e-01  1.77520688e-07  4.69385927e-10  3.78197722e+02 
 4.19000000e-01  1.82225079e-07  4.81259404e-10  3.78642116e+02 
 4.20000000e-01  1.87054608e-07  4.93437286e-10  3.79084866e+02 
 4.21000000e-01  1.92012601e-07  5.05927423e-10  3.79525980e+02 
 4.22000000e-01  1.97102475e-07  5.18737882e-10  3.79965455e+02 
 4.23000000e-01  2.02327737e-07  5.31876944e-10  3.80403285e+02 
 4.24000000e-01  2.07691986e-07  5.45353091e-10  3.80839477e+02 
 4.25000000e-01  2.13198918e-07  5.59175038e-10  3.81274026e+02 
 4.26000000e-01  2.18852326e-07  5.73351717e-10  3.81706935e+02 
 4.27000000e-01  2.24656106e-07  5.87892295e-10  3.82138204e+02 
 4.28000000e-01  2.30614254e-07  6.02806179e-10  3.82567834e+02 
 4.29000000e-01  2.36730876e-07  6.18103005e-10  3.82995834e+02 
 4.30000000e-01  2.43010184e-07  6.33792687e-10  3.83422196e+02 
 4.31000000e-01  2.49456503e-07  6.49885367e-10  3.83846930e+02 
 4.32000000e-01  2.56074273e-07  6.66391468e-10  3.84270036e+02 
 4.33000000e-01  2.62868053e-07  6.83321679e-10  3.84691516e+02 
 4.34000000e-01  2.69842521e-07  7.00686956e-10  3.85111380e+02 
 4.35000000e-01  2.77002479e-07  7.18498569e-10  3.85529619e+02 
 4.36000000e-01  2.84352861e-07  7.36768038e-10  3.85946249e+02 
 4.37000000e-01  2.91898725e-07  7.55507214e-10  3.86361268e+02 
 4.38000000e-01  2.99645270e-07  7.74728249e-10  3.86774679e+02 
 4.39000000e-01  3.07597829e-07  7.94443598e-10  3.87186491e+02 
 4.40000000e-01  3.15761877e-07  8.14666047e-10  3.87596707e+02 
 4.41000000e-01  3.24143036e-07  8.35408712e-10  3.88005334e+02 
 4.42000000e-01  3.32747077e-07  8.56685064e-10  3.88412371e+02 
 4.43000000e-01  3.41579921e-07  8.78508894e-10  3.88817830e+02 
 4.44000000e-01  3.50647652e-07  9.00894379e-10  3.89221711e+02 
 4.45000000e-01  3.59956509e-07  9.23856040e-10  3.89624025e+02 
 4.46000000e-01  3.69512902e-07  9.47408796e-10  3.90024775e+02 
 4.47000000e-01  3.79323408e-07  9.71567942e-10  3.90423965e+02 
 4.48000000e-01  3.89394780e-07  9.96349166e-10  3.90821605e+02 
 4.49000000e-01  3.99733949e-07  1.02176857e-09  3.91217698e+02 
 4.50000000e-01  4.10348031e-07  1.04784268e-09  3.91612252e+02 
 4.51000000e-01  4.21244330e-07  1.07458842e-09  3.92005274e+02 
 4.52000000e-01  4.32430344e-07  1.10202320e-09  3.92396770e+02 
 4.53000000e-01  4.43913771e-07  1.13016485e-09  3.92786745e+02 
 4.54000000e-01  4.55702512e-07  1.15903165e-09  3.93175208e+02 
 4.55000000e-01  4.67804677e-07  1.18864240e-09  3.93562165e+02 
 4.56000000e-01  4.80228592e-07  1.21901635e-09  3.93947621e+02 
 4.57000000e-01  4.92982805e-07  1.25017327e-09  3.94331585e+02 
 4.58000000e-01  5.06076089e-07  1.28213340e-09  3.94714065e+02 
 4.59000000e-01  5.19517449e-07  1.31491759e-09  3.95095065e+02 
 4.60000000e-01  5.33316130e-07  1.34854713e-09  3.95474595e+02 
 4.61000000e-01  5.47481623e-07  1.38304393e-09  3.95852662e+02 
 4.62000000e-01  5.62023669e-07  1.41843047e-09  3.96229268e+02 
 4.63000000e-01  5.76952267e-07  1.45472976e-09  3.96604428e+02 
 4.64000000e-01  5.92277682e-07  1.49196547e-09  3.96978144e+02 
 4.65000000e-01  6.08010451e-07  1.53016182e-09  3.97350425e+02 
 4.66000000e-01  6.24161390e-07  1.56934372e-09  3.97721279e+02 
 4.67000000e-01  6.40741601e-07  1.60953668e-09  3.98090711e+02 
 4.68000000e-01  6.57762480e-07  1.65076689e-09  3.98458730e+02 
 4.69000000e-01  6.75235727e-07  1.69306123e-09  3.98825343e+02 
 4.70000000e-01  6.93173349e-07  1.73644726e-09  3.99190557e+02 
 4.71000000e-01  7.11587673e-07  1.78095326e-09  3.99554378e+02 
 4.72000000e-01  7.30491351e-07  1.82660824e-09  3.99916816e+02 
 4.73000000e-01  7.49897371e-07  1.87344197e-09  4.00277876e+02 
 4.74000000e-01  7.69819065e-07  1.92148498e-09  4.00637566e+02 
 4.75000000e-01  7.90270116e-07  1.97076860e-09  4.00995893e+02 
 4.76000000e-01  8.11264572e-07  2.02132499e-09  4.01352864e+02 
 4.77000000e-01  8.32816850e-07  2.07318710e-09  4.01708485e+02 
 4.78000000e-01  8.54941750e-07  2.12638878e-09  4.02062764e+02 
 4.79000000e-01  8.77654464e-07  2.18096472e-09  4.02415709e+02 
 4.80000000e-01  9.00970583e-07  2.23695054e-09  4.02767325e+02 
 4.81000000e-01  9.24906114e-07  2.29438276e-09  4.03117618e+02 
 4.82000000e-01  9.49477485e-07  2.35329886e-09  4.03466598e+02 
 4.83000000e-01  9.74701559e-07  2.41373729e-09  4.03814268e+02 
 4.84000000e-01  1.00059564e-06  2.47573750e-09  4.04160636e+02 
 4.85000000e-01  1.02717751e-06  2.53933994e-09  4.04505709e+02 
 4.86000000e-01  1.05446538e-06  2.60458614e-09  4.04849493e+02 
 4.87000000e-01  1.08247798e-06  2.67151869e-09  4.05191994e+02 
 4.88000000e-01  1.11123453e-06  2.74018127e-09  4.05533218e+02 
 4.89000000e-01  1.14075473e-06  2.81061872e-09  4.05873171e+02 
 4.90000000e-01  1.17105884e-06  2.88287703e-09  4.06211859e+02 
 4.91000000e-01  1.20216761e-06  2.95700337e-09  4.06549288e+02 
 4.92000000e-01  1.23410238e-06  3.03304614e-09  4.06885463e+02 
 4.93000000e-01  1.26688503e-06  3.11105501e-09  4.07220390e+02 
 4.94000000e-01  1.30053803e-06  3.19108091e-09  4.07554075e+02 
 4.95000000e-01  1.33508441e-06  3.27317610e-09  4.07886522e+02 
 4.96000000e-01  1.37054786e-06  3.35739419e-09  4.08217737e+02 
 4.97000000e-01  1.40695265e-06  3.44379020e-09  4.08547724e+02 
 4.98000000e-01  1.44432371e-06  3.53242053e-09  4.08876489e+02 
 4.99000000e-01  1.48268662e-06  3.62334309e-09  4.09204036e+02 
 5.00000000e-01  1.52206764e-06  3.71661725e-09  4.09530369e+02 
 5.01000000e-01  1.56249371e-06  3.81230393e-09  4.09855494e+02 
 5.02000000e-01  1.60399250e-06  3.91046564e-09  4.10179413e+02 
 5.03000000e-01  1.64659240e-06  4.01116650e-09  4.10502132e+02 
 5.04000000e-01  1.69032252e-06  4.11447225e-09  4.10823653e+02 
 5.05000000e-01  1.73521278e-06  4.22045041e-09  4.11143980e+02 
 5.06000000e-01  1.78129385e-06  4.32917016e-09  4.11463118e+02 
 5.07000000e-01  1.82859724e-06  4.44070254e-09  4.11781068e+02 
 5.08000000e-01  1.87715525e-06  4.55512039e-09  4.12097834e+02 
 5.09000000e-01  1.92700106e-06  4.67249844e-09  4.12413419e+02 
 5.10000000e-01  1.97816870e-06  4.79291335e-09  4.12727824e+02 
 5.11000000e-01  2.03069312e-06  4.91644376e-09  4.13041055e+02 
 5.12000000e-01  2.08461015e-06  5.04317035e-09  4.13353110e+02 
 5.13000000e-01  2.13995660e-06  5.17317589e-09  4.13663993e+02 
 5.14000000e-01  2.19677021e-06  5.30654526e-09  4.13973706e+02 
 5.15000000e-01  2.25508973e-06  5.44336557e-09  4.14282250e+02 
 5.16000000e-01  2.31495493e-06  5.58372615e-09  4.14589625e+02 
 5.17000000e-01  2.37640660e-06  5.72771865e-09  4.14895833e+02 
 5.18000000e-01  2.43948662e-06  5.87543711e-09  4.15200874e+02 
 5.19000000e-01  2.50423795e-06  6.02697792e-09  4.15504750e+02 
 5.20000000e-01  2.57070469e-06  6.18244004e-09  4.15807460e+02 
 5.21000000e-01  2.63893207e-06  6.34192496e-09  4.16109003e+02 
 5.22000000e-01  2.70896653e-06  6.50553676e-09  4.16409380e+02 
 5.23000000e-01  2.78085569e-06  6.67338223e-09  4.16708589e+02 
 5.24000000e-01  2.85464846e-06  6.84557091e-09  4.17006630e+02 
 5.25000000e-01  2.93039498e-06  7.02221516e-09  4.17303502e+02 
 5.26000000e-01  3.00814672e-06  7.20343024e-09  4.17599202e+02 
 5.27000000e-01  3.08795649e-06  7.38933437e-09  4.17893729e+02 
 5.28000000e-01  3.16987848e-06  7.58004883e-09  4.18187080e+02 
 5.29000000e-01  3.25396829e-06  7.77569802e-09  4.18479252e+02 
 5.30000000e-01  3.34028295e-06  7.97640950e-09  4.18770244e+02 
 5.31000000e-01  3.42888101e-06  8.18231422e-09  4.19060050e+02 
 5.32000000e-01  3.51982249e-06  8.39354635e-09  4.19348669e+02 
 5.33000000e-01  3.61316903e-06  8.61024366e-09  4.19636096e+02 
 5.34000000e-01  3.70898382e-06  8.83254736e-09  4.19922325e+02 
 5.35000000e-01  3.80733172e-06  9.06060232e-09  4.20207353e+02 
 5.36000000e-01  3.90827926e-06  9.29455716e-09  4.20491175e+02 
 5.37000000e-01  4.01189470e-06  9.53456429e-09  4.20773784e+02 
 5.38000000e-01  4.11824805e-06  9.78078004e-09  4.21055175e+02 
 5.39000000e-01  4.22741116e-06  1.00333647e-08  4.21335341e+02 
 5.40000000e-01  4.33945772e-06  1.02924829e-08  4.21614276e+02 
 5.41000000e-01  4.45446332e-06  1.05583031e-08  4.21891972e+02 
 5.42000000e-01  4.57250553e-06  1.08309985e-08  4.22168422e+02 
 5.43000000e-01  4.69366387e-06  1.11107464e-08  4.22443617e+02 
 5.44000000e-01  4.81801997e-06  1.13977288e-08  4.22717548e+02 
 5.45000000e-01  4.94565752e-06  1.16921324e-08  4.22990208e+02 
 5.46000000e-01  5.07666311e-06  1.19941506e-08  4.23261579e+02 
 5.47000000e-01  5.21112340e-06  1.23039759e-08  4.23531665e+02 
 5.48000000e-01  5.34912939e-06  1.26218116e-08  4.23800447e+02 
 5.49000000e-01  5.49077373e-06  1.29478641e-08  4.24067916e+02 
 5.50000000e-01  5.63615144e-06  1.32823451e-08  4.24334059e+02 
 5.51000000e-01  5.78535996e-06  1.36254720e-08  4.24598866e+02 
 5.52000000e-01  5.93849926e-06  1.39774674e-08  4.24862322e+02 
 5.53000000e-01  6.09567183e-06  1.43385598e-08  4.25124415e+02 
 5.54000000e-01  6.25698279e-06  1.47089833e-08  4.25385130e+02 
 5.55000000e-01  6.42253995e-06  1.50889783e-08  4.25644454e+02 
 5.56000000e-01  6.59245384e-06  1.54787911e-08  4.25902371e+02 
 5.57000000e-01  6.76683783e-06  1.58786743e-08  4.26158866e+02 
 5.58000000e-01  6.94580815e-06  1.62888869e-08  4.26413923e+02 
 5.59000000e-01  7.12948401e-06  1.67096946e-08  4.26667523e+02 
 5.60000000e-01  7.31798762e-06  1.71413698e-08  4.26919652e+02 
 5.61000000e-01  7.51144428e-06  1.75841918e-08  4.27170289e+02 
 5.62000000e-01  7.70998247e-06  1.80384470e-08  4.27419415e+02 
 5.63000000e-01  7.91373391e-06  1.85044291e-08  4.27667013e+02 
 5.64000000e-01  8.12283365e-06  1.89824392e-08  4.27913060e+02 
 5.65000000e-01  8.33742013e-06  1.94727861e-08  4.28157537e+02 
 5.66000000e-01  8.55763527e-06  1.99757863e-08  4.28400421e+02 
 5.67000000e-01  8.78362456e-06  2.04917645e-08  4.28641690e+02 
 5.68000000e-01  9.01553714e-06  2.10210534e-08  4.28881320e+02 
 5.69000000e-01  9.25352587e-06  2.15639943e-08  4.29119288e+02 
 5.70000000e-01  9.49774744e-06  2.21209369e-08  4.29355569e+02 
 5.71000000e-01  9.74836245e-06  2.26922399e-08  4.29590138e+02 
 5.72000000e-01  1.00055355e-05  2.32782710e-08  4.29822966e+02 
 5.73000000e-01  1.02694352e-05  2.38794071e-08  4.30054029e+02 
 5.74000000e-01  1.05402346e-05  2.44960347e-08  4.30283296e+02 
 5.75000000e-01  1.08181106e-05  2.51285500e-08  4.30510739e+02 
 5.76000000e-01  1.11032449e-05  2.57773589e-08  4.30736329e+02 
 5.77000000e-01  1.13958235e-05  2.64428779e-08  4.30960033e+02 
 5.78000000e-01  1.16960370e-05  2.71255336e-08  4.31181821e+02 
 5.79000000e-01  1.20040805e-05  2.78257634e-08  4.31401659e+02 
 5.80000000e-01  1.23201542e-05  2.85440158e-08  4.31619514e+02 
 5.81000000e-01  1.26444631e-05  2.92807503e-08  4.31835352e+02 
 5.82000000e-01  1.29772170e-05  3.00364379e-08  4.32049135e+02 
 5.83000000e-01  1.33186311e-05  3.08115615e-08  4.32260828e+02 
 5.84000000e-01  1.36689255e-05  3.16066158e-08  4.32470392e+02 
 5.85000000e-01  1.40283260e-05  3.24221079e-08  4.32677789e+02 
 5.86000000e-01  1.43970635e-05  3.32585578e-08  4.32882978e+02 
 5.87000000e-01  1.47753748e-05  3.41164979e-08  4.33085919e+02 
 5.88000000e-01  1.51635022e-05  3.49964741e-08  4.33286569e+02 
 5.89000000e-01  1.55616937e-05  3.58990458e-08  4.33484885e+02 
 5.90000000e-01  1.59702035e-05  3.68247862e-08  4.33680822e+02 
 5.91000000e-01  1.63892918e-05  3.77742827e-08  4.33874334e+02 
 5.92000000e-01  1.68192247e-05  3.87481371e-08  4.34065374e+02 
 5.93000000e-01  1.72602749e-05  3.97469661e-08  4.34253895e+02 
 5.94000000e-01  1.77127214e-05  4.07714015e-08  4.34439847e+02 
 5.95000000e-01  1.81768500e-05  4.18220907e-08  4.34623178e+02 
 5.96000000e-01  1.86529528e-05  4.28996970e-08  4.34803837e+02 
 5.97000000e-01  1.91413292e-05  4.40048997e-08  4.34981770e+02 
 5.98000000e-01  1.96422851e-05  4.51383950e-08  4.35156923e+02 
 5.99000000e-01  2.01561338e-05  4.63008959e-08  4.35329240e+02 
 6.00000000e-01  2.06831959e-05  4.74931329e-08  4.35498663e+02 
 6.01000000e-01  2.12237990e-05  4.87158541e-08  4.35665133e+02 
 6.02000000e-01  2.17782788e-05  4.99698260e-08  4.35828589e+02 
 6.03000000e-01  2.23469781e-05  5.12558335e-08  4.35988971e+02 
 6.04000000e-01  2.29302479e-05  5.25746806e-08  4.36146215e+02 
 6.05000000e-01  2.35284470e-05  5.39271904e-08  4.36300256e+02 
 6.06000000e-01  2.41419422e-05  5.53142064e-08  4.36451028e+02 
 6.07000000e-01  2.47711088e-05  5.67365919e-08  4.36598463e+02 
 6.08000000e-01  2.54163302e-05  5.81952310e-08  4.36742492e+02 
 6.09000000e-01  2.60779986e-05  5.96910293e-08  4.36883044e+02 
 6.10000000e-01  2.67565146e-05  6.12249136e-08  4.37020047e+02 
 6.11000000e-01  2.74522880e-05  6.27978332e-08  4.37153427e+02 
 6.12000000e-01  2.81657371e-05  6.44107596e-08  4.37283107e+02 
 6.13000000e-01  2.88972897e-05  6.60646877e-08  4.37409011e+02 
 6.14000000e-01  2.96473828e-05  6.77606358e-08  4.37531059e+02 
 6.15000000e-01  3.04164626e-05  6.94996463e-08  4.37649172e+02 
 6.16000000e-01  3.12049852e-05  7.12827862e-08  4.37763266e+02 
 6.17000000e-01  3.20134163e-05  7.31111474e-08  4.37873257e+02 
 6.18000000e-01  3.28422311e-05  7.49858477e-08  4.37979061e+02 
 6.19000000e-01  3.36919154e-05  7.69080308e-08  4.38080589e+02 
 6.20000000e-01  3.45629647e-05  7.88788673e-08  4.38177752e+02 
 6.21000000e-01  3.54558850e-05  8.08995548e-08  4.38270459e+02 
 6.22000000e-01  3.63711926e-05  8.29713187e-08  4.38358618e+02 
 6.23000000e-01  3.73094145e-05  8.50954131e-08  4.38442134e+02 
 6.24000000e-01  3.82710882e-05  8.72731205e-08  4.38520910e+02 
 6.25000000e-01  3.92567623e-05  8.95057532e-08  4.38594849e+02 
 6.26000000e-01  4.02669962e-05  9.17946535e-08  4.38663851e+02 
 6.27000000e-01  4.13023604e-05  9.41411944e-08  4.38727814e+02 
 6.28000000e-01  4.23634367e-05  9.65467801e-08  4.38786635e+02 
 6.29000000e-01  4.34508182e-05  9.90128467e-08  4.38840208e+02 
 6.30000000e-01  4.45651095e-05  1.01540863e-07  4.38888426e+02 
 6.31000000e-01  4.57069267e-05  1.04132330e-07  4.38931181e+02 
 6.32000000e-01  4.68768977e-05  1.06788784e-07  4.38968362e+02 
 6.33000000e-01  4.80756622e-05  1.09511795e-07  4.38999857e+02 
 6.34000000e-01  4.93038717e-05  1.12302966e-07  4.39025551e+02 
 6.35000000e-01  5.05621898e-05  1.15163940e-07  4.39045328e+02 
 6.36000000e-01  5.18512921e-05  1.18096392e-07  4.39059072e+02 
 6.37000000e-01  5.31718665e-05  1.21102036e-07  4.39066662e+02 
 6.38000000e-01  5.45246131e-05  1.24182623e-07  4.39067977e+02 
 6.39000000e-01  5.59102443e-05  1.27339944e-07  4.39062894e+02 
 6.40000000e-01  5.73294849e-05  1.30575826e-07  4.39051290e+02 
 6.41000000e-01  5.87830722e-05  1.33892138e-07  4.39033038e+02 
 6.42000000e-01  6.02717560e-05  1.37290789e-07  4.39008010e+02 
 6.43000000e-01  6.17962986e-05  1.40773727e-07  4.38976077e+02 
 6.44000000e-01  6.33574750e-05  1.44342945e-07  4.38937108e+02 
 6.45000000e-01  6.49560727e-05  1.48000476e-07  4.38890971e+02 
 6.46000000e-01  6.65928918e-05  1.51748396e-07  4.38837532e+02 
 6.47000000e-01  6.82687451e-05  1.55588827e-07  4.38776656e+02 
 6.48000000e-01  6.99844581e-05  1.59523932e-07  4.38708206e+02 
 6.49000000e-01  7.17408689e-05  1.63555923e-07  4.38632044e+02 
 6.50000000e-01  7.35388281e-05  1.67687056e-07  4.38548031e+02 
 6.51000000e-01  7.53791989e-05  1.71919632e-07  4.38456027e+02 
 6.52000000e-01  7.72628570e-05  1.76256003e-07  4.38355890e+02 
 6.53000000e-01  7.91906908e-05  1.80698566e-07  4.38247477e+02 
 6.54000000e-01  8.11636006e-05  1.85249768e-07  4.38130645e+02 
 6.55000000e-01  8.31824995e-05  1.89912106e-07  4.38005250e+02 
 6.56000000e-01  8.52483126e-05  1.94688126e-07  4.37871144e+02 
 6.57000000e-01  8.73619771e-05  1.99580425e-07  4.37728183e+02 
 6.58000000e-01  8.95244422e-05  2.04591653e-07  4.37576220e+02 
 6.59000000e-01  9.17366689e-05  2.09724510e-07  4.37415106e+02 
 6.60000000e-01  9.39996300e-05  2.14981751e-07  4.37244695e+02 
 6.61000000e-01  9.63143098e-05  2.20366184e-07  4.37064836e+02 
 6.62000000e-01  9.86817040e-05  2.25880670e-07  4.36875382e+02 
 6.63000000e-01  1.01102819e-04  2.31528129e-07  4.36676182e+02 
 6.64000000e-01  1.03578674e-04  2.37311532e-07  4.36467090e+02 
 6.65000000e-01  1.06110295e-04  2.43233910e-07  4.36247954e+02 
 6.66000000e-01  1.08698724e-04  2.49298349e-07  4.36018626e+02 
 6.67000000e-01  1.11345008e-04  2.55507995e-07  4.35778959e+02 
 6.68000000e-01  1.14050207e-04  2.61866050e-07  4.35528803e+02 
 6.69000000e-01  1.16815391e-04  2.68375777e-07  4.35268011e+02 
 6.70000000e-01  1.19641637e-04  2.75040499e-07  4.34996436e+02 
 6.71000000e-01  1.22530033e-04  2.81863599e-07  4.34713931e+02 
 6.72000000e-01  1.25481974e-04  2.88849356e-07  4.34420127e+02 
 6.73000000e-01  1.28497992e-04  2.95999677e-07  4.34115312e+02 
 6.74000000e-01  1.31579477e-04  3.03318900e-07  4.33799135e+02 
 6.75000000e-01  1.34727547e-04  3.10810657e-07  4.33471451e+02 
 6.76000000e-01  1.37943330e-04  3.18478643e-07  4.33132122e+02 
 6.77000000e-01  1.41227962e-04  3.26326617e-07  4.32781008e+02 
 6.78000000e-01  1.44582583e-04  3.34358405e-07  4.32417971e+02 
 6.79000000e-01  1.48008340e-04  3.42577896e-07  4.32042877e+02 
 6.80000000e-01  1.51506385e-04  3.50989048e-07  4.31655592e+02 
 6.81000000e-01  1.55077877e-04  3.59595883e-07  4.31255986e+02 
 6.82000000e-01  1.58723977e-04  3.68402491e-07  4.30843929e+02 
 6.83000000e-01  1.62445851e-04  3.77413030e-07  4.30419296e+02 
 6.84000000e-01  1.66244669e-04  3.86631728e-07  4.29981963e+02 
 6.85000000e-01  1.70121605e-04  3.96062879e-07  4.29531810e+02 
 6.86000000e-01  1.74077833e-04  4.05710847e-07  4.29068719e+02 
 6.87000000e-01  1.78114532e-04  4.15580068e-07  4.28592577e+02 
 6.88000000e-01  1.82232880e-04  4.25675046e-07  4.28103272e+02 
 6.89000000e-01  1.86434057e-04  4.36000357e-07  4.27600697e+02 
 6.90000000e-01  1.90719242e-04  4.46560649e-07  4.27084748e+02 
 6.91000000e-01  1.95089617e-04  4.57360640e-07  4.26555326e+02 
 6.92000000e-01  1.99546360e-04  4.68405121e-07  4.26012335e+02 
 6.93000000e-01  2.04090648e-04  4.79698958e-07  4.25455683e+02 
 6.94000000e-01  2.08723658e-04  4.91247087e-07  4.24885283e+02 
 6.95000000e-01  2.13446562e-04  5.03054520e-07  4.24301052e+02 
 6.96000000e-01  2.18260530e-04  5.15126340e-07  4.23702912e+02 
 6.97000000e-01  2.23166729e-04  5.27467708e-07  4.23090789e+02 
 6.98000000e-01  2.28166319e-04  5.40083858e-07  4.22464614e+02 
 6.99000000e-01  2.33260457e-04  5.52980100e-07  4.21824325e+02 
 7.00000000e-01  2.38450295e-04  5.66161818e-07  4.21169863e+02 
 7.01000000e-01  2.43736976e-04  5.79634473e-07  4.20501174e+02 
 7.02000000e-01  2.49121639e-04  5.93403604e-07  4.19818210e+02 
 7.03000000e-01  2.54605414e-04  6.07474824e-07  4.19120931e+02 
 7.04000000e-01  2.60189422e-04  6.21853824e-07  4.18409299e+02 
 7.05000000e-01  2.65874779e-04  6.36546373e-07  4.17683283e+02 
 7.06000000e-01  2.71662587e-04  6.51558317e-07  4.16942859e+02 
 7.07000000e-01  2.77553943e-04  6.66895581e-07  4.16188007e+02 
 7.08000000e-01  2.83549929e-04  6.82564167e-07  4.15418714e+02 
 7.09000000e-01  2.89651619e-04  6.98570157e-07  4.14634974e+02 
 7.10000000e-01  2.95860075e-04  7.14919711e-07  4.13836786e+02 
 7.11000000e-01  3.02176347e-04  7.31619067e-07  4.13024154e+02 
 7.12000000e-01  3.08601471e-04  7.48674547e-07  4.12197092e+02 
 7.13000000e-01  3.15136472e-04  7.66092547e-07  4.11355617e+02 
 7.14000000e-01  3.21782361e-04  7.83879548e-07  4.10499753e+02 
 7.15000000e-01  3.28540133e-04  8.02042109e-07  4.09629531e+02 
 7.16000000e-01  3.35410770e-04  8.20586870e-07  4.08744988e+02 
 7.17000000e-01  3.42395240e-04  8.39520552e-07  4.07846168e+02 
 7.18000000e-01  3.49494494e-04  8.58849957e-07  4.06933122e+02 
 7.19000000e-01  3.56709467e-04  8.78581969e-07  4.06005905e+02 
 7.20000000e-01  3.64041079e-04  8.98723555e-07  4.05064580e+02 
 7.21000000e-01  3.71490232e-04  9.19281761e-07  4.04109217e+02 
 7.22000000e-01  3.79057812e-04  9.40263717e-07  4.03139891e+02 
 7.23000000e-01  3.86744688e-04  9.61676636e-07  4.02156684e+02 
 7.24000000e-01  3.94551708e-04  9.83527814e-07  4.01159685e+02 
 7.25000000e-01  4.02479707e-04  1.00582463e-06  4.00148988e+02 
 7.26000000e-01  4.10529497e-04  1.02857454e-06  3.99124693e+02 
 7.27000000e-01  4.18701876e-04  1.05178510e-06  3.98086907e+02 
 7.28000000e-01  4.26997619e-04  1.07546393e-06  3.97035743e+02 
 7.29000000e-01  4.35417483e-04  1.09961874e-06  3.95971319e+02 
 7.30000000e-01  4.43962208e-04  1.12425734e-06  3.94893759e+02 
 7.31000000e-01  4.52632513e-04  1.14938761e-06  3.93803195e+02 
 7.32000000e-01  4.61429095e-04  1.17501751e-06  3.92699760e+02 
 7.33000000e-01  4.70352636e-04  1.20115510e-06  3.91583598e+02 
 7.34000000e-01  4.79403795e-04  1.22780852e-06  3.90454853e+02 
 7.35000000e-01  4.88583210e-04  1.25498599e-06  3.89313678e+02 
 7.36000000e-01  4.97891502e-04  1.28269581e-06  3.88160230e+02 
 7.37000000e-01  5.07329270e-04  1.31094640e-06  3.86994671e+02 
 7.38000000e-01  5.16897093e-04  1.33974623e-06  3.85817166e+02 
 7.39000000e-01  5.26595530e-04  1.36910387e-06  3.84627889e+02 
 7.40000000e-01  5.36425119e-04  1.39902798e-06  3.83427014e+02 
 7.41000000e-01  5.46386379e-04  1.42952730e-06  3.82214721e+02 
 7.42000000e-01  5.56483729e-04  1.46062588e-06  3.80989915e+02 
 7.43000000e-01  5.66710044e-04  1.49230326e-06  3.79755281e+02 
 7.44000000e-01  5.77069476e-04  1.52458269e-06  3.78509792e+02 
 7.45000000e-01  5.87562463e-04  1.55747326e-06  3.77253644e+02 
 7.46000000e-01  5.98189423e-04  1.59098417e-06  3.75987036e+02 
 7.47000000e-01  6.08950756e-04  1.62512470e-06  3.74710172e+02 
 7.48000000e-01  6.19846841e-04  1.65990422e-06  3.73423257e+02 
 7.49000000e-01  6.30878036e-04  1.69533220e-06  3.72126500e+02 
 7.50000000e-01  6.42044683e-04  1.73141818e-06  3.70820112e+02 
 7.51000000e-01  6.53347102e-04  1.76817181e-06  3.69504308e+02 
 7.52000000e-01  6.64785595e-04  1.80560283e-06  3.68179305e+02 
 7.53000000e-01  6.76360445e-04  1.84372106e-06  3.66845321e+02 
 7.54000000e-01  6.88071917e-04  1.88253643e-06  3.65502576e+02 
 7.55000000e-01  6.99920257e-04  1.92205895e-06  3.64151295e+02 
 7.56000000e-01  7.11905693e-04  1.96229872e-06  3.62791702e+02 
 7.57000000e-01  7.24028435e-04  2.00326595e-06  3.61424021e+02 
 7.58000000e-01  7.36288676e-04  2.04497092e-06  3.60048482e+02 
 7.59000000e-01  7.48686590e-04  2.08742403e-06  3.58665312e+02 
 7.60000000e-01  7.61222335e-04  2.13063575e-06  3.57274741e+02 
 7.61000000e-01  7.73896053e-04  2.17461667e-06  3.55876998e+02 
 7.62000000e-01  7.86707867e-04  2.21937746e-06  3.54472316e+02 
 7.63000000e-01  7.99657886e-04  2.26492888e-06  3.53060925e+02 
 7.64000000e-01  8.12746201e-04  2.31128181e-06  3.51643057e+02 
 7.65000000e-01  8.25972889e-04  2.35844720e-06  3.50218944e+02 
 7.66000000e-01  8.39338010e-04  2.40643612e-06  3.48788818e+02 
 7.67000000e-01  8.52841610e-04  2.45525972e-06  3.47352910e+02 
 7.68000000e-01  8.66483720e-04  2.50492927e-06  3.45911452e+02 
 7.69000000e-01  8.80264356e-04  2.55545611e-06  3.44464675e+02 
 7.70000000e-01  8.94183519e-04  2.60685169e-06  3.43012808e+02 
 7.71000000e-01  9.08241198e-04  2.65912759e-06  3.41556081e+02 
 7.72000000e-01  9.22437367e-04  2.71229544e-06  3.40094723e+02 
 7.73000000e-01  9.36771988e-04  2.76636701e-06  3.38628962e+02 
 7.74000000e-01  9.51245007e-04  2.82135414e-06  3.37159023e+02 
 7.75000000e-01  9.65856361e-04  2.87726880e-06  3.35685133e+02 
 7.76000000e-01  9.80605972e-04  2.93412306e-06  3.34207514e+02 
 7.77000000e-01  9.95493752e-04  2.99192906e-06  3.32726389e+02 
 7.78000000e-01  1.01051960e-03  3.05069908e-06  3.31241979e+02 
 7.79000000e-01  1.02568340e-03  3.11044548e-06  3.29754502e+02 
 7.80000000e-01  1.04098503e-03  3.17118075e-06  3.28264175e+02 
 7.81000000e-01  1.05642437e-03  3.23291746e-06  3.26771215e+02 
 7.82000000e-01  1.07200125e-03  3.29566830e-06  3.25275833e+02 
 7.83000000e-01  1.08771553e-03  3.35944605e-06  3.23778240e+02 
 7.84000000e-01  1.10356704e-03  3.42426362e-06  3.22278647e+02 
 7.85000000e-01  1.11955562e-03  3.49013400e-06  3.20777258e+02 
 7.86000000e-01  1.13568106e-03  3.55707031e-06  3.19274279e+02 
 7.87000000e-01  1.15194318e-03  3.62508578e-06  3.17769911e+02 
 7.88000000e-01  1.16834179e-03  3.69419372e-06  3.16264353e+02 
 7.89000000e-01  1.18487666e-03  3.76440758e-06  3.14757803e+02 
 7.90000000e-01  1.20154758e-03  3.83574091e-06  3.13250454e+02 
 7.91000000e-01  1.21835432e-03  3.90820736e-06  3.11742498e+02 
 7.92000000e-01  1.23529666e-03  3.98182071e-06  3.10234123e+02 
 7.93000000e-01  1.25237434e-03  4.05659484e-06  3.08725516e+02 
 7.94000000e-01  1.26958711e-03  4.13254374e-06  3.07216860e+02 
 7.95000000e-01  1.28693473e-03  4.20968153e-06  3.05708335e+02 
 7.96000000e-01  1.30441693e-03  4.28802241e-06  3.04200119e+02 
 7.97000000e-01  1.32203344e-03  4.36758074e-06  3.02692386e+02 
 7.98000000e-01  1.33978398e-03  4.44837095e-06  3.01185309e+02 
 7.99000000e-01  1.35766828e-03  4.53040762e-06  2.99679055e+02 
 8.00000000e-01  1.37568604e-03  4.61370543e-06  2.98173791e+02 
 8.01000000e-01  1.39383698e-03  4.69827918e-06  2.96669679e+02 
 8.02000000e-01  1.41212079e-03  4.78414379e-06  2.95166880e+02 
 8.03000000e-01  1.43053718e-03  4.87131429e-06  2.93665549e+02 
 8.04000000e-01  1.44908584e-03  4.95980584e-06  2.92165840e+02 
 8.05000000e-01  1.46776645e-03  5.04963371e-06  2.90667905e+02 
 8.06000000e-01  1.48657870e-03  5.14081331e-06  2.89171890e+02 
 8.07000000e-01  1.50552227e-03  5.23336014e-06  2.87677940e+02 
 8.08000000e-01  1.52459682e-03  5.32728984e-06  2.86186198e+02 
 8.09000000e-01  1.54380204e-03  5.42261819e-06  2.84696800e+02 
 8.10000000e-01  1.56313760e-03  5.51936105e-06  2.83209883e+02 
 8.11000000e-01  1.58260314e-03  5.61753445e-06  2.81725578e+02 
 8.12000000e-01  1.60219834e-03  5.71715452e-06  2.80244016e+02 
 8.13000000e-01  1.62192286e-03  5.81823751e-06  2.78765323e+02 
 8.14000000e-01  1.64177634e-03  5.92079982e-06  2.77289621e+02 
 8.15000000e-01  1.66175844e-03  6.02485795e-06  2.75817032e+02 
 8.16000000e-01  1.68186880e-03  6.13042856e-06  2.74347672e+02 
 8.17000000e-01  1.70210708e-03  6.23752840e-06  2.72881657e+02 
 8.18000000e-01  1.72247292e-03  6.34617439e-06  2.71419097e+02 
 8.19000000e-01  1.74296596e-03  6.45638356e-06  2.69960101e+02 
 8.20000000e-01  1.76358583e-03  6.56817306e-06  2.68504775e+02 
 8.21000000e-01  1.78433218e-03  6.68156021e-06  2.67053221e+02 
 8.22000000e-01  1.80520463e-03  6.79656242e-06  2.65605540e+02 
 8.23000000e-01  1.82620283e-03  6.91319726e-06  2.64161829e+02 
 8.24000000e-01  1.84735069e-03  7.03166957e-06  2.62718644e+02 
 8.25000000e-01  1.86860003e-03  7.15163054e-06  2.61283077e+02 
 8.26000000e-01  1.88997402e-03  7.27327792e-06  2.59851753e+02 
 8.27000000e-01  1.91147228e-03  7.39662973e-06  2.58424762e+02 
 8.28000000e-01  1.93309444e-03  7.52170429e-06  2.57002186e+02 
 8.29000000e-01  1.95484015e-03  7.64851999e-06  2.55584106e+02 
 8.30000000e-01  1.97670901e-03  7.77709536e-06  2.54170602e+02 
 8.31000000e-01  1.99870067e-03  7.90744906e-06  2.52761750e+02 
 8.32000000e-01  2.02081474e-03  8.03959991e-06  2.51357625e+02 
 8.33000000e-01  2.04305084e-03  8.17356685e-06  2.49958296e+02 
 8.34000000e-01  2.06540862e-03  8.30936899e-06  2.48563835e+02 
 8.35000000e-01  2.08788768e-03  8.44702556e-06  2.47174306e+02 
 8.36000000e-01  2.11048765e-03  8.58655595e-06  2.45789775e+02 
 8.37000000e-01  2.13320816e-03  8.72797969e-06  2.44410303e+02 
 8.38000000e-01  2.15604883e-03  8.87131646e-06  2.43035951e+02 
 8.39000000e-01  2.17900929e-03  9.01658609e-06  2.41666776e+02 
 8.40000000e-01  2.20208915e-03  9.16380856e-06  2.40302832e+02 
 8.41000000e-01  2.22528804e-03  9.31300399e-06  2.38944173e+02 
 8.42000000e-01  2.24860558e-03  9.46419267e-06  2.37590850e+02 
 8.43000000e-01  2.27204141e-03  9.61739502e-06  2.36242912e+02 
 8.44000000e-01  2.29559513e-03  9.77263162e-06  2.34900406e+02 
 8.45000000e-01  2.31926639e-03  9.92992323e-06  2.33563375e+02 
 8.46000000e-01  2.34305479e-03  1.00892907e-05  2.32231864e+02 
 8.47000000e-01  2.36695998e-03  1.02507552e-05  2.30905913e+02 
 8.48000000e-01  2.39098156e-03  1.04143377e-05  2.29585560e+02 
 8.49000000e-01  2.41511918e-03  1.05800598e-05  2.28270843e+02 
 8.50000000e-01  2.43937245e-03  1.07479430e-05  2.26961797e+02 
 8.51000000e-01  2.46374101e-03  1.09180089e-05  2.25658455e+02 
 8.52000000e-01  2.48822449e-03  1.10902793e-05  2.24360849e+02 
 8.53000000e-01  2.51282250e-03  1.12647764e-05  2.23069008e+02 
 8.54000000e-01  2.53753469e-03  1.14415222e-05  2.21782962e+02 
 8.55000000e-01  2.56236067e-03  1.16205392e-05  2.20502735e+02 
 8.56000000e-01  2.58730010e-03  1.18018498e-05  2.19228354e+02 
 8.57000000e-01  2.61235258e-03  1.19854767e-05  2.17959840e+02 
 8.58000000e-01  2.63751777e-03  1.21714427e-05  2.16697217e+02 
 8.59000000e-01  2.66279528e-03  1.23597709e-05  2.15440504e+02 
 8.60000000e-01  2.68818476e-03  1.25504845e-05  2.14189719e+02 
 8.61000000e-01  2.71368584e-03  1.27436069e-05  2.12944880e+02 
 8.62000000e-01  2.73929815e-03  1.29391615e-05  2.11706003e+02 
 8.63000000e-01  2.76502134e-03  1.31371721e-05  2.10473101e+02 
 8.64000000e-01  2.79085504e-03  1.33376625e-05  2.09246188e+02 
 8.65000000e-01  2.81679888e-03  1.35406569e-05  2.08025275e+02 
 8.66000000e-01  2.84285252e-03  1.37461796e-05  2.06810372e+02 
 8.67000000e-01  2.86901557e-03  1.39542549e-05  2.05601489e+02 
 8.68000000e-01  2.89528770e-03  1.41649074e-05  2.04398632e+02 
 8.69000000e-01  2.92166853e-03  1.43781621e-05  2.03201808e+02 
 8.70000000e-01  2.94815771e-03  1.45940438e-05  2.02011023e+02 
 8.71000000e-01  2.97475488e-03  1.48125777e-05  2.00826280e+02 
 8.72000000e-01  3.00145969e-03  1.50337893e-05  1.99647582e+02 
 8.73000000e-01  3.02827177e-03  1.52577042e-05  1.98474930e+02 
 8.74000000e-01  3.05519077e-03  1.54843479e-05  1.97308326e+02 
 8.75000000e-01  3.08221633e-03  1.57137467e-05  1.96147768e+02 
 8.76000000e-01  3.10934810e-03  1.59459265e-05  1.94993254e+02 
 8.77000000e-01  3.13658572e-03  1.61809138e-05  1.93844783e+02 
 8.78000000e-01  3.16392883e-03  1.64187352e-05  1.92702349e+02 
 8.79000000e-01  3.19137708e-03  1.66594174e-05  1.91565948e+02 
 8.80000000e-01  3.21893011e-03  1.69029874e-05  1.90435574e+02 
 8.81000000e-01  3.24658756e-03  1.71494725e-05  1.89311220e+02 
 8.82000000e-01  3.27434908e-03  1.73989001e-05  1.88192878e+02 
 8.83000000e-01  3.30221430e-03  1.76512978e-05  1.87080539e+02 
 8.84000000e-01  3.33018286e-03  1.79066935e-05  1.85974192e+02 
 8.85000000e-01  3.35825440e-03  1.81651153e-05  1.84873828e+02 
 8.86000000e-01  3.38642856e-03  1.84265916e-05  1.83779433e+02 
 8.87000000e-01  3.41470498e-03  1.86911510e-05  1.82690995e+02 
 8.88000000e-01  3.44308327e-03  1.89588223e-05  1.81608500e+02 
 8.89000000e-01  3.47156308e-03  1.92296345e-05  1.80531932e+02 
 8.90000000e-01  3.50014403e-03  1.95036171e-05  1.79461277e+02 
 8.91000000e-01  3.52882573e-03  1.97807996e-05  1.78396516e+02 
 8.92000000e-01  3.55760782e-03  2.00612119e-05  1.77337632e+02 
 8.93000000e-01  3.58648990e-03  2.03448842e-05  1.76284606e+02 
 8.94000000e-01  3.61547157e-03  2.06318469e-05  1.75237418e+02 
 8.95000000e-01  3.64455245e-03  2.09221308e-05  1.74196046e+02 
 8.96000000e-01  3.67373213e-03  2.12157669e-05  1.73160468e+02 
 8.97000000e-01  3.70301019e-03  2.15127867e-05  1.72130661e+02 
 8.98000000e-01  3.73238622e-03  2.18132218e-05  1.71106600e+02 
 8.99000000e-01  3.76185979e-03  2.21171043e-05  1.70088260e+02 
 9.00000000e-01  3.79143045e-03  2.24244667e-05  1.69075613e+02 
 9.01000000e-01  3.82109776e-03  2.27353418e-05  1.68068631e+02 
 9.02000000e-01  3.85086125e-03  2.30497627e-05  1.67067284e+02 
 9.03000000e-01  3.88072044e-03  2.33677632e-05  1.66071541e+02 
 9.04000000e-01  3.91067484e-03  2.36893773e-05  1.65081369e+02 
 9.05000000e-01  3.94072394e-03  2.40146395e-05  1.64096735e+02 
 9.06000000e-01  3.97086721e-03  2.43435850e-05  1.63117602e+02 
 9.07000000e-01  4.00110409e-03  2.46762492e-05  1.62143933e+02 
 9.08000000e-01  4.03143403e-03  2.50126684e-05  1.61175688e+02 
 9.09000000e-01  4.06185640e-03  2.53528791e-05  1.60212825e+02 
 9.10000000e-01  4.09237060e-03  2.56969189e-05  1.59255303e+02 
 9.11000000e-01  4.12297595e-03  2.60448257e-05  1.58303073e+02 
 9.12000000e-01  4.15367177e-03  2.63966383e-05  1.57356089e+02 
 9.13000000e-01  4.18445733e-03  2.67523962e-05  1.56414300e+02 
 9.14000000e-01  4.21533186e-03  2.71121399e-05  1.55477652e+02 
 9.15000000e-01  4.24629454e-03  2.74759105e-05  1.54546090e+02 
 9.16000000e-01  4.27734451e-03  2.78437503e-05  1.53619554e+02 
 9.17000000e-01  4.30848086e-03  2.82157027e-05  1.52697982e+02 
 9.18000000e-01  4.33970261e-03  2.85918120e-05  1.51781307e+02 
 9.19000000e-01  4.37100871e-03  2.89721239e-05  1.50869461e+02 
 9.20000000e-01  4.40239808e-03  2.93566852e-05  1.49962370e+02 
 9.21000000e-01  4.43386952e-03  2.97455445e-05  1.49059955e+02 
 9.22000000e-01  4.46542176e-03  3.01387514e-05  1.48162135e+02 
 9.23000000e-01  4.49705347e-03  3.05363577e-05  1.47268823e+02 
 9.24000000e-01  4.52876318e-03  3.09384167e-05  1.46379927e+02 
 9.25000000e-01  4.56054936e-03  3.13449836e-05  1.45495350e+02 
 9.26000000e-01  4.59241033e-03  3.17561158e-05  1.44614989e+02 
 9.27000000e-01  4.62434433e-03  3.21718729e-05  1.43738736e+02 
 9.28000000e-01  4.65634943e-03  3.25923169e-05  1.42866475e+02 
 9.29000000e-01  4.68842360e-03  3.30175124e-05  1.41998087e+02 
 9.30000000e-01  4.72056465e-03  3.34475270e-05  1.41133443e+02 
 9.31000000e-01  4.75277023e-03  3.38824310e-05  1.40272409e+02 
 9.32000000e-01  4.78503783e-03  3.43222981e-05  1.39414844e+02 
 9.33000000e-01  4.81736479e-03  3.47672051e-05  1.38560600e+02 
 9.34000000e-01  4.84974824e-03  3.52172329e-05  1.37709520e+02 
 9.35000000e-01  4.88218515e-03  3.56724658e-05  1.36861443e+02 
 9.36000000e-01  4.91467228e-03  3.61329923e-05  1.36016199e+02 
 9.37000000e-01  4.94720620e-03  3.65989051e-05  1.35173612e+02 
 9.38000000e-01  4.97978329e-03  3.70703014e-05  1.34333499e+02 
 9.39000000e-01  5.01239973e-03  3.75472827e-05  1.33495672e+02 
 9.40000000e-01  5.04505147e-03  3.80299556e-05  1.32659936e+02 
 9.41000000e-01  5.07773430e-03  3.85184312e-05  1.31826093e+02 
 9.42000000e-01  5.11044381e-03  3.90128258e-05  1.30993941e+02 
 9.43000000e-01  5.14317541e-03  3.95132603e-05  1.30163276e+02 
 9.44000000e-01  5.17592432e-03  4.00198608e-05  1.29333891e+02 
 9.45000000e-01  5.20868565e-03  4.05327583e-05  1.28505581e+02 
 9.46000000e-01  5.24145434e-03  4.10520885e-05  1.27678141e+02 
 9.47000000e-01  5.27422526e-03  4.15779915e-05  1.26851372e+02 
 9.48000000e-01  5.30699316e-03  4.21106121e-05  1.26025078e+02 
 9.49000000e-01  5.33975279e-03  4.26500990e-05  1.25199071e+02 
 9.50000000e-01  5.37249883e-03  4.31966046e-05  1.24373174e+02 
 9.51000000e-01  5.40522601e-03  4.37502845e-05  1.23547220e+02 
 9.52000000e-01  5.43792911e-03  4.43112975e-05  1.22721053e+02 
 9.53000000e-01  5.47060302e-03  4.48798045e-05  1.21894538e+02 
 9.54000000e-01  5.50324272e-03  4.54559681e-05  1.21067551e+02 
 9.55000000e-01  5.53584341e-03  4.60399525e-05  1.20239990e+02 
 9.56000000e-01  5.56840045e-03  4.66319223e-05  1.19411771e+02 
 9.57000000e-01  5.60090947e-03  4.72320426e-05  1.18582834e+02 
 9.58000000e-01  5.63336636e-03  4.78404778e-05  1.17753137e+02 
 9.59000000e-01  5.66576730e-03  4.84573916e-05  1.16922664e+02 
 9.60000000e-01  5.69810880e-03  4.90829463e-05  1.16091417e+02 
 9.61000000e-01  5.73038770e-03  4.97173021e-05  1.15259426e+02 
 9.62000000e-01  5.76260120e-03  5.03606174e-05  1.14426738e+02 
 9.63000000e-01  5.79474684e-03  5.10130476e-05  1.13593426e+02 
 9.64000000e-01  5.82682255e-03  5.16747455e-05  1.12759579e+02 
 9.65000000e-01  5.85882661e-03  5.23458607e-05  1.11925309e+02 
 9.66000000e-01  5.89075767e-03  5.30265396e-05  1.11090743e+02 
 9.67000000e-01  5.92261473e-03  5.37169250e-05  1.10256027e+02 
 9.68000000e-01  5.95439712e-03  5.44171565e-05  1.09421320e+02 
 9.69000000e-01  5.98610451e-03  5.51273699e-05  1.08586797e+02 
 9.70000000e-01  6.01773688e-03  5.58476976e-05  1.07752640e+02 
 9.71000000e-01  6.04929450e-03  5.65782688e-05  1.06919046e+02 
 9.72000000e-01  6.08077794e-03  5.73192089e-05  1.06086215e+02 
 9.73000000e-01  6.11218798e-03  5.80706404e-05  1.05254358e+02 
 9.74000000e-01  6.14352566e-03  5.88326825e-05  1.04423688e+02 
 9.75000000e-01  6.17479225e-03  5.96054515e-05  1.03594421e+02 
 9.76000000e-01  6.20598919e-03  6.03890606e-05  1.02766778e+02 
 9.77000000e-01  6.23711809e-03  6.11836207e-05  1.01940977e+02 
 9.78000000e-01  6.26818073e-03  6.19892401e-05  1.01117238e+02 
 9.79000000e-01  6.29917902e-03  6.28060245e-05  1.00295777e+02 
 9.80000000e-01  6.33011498e-03  6.36340777e-05  9.94768088e+01 
 9.81000000e-01  6.36099073e-03  6.44735014e-05  9.86605441e+01 
 9.82000000e-01  6.39180848e-03  6.53243956e-05  9.78471890e+01 
 9.83000000e-01  6.42257052e-03  6.61868585e-05  9.70369446e+01 
 9.84000000e-01  6.45327917e-03  6.70609866e-05  9.62300063e+01 
 9.85000000e-01  6.48393680e-03  6.79468754e-05  9.54265632e+01 
 9.86000000e-01  6.51454584e-03  6.88446190e-05  9.46267978e+01 
 9.87000000e-01  6.54510870e-03  6.97543101e-05  9.38308857e+01 
 9.88000000e-01  6.57562782e-03  7.06760409e-05  9.30389951e+01 
 9.89000000e-01  6.60610565e-03  7.16099022e-05  9.22512871e+01 
 9.90000000e-01  6.63654462e-03  7.25559845e-05  9.14679150e+01 
 9.91000000e-01  6.66694715e-03  7.35143772e-05  9.06890244e+01 
 9.92000000e-01  6.69731565e-03  7.44851695e-05  8.99147535e+01 
 9.93000000e-01  6.72765251e-03  7.54684498e-05  8.91452326e+01 
 9.94000000e-01  6.75796006e-03  7.64643061e-05  8.83805844e+01 
 9.95000000e-01  6.78824064e-03  7.74728263e-05  8.76209242e+01 
 9.96000000e-01  6.81849651e-03  7.84940976e-05  8.68663596e+01 
 9.97000000e-01  6.84872993e-03  7.95282074e-05  8.61169911e+01 
 9.98000000e-01  6.87894309e-03  8.05752427e-05  8.53729118e+01 
 9.99000000e-01  6.90913813e-03  8.16352904e-05  8.46342078e+01 
 1.00000000e+00  6.93931717e-03  8.27084373e-05  8.39009586e+01 
