 v-sweep         ic             
 0.00000000e+00 -3.26071652e-05 
 1.00000000e-02  1.73461617e-05 
 2.00000000e-02  6.81380246e-05 
 3.00000000e-02  1.19273631e-04 
 4.00000000e-02  1.70290024e-04 
 5.00000000e-02  2.20753284e-04 
 6.00000000e-02  2.70254599e-04 
 7.00000000e-02  3.18405801e-04 
 8.00000000e-02  3.64834826e-04 
 9.00000000e-02  4.09181628e-04 
 1.00000000e-01  4.51095482e-04 
 1.10000000e-01  4.90235204e-04 
 1.20000000e-01  5.26274523e-04 
 1.30000000e-01  5.58915184e-04 
 1.40000000e-01  5.87909756e-04 
 1.50000000e-01  6.13093562e-04 
 1.60000000e-01  6.34420263e-04 
 1.70000000e-01  6.51989940e-04 
 1.80000000e-01  6.66056058e-04 
 1.90000000e-01  6.77002959e-04 
 2.00000000e-01  6.85297692e-04 
 2.10000000e-01  6.91431455e-04 
 2.20000000e-01  6.95868378e-04 
 2.30000000e-01  6.99012545e-04 
 2.40000000e-01  7.01194548e-04 
 2.50000000e-01  7.02672605e-04 
 2.60000000e-01  7.03641717e-04 
 2.70000000e-01  7.04244680e-04 
 2.80000000e-01  7.04587770e-04 
 2.90000000e-01  7.04744802e-04 
 3.00000000e-01  7.04769103e-04 
 3.10000000e-01  7.04698551e-04 
 3.20000000e-01  7.04560013e-04 
 3.30000000e-01  7.04372551e-04 
 3.40000000e-01  7.04150977e-04 
 3.50000000e-01  7.03902524e-04 
 3.60000000e-01  7.03635299e-04 
 3.70000000e-01  7.03354285e-04 
 3.80000000e-01  7.03063089e-04 
 3.90000000e-01  7.02764337e-04 
 4.00000000e-01  7.02459957e-04 
 4.10000000e-01  7.02151371e-04 
 4.20000000e-01  7.01839638e-04 
 4.30000000e-01  7.01525554e-04 
 4.40000000e-01  7.01209718e-04 
 4.50000000e-01  7.00892587e-04 
 4.60000000e-01  7.00574511e-04 
 4.70000000e-01  7.00255763e-04 
 4.80000000e-01  6.99936552e-04 
 4.90000000e-01  6.99617042e-04 
 5.00000000e-01  6.99297365e-04 
 5.10000000e-01  6.98977635e-04 
 5.20000000e-01  6.98657955e-04 
 5.30000000e-01  6.98338409e-04 
 5.40000000e-01  6.98019064e-04 
 5.50000000e-01  6.97699976e-04 
 5.60000000e-01  6.97381190e-04 
 5.70000000e-01  6.97062743e-04 
 5.80000000e-01  6.96744664e-04 
 5.90000000e-01  6.96426981e-04 
 6.00000000e-01  6.96109713e-04 
 6.10000000e-01  6.95792877e-04 
 6.20000000e-01  6.95476489e-04 
 6.30000000e-01  6.95160561e-04 
 6.40000000e-01  6.94845102e-04 
 6.50000000e-01  6.94530120e-04 
 6.60000000e-01  6.94215624e-04 
 6.70000000e-01  6.93901619e-04 
 6.80000000e-01  6.93588110e-04 
 6.90000000e-01  6.93275100e-04 
 7.00000000e-01  6.92962594e-04 
 7.10000000e-01  6.92650595e-04 
 7.20000000e-01  6.92339104e-04 
 7.30000000e-01  6.92028123e-04 
 7.40000000e-01  6.91717655e-04 
 7.50000000e-01  6.91407702e-04 
 7.60000000e-01  6.91098263e-04 
 7.70000000e-01  6.90789341e-04 
 7.80000000e-01  6.90480938e-04 
 7.90000000e-01  6.90173054e-04 
 8.00000000e-01  6.89865694e-04 
 8.10000000e-01  6.89558860e-04 
 8.20000000e-01  6.89252557e-04 
 8.30000000e-01  6.88946792e-04 
 8.40000000e-01  6.88641575e-04 
 8.50000000e-01  6.88336918e-04 
 8.60000000e-01  6.88032839e-04 
 8.70000000e-01  6.87729361e-04 
 8.80000000e-01  6.87426515e-04 
 8.90000000e-01  6.87124340e-04 
 9.00000000e-01  6.86822888e-04 
 9.10000000e-01  6.86522223e-04 
 9.20000000e-01  6.86222429e-04 
 9.30000000e-01  6.85923606e-04 
 9.40000000e-01  6.85625882e-04 
 9.50000000e-01  6.85329411e-04 
 9.60000000e-01  6.85034381e-04 
 9.70000000e-01  6.84741018e-04 
 9.80000000e-01  6.84449593e-04 
 9.90000000e-01  6.84160429e-04 
 1.00000000e+00  6.83873903e-04 
 1.01000000e+00  6.83590463e-04 
 1.02000000e+00  6.83310626e-04 
 1.03000000e+00  6.83034994e-04 
 1.04000000e+00  6.82764260e-04 
 1.05000000e+00  6.82499219e-04 
 1.06000000e+00  6.82240777e-04 
 1.07000000e+00  6.81989964e-04 
 1.08000000e+00  6.81747942e-04 
 1.09000000e+00  6.81516021e-04 
 1.10000000e+00  6.81295668e-04 
 1.11000000e+00  6.81088520e-04 
 1.12000000e+00  6.80896397e-04 
 1.13000000e+00  6.80721315e-04 
 1.14000000e+00  6.80565499e-04 
 1.15000000e+00  6.80431396e-04 
 1.16000000e+00  6.80321689e-04 
 1.17000000e+00  6.80239311e-04 
 1.18000000e+00  6.80187455e-04 
 1.19000000e+00  6.80169591e-04 
 1.20000000e+00  6.80189480e-04 
 1.21000000e+00  6.80251182e-04 
 1.22000000e+00  6.80359073e-04 
 1.23000000e+00  6.80517858e-04 
 1.24000000e+00  6.80732582e-04 
 1.25000000e+00  6.81008640e-04 
 1.26000000e+00  6.81351795e-04 
 1.27000000e+00  6.81768184e-04 
 1.28000000e+00  6.82264335e-04 
 1.29000000e+00  6.82847174e-04 
 1.30000000e+00  6.83524038e-04 
 1.31000000e+00  6.84302687e-04 
 1.32000000e+00  6.85191315e-04 
 1.33000000e+00  6.86198561e-04 
 1.34000000e+00  6.87329144e-04 
 1.35000000e+00  6.88601145e-04 
 1.36000000e+00  6.90020462e-04 
 1.37000000e+00  6.91597611e-04 
 1.38000000e+00  6.93343632e-04 
 1.39000000e+00  6.95270080e-04 
 1.40000000e+00  6.97389036e-04 
 1.41000000e+00  6.99713123e-04 
 1.42000000e+00  7.02255520e-04 
 1.43000000e+00  7.05029973e-04 
 1.44000000e+00  7.08050810e-04 
 1.45000000e+00  7.11332954e-04 
 1.46000000e+00  7.14891934e-04 
 1.47000000e+00  7.18743901e-04 
 1.48000000e+00  7.22905635e-04 
 1.49000000e+00  7.27394554e-04 
 1.50000000e+00  7.32228724e-04 
 1.51000000e+00  7.37426865e-04 
 1.52000000e+00  7.43008346e-04 
 1.53000000e+00  7.48993187e-04 
 1.54000000e+00  7.55402049e-04 
 1.55000000e+00  7.62256223e-04 
 1.56000000e+00  7.69577603e-04 
 1.57000000e+00  7.77388661e-04 
 1.58000000e+00  7.85712408e-04 
 1.59000000e+00  7.94572343e-04 
 1.60000000e+00  8.03992397e-04 
 0.00000000e+00 -4.23205402e-05 
 1.00000000e-02  2.05845804e-05 
 2.00000000e-02  8.40736347e-05 
 3.00000000e-02  1.47823742e-04 
 4.00000000e-02  2.11538783e-04 
 5.00000000e-02  2.74946722e-04 
 6.00000000e-02  3.37797428e-04 
 7.00000000e-02  3.99860962e-04 
 8.00000000e-02  4.60926151e-04 
 9.00000000e-02  5.20799214e-04 
 1.00000000e-01  5.79302144e-04 
 1.10000000e-01  6.36270542e-04 
 1.20000000e-01  6.91550664e-04 
 1.30000000e-01  7.44995503e-04 
 1.40000000e-01  7.96459922e-04 
 1.50000000e-01  8.45795036e-04 
 1.60000000e-01  8.92842273e-04 
 1.70000000e-01  9.37427868e-04 
 1.80000000e-01  9.79358842e-04 
 1.90000000e-01  1.01842201e-03 
 2.00000000e-01  1.05438805e-03 
 2.10000000e-01  1.08702307e-03 
 2.20000000e-01  1.11611004e-03 
 2.30000000e-01  1.14148061e-03 
 2.40000000e-01  1.16305439e-03 
 2.50000000e-01  1.18087640e-03 
 2.60000000e-01  1.19513908e-03 
 2.70000000e-01  1.20617606e-03 
 2.80000000e-01  1.21442535e-03 
 2.90000000e-01  1.22037311e-03 
 3.00000000e-01  1.22449698e-03 
 3.10000000e-01  1.22722445e-03 
 3.20000000e-01  1.22891173e-03 
 3.30000000e-01  1.22984015e-03 
 3.40000000e-01  1.23022326e-03 
 3.50000000e-01  1.23021868e-03 
 3.60000000e-01  1.22994043e-03 
 3.70000000e-01  1.22946990e-03 
 3.80000000e-01  1.22886469e-03 
 3.90000000e-01  1.22816533e-03 
 4.00000000e-01  1.22740026e-03 
 4.10000000e-01  1.22658940e-03 
 4.20000000e-01  1.22574674e-03 
 4.30000000e-01  1.22488210e-03 
 4.40000000e-01  1.22400238e-03 
 4.50000000e-01  1.22311247e-03 
 4.60000000e-01  1.22221582e-03 
 4.70000000e-01  1.22131491e-03 
 4.80000000e-01  1.22041148e-03 
 4.90000000e-01  1.21950682e-03 
 5.00000000e-01  1.21860183e-03 
 5.10000000e-01  1.21769719e-03 
 5.20000000e-01  1.21679339e-03 
 5.30000000e-01  1.21589078e-03 
 5.40000000e-01  1.21498962e-03 
 5.50000000e-01  1.21409013e-03 
 5.60000000e-01  1.21319243e-03 
 5.70000000e-01  1.21229665e-03 
 5.80000000e-01  1.21140287e-03 
 5.90000000e-01  1.21051114e-03 
 6.00000000e-01  1.20962153e-03 
 6.10000000e-01  1.20873410e-03 
 6.20000000e-01  1.20784890e-03 
 6.30000000e-01  1.20696597e-03 
 6.40000000e-01  1.20608534e-03 
 6.50000000e-01  1.20520703e-03 
 6.60000000e-01  1.20433106e-03 
 6.70000000e-01  1.20345744e-03 
 6.80000000e-01  1.20258617e-03 
 6.90000000e-01  1.20171727e-03 
 7.00000000e-01  1.20085074e-03 
 7.10000000e-01  1.19998657e-03 
 7.20000000e-01  1.19912477e-03 
 7.30000000e-01  1.19826534e-03 
 7.40000000e-01  1.19740827e-03 
 7.50000000e-01  1.19655355e-03 
 7.60000000e-01  1.19570119e-03 
 7.70000000e-01  1.19485117e-03 
 7.80000000e-01  1.19400350e-03 
 7.90000000e-01  1.19315816e-03 
 8.00000000e-01  1.19231514e-03 
 8.10000000e-01  1.19147444e-03 
 8.20000000e-01  1.19063606e-03 
 8.30000000e-01  1.18979998e-03 
 8.40000000e-01  1.18896619e-03 
 8.50000000e-01  1.18813469e-03 
 8.60000000e-01  1.18730547e-03 
 8.70000000e-01  1.18647852e-03 
 8.80000000e-01  1.18564568e-03 
 8.90000000e-01  1.18482296e-03 
 9.00000000e-01  1.18400252e-03 
 9.10000000e-01  1.18318431e-03 
 9.20000000e-01  1.18236836e-03 
 9.30000000e-01  1.18155466e-03 
 9.40000000e-01  1.18074323e-03 
 9.50000000e-01  1.17993408e-03 
 9.60000000e-01  1.17912725e-03 
 9.70000000e-01  1.17832277e-03 
 9.80000000e-01  1.17752069e-03 
 9.90000000e-01  1.17672109e-03 
 1.00000000e+00  1.17592405e-03 
 1.01000000e+00  1.17512970e-03 
 1.02000000e+00  1.17433818e-03 
 1.03000000e+00  1.17354968e-03 
 1.04000000e+00  1.17276442e-03 
 1.05000000e+00  1.17198269e-03 
 1.06000000e+00  1.17120481e-03 
 1.07000000e+00  1.17043121e-03 
 1.08000000e+00  1.16966235e-03 
 1.09000000e+00  1.16889881e-03 
 1.10000000e+00  1.16814125e-03 
 1.11000000e+00  1.16739046e-03 
 1.12000000e+00  1.16664733e-03 
 1.13000000e+00  1.16591291e-03 
 1.14000000e+00  1.16518838e-03 
 1.15000000e+00  1.16447511e-03 
 1.16000000e+00  1.16377462e-03 
 1.17000000e+00  1.16308867e-03 
 1.18000000e+00  1.16241921e-03 
 1.19000000e+00  1.16176841e-03 
 1.20000000e+00  1.16113872e-03 
 1.21000000e+00  1.16053283e-03 
 1.22000000e+00  1.15995374e-03 
 1.23000000e+00  1.15940474e-03 
 1.24000000e+00  1.15888942e-03 
 1.25000000e+00  1.15841174e-03 
 1.26000000e+00  1.15797600e-03 
 1.27000000e+00  1.15758687e-03 
 1.28000000e+00  1.15724941e-03 
 1.29000000e+00  1.15696908e-03 
 1.30000000e+00  1.15675174e-03 
 1.31000000e+00  1.15660371e-03 
 1.32000000e+00  1.15653174e-03 
 1.33000000e+00  1.15654301e-03 
 1.34000000e+00  1.15664521e-03 
 1.35000000e+00  1.15684645e-03 
 1.36000000e+00  1.15715536e-03 
 1.37000000e+00  1.15758103e-03 
 1.38000000e+00  1.15813307e-03 
 1.39000000e+00  1.15882154e-03 
 1.40000000e+00  1.15965704e-03 
 1.41000000e+00  1.16065063e-03 
 1.42000000e+00  1.16181389e-03 
 1.43000000e+00  1.16315889e-03 
 1.44000000e+00  1.16469817e-03 
 1.45000000e+00  1.16644478e-03 
 1.46000000e+00  1.16841222e-03 
 1.47000000e+00  1.17062635e-03 
 1.48000000e+00  1.17307836e-03 
 1.49000000e+00  1.17579460e-03 
 1.50000000e+00  1.17879031e-03 
 1.51000000e+00  1.18208127e-03 
 1.52000000e+00  1.18568364e-03 
 1.53000000e+00  1.18961397e-03 
 1.54000000e+00  1.19388918e-03 
 1.55000000e+00  1.19852657e-03 
 1.56000000e+00  1.20354375e-03 
 1.57000000e+00  1.20895865e-03 
 1.58000000e+00  1.21478949e-03 
 1.59000000e+00  1.22105472e-03 
 1.60000000e+00  1.22777305e-03 
 0.00000000e+00 -4.78717196e-05 
 1.00000000e-02  2.19660286e-05 
 2.00000000e-02  9.22133479e-05 
 3.00000000e-02  1.62624325e-04 
 4.00000000e-02  2.32971829e-04 
 5.00000000e-02  3.03045488e-04 
 6.00000000e-02  3.72650264e-04 
 7.00000000e-02  4.41605620e-04 
 8.00000000e-02  5.09745166e-04 
 9.00000000e-02  5.76916685e-04 
 1.00000000e-01  6.42982357e-04 
 1.10000000e-01  7.07818990e-04 
 1.20000000e-01  7.71318039e-04 
 1.30000000e-01  8.33385149e-04 
 1.40000000e-01  8.93939016e-04 
 1.50000000e-01  9.52909403e-04 
 1.60000000e-01  1.01023421e-03 
 1.70000000e-01  1.06585564e-03 
 1.80000000e-01  1.11971559e-03 
 1.90000000e-01  1.17175048e-03 
 2.00000000e-01  1.22188582e-03 
 2.10000000e-01  1.27003076e-03 
 2.20000000e-01  1.31607309e-03 
 2.30000000e-01  1.35987500e-03 
 2.40000000e-01  1.40127022e-03 
 2.50000000e-01  1.44006357e-03 
 2.60000000e-01  1.47603415e-03 
 2.70000000e-01  1.50894440e-03 
 2.80000000e-01  1.53855708e-03 
 2.90000000e-01  1.56466218e-03 
 3.00000000e-01  1.58711325e-03 
 3.10000000e-01  1.60586768e-03 
 3.20000000e-01  1.62101999e-03 
 3.30000000e-01  1.63281366e-03 
 3.40000000e-01  1.64162208e-03 
 3.50000000e-01  1.64790174e-03 
 3.60000000e-01  1.65213352e-03 
 3.70000000e-01  1.65477075e-03 
 3.80000000e-01  1.65620600e-03 
 3.90000000e-01  1.65675797e-03 
 4.00000000e-01  1.65667329e-03 
 4.10000000e-01  1.65613624e-03 
 4.20000000e-01  1.65528114e-03 
 4.30000000e-01  1.65420421e-03 
 4.40000000e-01  1.65297360e-03 
 4.50000000e-01  1.65163718e-03 
 4.60000000e-01  1.65022844e-03 
 4.70000000e-01  1.64877073e-03 
 4.80000000e-01  1.64728032e-03 
 4.90000000e-01  1.64576854e-03 
 5.00000000e-01  1.64424331e-03 
 5.10000000e-01  1.64271013e-03 
 5.20000000e-01  1.64117288e-03 
 5.30000000e-01  1.63963425e-03 
 5.40000000e-01  1.63809616e-03 
 5.50000000e-01  1.63655994e-03 
 5.60000000e-01  1.63502653e-03 
 5.70000000e-01  1.63349662e-03 
 5.80000000e-01  1.63197067e-03 
 5.90000000e-01  1.63044902e-03 
 6.00000000e-01  1.62893190e-03 
 6.10000000e-01  1.62741947e-03 
 6.20000000e-01  1.62591186e-03 
 6.30000000e-01  1.62440913e-03 
 6.40000000e-01  1.62291133e-03 
 6.50000000e-01  1.62141850e-03 
 6.60000000e-01  1.61993064e-03 
 6.70000000e-01  1.61844779e-03 
 6.80000000e-01  1.61696997e-03 
 6.90000000e-01  1.61548598e-03 
 7.00000000e-01  1.61401769e-03 
 7.10000000e-01  1.61255449e-03 
 7.20000000e-01  1.61109632e-03 
 7.30000000e-01  1.60964319e-03 
 7.40000000e-01  1.60819509e-03 
 7.50000000e-01  1.60675201e-03 
 7.60000000e-01  1.60531392e-03 
 7.70000000e-01  1.60388082e-03 
 7.80000000e-01  1.60245268e-03 
 7.90000000e-01  1.60102948e-03 
 8.00000000e-01  1.59961119e-03 
 8.10000000e-01  1.59819780e-03 
 8.20000000e-01  1.59678929e-03 
 8.30000000e-01  1.59538562e-03 
 8.40000000e-01  1.59398677e-03 
 8.50000000e-01  1.59259273e-03 
 8.60000000e-01  1.59120346e-03 
 8.70000000e-01  1.58981894e-03 
 8.80000000e-01  1.58843914e-03 
 8.90000000e-01  1.58706404e-03 
 9.00000000e-01  1.58569361e-03 
 9.10000000e-01  1.58432783e-03 
 9.20000000e-01  1.58296668e-03 
 9.30000000e-01  1.58161013e-03 
 9.40000000e-01  1.58025815e-03 
 9.50000000e-01  1.57891072e-03 
 9.60000000e-01  1.57756783e-03 
 9.70000000e-01  1.57622946e-03 
 9.80000000e-01  1.57489559e-03 
 9.90000000e-01  1.57356620e-03 
 1.00000000e+00  1.57224131e-03 
 1.01000000e+00  1.57092090e-03 
 1.02000000e+00  1.56960498e-03 
 1.03000000e+00  1.56829360e-03 
 1.04000000e+00  1.56698677e-03 
 1.05000000e+00  1.56568457e-03 
 1.06000000e+00  1.56438706e-03 
 1.07000000e+00  1.56309437e-03 
 1.08000000e+00  1.56180663e-03 
 1.09000000e+00  1.56052402e-03 
 1.10000000e+00  1.55924678e-03 
 1.11000000e+00  1.55797520e-03 
 1.12000000e+00  1.55670962e-03 
 1.13000000e+00  1.55545047e-03 
 1.14000000e+00  1.55419828e-03 
 1.15000000e+00  1.55295364e-03 
 1.16000000e+00  1.55171728e-03 
 1.17000000e+00  1.55049006e-03 
 1.18000000e+00  1.54927296e-03 
 1.19000000e+00  1.54806714e-03 
 1.20000000e+00  1.54687391e-03 
 1.21000000e+00  1.54569479e-03 
 1.22000000e+00  1.54453150e-03 
 1.23000000e+00  1.54340341e-03 
 1.24000000e+00  1.54227838e-03 
 1.25000000e+00  1.54117595e-03 
 1.26000000e+00  1.54009869e-03 
 1.27000000e+00  1.53904972e-03 
 1.28000000e+00  1.53803243e-03 
 1.29000000e+00  1.53705058e-03 
 1.30000000e+00  1.53610828e-03 
 1.31000000e+00  1.53521004e-03 
 1.32000000e+00  1.53436076e-03 
 1.33000000e+00  1.53356580e-03 
 1.34000000e+00  1.53283094e-03 
 1.35000000e+00  1.53216243e-03 
 1.36000000e+00  1.53156700e-03 
 1.37000000e+00  1.53105185e-03 
 1.38000000e+00  1.53062471e-03 
 1.39000000e+00  1.53029380e-03 
 1.40000000e+00  1.53006786e-03 
 1.41000000e+00  1.52995617e-03 
 1.42000000e+00  1.52996853e-03 
 1.43000000e+00  1.53011528e-03 
 1.44000000e+00  1.53040727e-03 
 1.45000000e+00  1.53085591e-03 
 1.46000000e+00  1.53147311e-03 
 1.47000000e+00  1.53227130e-03 
 1.48000000e+00  1.53326343e-03 
 1.49000000e+00  1.53446292e-03 
 1.50000000e+00  1.53588369e-03 
 1.51000000e+00  1.53754012e-03 
 1.52000000e+00  1.53944703e-03 
 1.53000000e+00  1.54161968e-03 
 1.54000000e+00  1.54407370e-03 
 1.55000000e+00  1.54682514e-03 
 1.56000000e+00  1.54989036e-03 
 1.57000000e+00  1.55328609e-03 
 1.58000000e+00  1.55702931e-03 
 1.59000000e+00  1.56113730e-03 
 1.60000000e+00  1.56562756e-03 
 0.00000000e+00 -5.17683929e-05 
 1.00000000e-02  2.26987667e-05 
 2.00000000e-02  9.74664504e-05 
 3.00000000e-02  1.72333955e-04 
 4.00000000e-02  2.47114077e-04 
 5.00000000e-02  3.21631491e-04 
 6.00000000e-02  3.95721624e-04 
 7.00000000e-02  4.69230028e-04 
 8.00000000e-02  5.42012199e-04 
 9.00000000e-02  6.13933796e-04 
 1.00000000e-01  6.84871188e-04 
 1.10000000e-01  7.54712232e-04 
 1.20000000e-01  8.23357144e-04 
 1.30000000e-01  8.90719307e-04 
 1.40000000e-01  9.56725814e-04 
 1.50000000e-01  1.02131757e-03 
 1.60000000e-01  1.08444874e-03 
 1.70000000e-01  1.14608549e-03 
 1.80000000e-01  1.20620382e-03 
 1.90000000e-01  1.26478667e-03 
 2.00000000e-01  1.32182039e-03 
 2.10000000e-01  1.37729062e-03 
 2.20000000e-01  1.43117803e-03 
 2.30000000e-01  1.48345392e-03 
 2.40000000e-01  1.53407601e-03 
 2.50000000e-01  1.58298437e-03 
 2.60000000e-01  1.63009776e-03 
 2.70000000e-01  1.67531032e-03 
 2.80000000e-01  1.71848883e-03 
 2.90000000e-01  1.75947079e-03 
 3.00000000e-01  1.79806415e-03 
 3.10000000e-01  1.83404951e-03 
 3.20000000e-01  1.86718667e-03 
 3.30000000e-01  1.89722253e-03 
 3.40000000e-01  1.92393206e-03 
 3.50000000e-01  1.94712237e-03 
 3.60000000e-01  1.96668866e-03 
 3.70000000e-01  1.98264791e-03 
 3.80000000e-01  1.99516290e-03 
 3.90000000e-01  2.00453924e-03 
 4.00000000e-01  2.01120034e-03 
 4.10000000e-01  2.01559753e-03 
 4.20000000e-01  2.01820697e-03 
 4.30000000e-01  2.01944970e-03 
 4.40000000e-01  2.01967808e-03 
 4.50000000e-01  2.01917078e-03 
 4.60000000e-01  2.01813928e-03 
 4.70000000e-01  2.01673929e-03 
 4.80000000e-01  2.01508312e-03 
 4.90000000e-01  2.01325058e-03 
 5.00000000e-01  2.01129783e-03 
 5.10000000e-01  2.00926416e-03 
 5.20000000e-01  2.00717692e-03 
 5.30000000e-01  2.00505511e-03 
 5.40000000e-01  2.00291194e-03 
 5.50000000e-01  2.00075655e-03 
 5.60000000e-01  1.99859530e-03 
 5.70000000e-01  1.99643260e-03 
 5.80000000e-01  1.99427150e-03 
 5.90000000e-01  1.99211413e-03 
 6.00000000e-01  1.98996197e-03 
 6.10000000e-01  1.98781604e-03 
 6.20000000e-01  1.98567704e-03 
 6.30000000e-01  1.98353025e-03 
 6.40000000e-01  1.98140541e-03 
 6.50000000e-01  1.97928856e-03 
 6.60000000e-01  1.97717975e-03 
 6.70000000e-01  1.97507910e-03 
 6.80000000e-01  1.97298664e-03 
 6.90000000e-01  1.97090240e-03 
 7.00000000e-01  1.96882638e-03 
 7.10000000e-01  1.96675855e-03 
 7.20000000e-01  1.96469888e-03 
 7.30000000e-01  1.96264738e-03 
 7.40000000e-01  1.96060404e-03 
 7.50000000e-01  1.95856885e-03 
 7.60000000e-01  1.95654178e-03 
 7.70000000e-01  1.95452281e-03 
 7.80000000e-01  1.95251190e-03 
 7.90000000e-01  1.95050902e-03 
 8.00000000e-01  1.94851413e-03 
 8.10000000e-01  1.94652719e-03 
 8.20000000e-01  1.94454815e-03 
 8.30000000e-01  1.94257697e-03 
 8.40000000e-01  1.94061360e-03 
 8.50000000e-01  1.93865801e-03 
 8.60000000e-01  1.93671013e-03 
 8.70000000e-01  1.93476993e-03 
 8.80000000e-01  1.93283735e-03 
 8.90000000e-01  1.93091236e-03 
 9.00000000e-01  1.92899489e-03 
 9.10000000e-01  1.92708491e-03 
 9.20000000e-01  1.92518236e-03 
 9.30000000e-01  1.92328720e-03 
 9.40000000e-01  1.92139938e-03 
 9.50000000e-01  1.91951886e-03 
 9.60000000e-01  1.91764558e-03 
 9.70000000e-01  1.91577950e-03 
 9.80000000e-01  1.91392057e-03 
 9.90000000e-01  1.91206876e-03 
 1.00000000e+00  1.91022401e-03 
 1.01000000e+00  1.90838628e-03 
 1.02000000e+00  1.90655554e-03 
 1.03000000e+00  1.90473175e-03 
 1.04000000e+00  1.90293684e-03 
 1.05000000e+00  1.90112761e-03 
 1.06000000e+00  1.89932545e-03 
 1.07000000e+00  1.89753011e-03 
 1.08000000e+00  1.89574166e-03 
 1.09000000e+00  1.89396012e-03 
 1.10000000e+00  1.89218554e-03 
 1.11000000e+00  1.89041797e-03 
 1.12000000e+00  1.88865752e-03 
 1.13000000e+00  1.88690431e-03 
 1.14000000e+00  1.88515851e-03 
 1.15000000e+00  1.88342034e-03 
 1.16000000e+00  1.88169010e-03 
 1.17000000e+00  1.87996812e-03 
 1.18000000e+00  1.87825485e-03 
 1.19000000e+00  1.87655081e-03 
 1.20000000e+00  1.87485664e-03 
 1.21000000e+00  1.87317309e-03 
 1.22000000e+00  1.87150105e-03 
 1.23000000e+00  1.86984158e-03 
 1.24000000e+00  1.86819588e-03 
 1.25000000e+00  1.86656536e-03 
 1.26000000e+00  1.86495166e-03 
 1.27000000e+00  1.86335660e-03 
 1.28000000e+00  1.86178230e-03 
 1.29000000e+00  1.86023113e-03 
 1.30000000e+00  1.85870575e-03 
 1.31000000e+00  1.85720916e-03 
 1.32000000e+00  1.85574469e-03 
 1.33000000e+00  1.85431602e-03 
 1.34000000e+00  1.85292725e-03 
 1.35000000e+00  1.85158285e-03 
 1.36000000e+00  1.85028776e-03 
 1.37000000e+00  1.84904733e-03 
 1.38000000e+00  1.84786741e-03 
 1.39000000e+00  1.84675434e-03 
 1.40000000e+00  1.84571494e-03 
 1.41000000e+00  1.84475659e-03 
 1.42000000e+00  1.84388717e-03 
 1.43000000e+00  1.84311512e-03 
 1.44000000e+00  1.84242329e-03 
 1.45000000e+00  1.84187243e-03 
 1.46000000e+00  1.84144790e-03 
 1.47000000e+00  1.84115996e-03 
 1.48000000e+00  1.84101999e-03 
 1.49000000e+00  1.84103981e-03 
 1.50000000e+00  1.84123180e-03 
 1.51000000e+00  1.84160887e-03 
 1.52000000e+00  1.84218448e-03 
 1.53000000e+00  1.84297257e-03 
 1.54000000e+00  1.84398760e-03 
 1.55000000e+00  1.84524449e-03 
 1.56000000e+00  1.84675863e-03 
 1.57000000e+00  1.84854580e-03 
 1.58000000e+00  1.85062218e-03 
 1.59000000e+00  1.85300432e-03 
 1.60000000e+00  1.85570909e-03 
 0.00000000e+00 -5.47824120e-05 
 1.00000000e-02  2.31145098e-05 
 2.00000000e-02  1.01239925e-04 
 3.00000000e-02  1.79423487e-04 
 4.00000000e-02  2.57504915e-04 
 5.00000000e-02  3.35332645e-04 
 6.00000000e-02  4.12762867e-04 
 7.00000000e-02  4.89658951e-04 
 8.00000000e-02  5.65891251e-04 
 9.00000000e-02  6.41337249e-04 
 1.00000000e-01  7.15882034e-04 
 1.10000000e-01  7.89419063e-04 
 1.20000000e-01  8.61851140e-04 
 1.30000000e-01  9.33091520e-04 
 1.40000000e-01  1.00306503e-03 
 1.50000000e-01  1.07170905e-03 
 1.60000000e-01  1.13897416e-03 
 1.70000000e-01  1.20482434e-03 
 1.80000000e-01  1.26923653e-03 
 1.90000000e-01  1.33219952e-03 
 2.00000000e-01  1.39371199e-03 
 2.10000000e-01  1.45378000e-03 
 2.20000000e-01  1.51241386e-03 
 2.30000000e-01  1.56962464e-03 
 2.40000000e-01  1.62542055e-03 
 2.50000000e-01  1.67980335e-03 
 2.60000000e-01  1.73276496e-03 
 2.70000000e-01  1.78428430e-03 
 2.80000000e-01  1.83432447e-03 
 2.90000000e-01  1.88283006e-03 
 3.00000000e-01  1.92972476e-03 
 3.10000000e-01  1.97490907e-03 
 3.20000000e-01  2.01825822e-03 
 3.30000000e-01  2.05962043e-03 
 3.40000000e-01  2.09881596e-03 
 3.50000000e-01  2.13563151e-03 
 3.60000000e-01  2.16984645e-03 
 3.70000000e-01  2.20120828e-03 
 3.80000000e-01  2.22946754e-03 
 3.90000000e-01  2.25439636e-03 
 4.00000000e-01  2.27582110e-03 
 4.10000000e-01  2.29366078e-03 
 4.20000000e-01  2.30796221e-03 
 4.30000000e-01  2.31891839e-03 
 4.40000000e-01  2.32685870e-03 
 4.50000000e-01  2.33220987e-03 
 4.60000000e-01  2.33543979e-03 
 4.70000000e-01  2.33701689e-03 
 4.80000000e-01  2.33731455e-03 
 4.90000000e-01  2.33668117e-03 
 5.00000000e-01  2.33537680e-03 
 5.10000000e-01  2.33359750e-03 
 5.20000000e-01  2.33148678e-03 
 5.30000000e-01  2.32914769e-03 
 5.40000000e-01  2.32665324e-03 
 5.50000000e-01  2.32405466e-03 
 5.60000000e-01  2.32138773e-03 
 5.70000000e-01  2.31867730e-03 
 5.80000000e-01  2.31594059e-03 
 5.90000000e-01  2.31318954e-03 
 6.00000000e-01  2.31043239e-03 
 6.10000000e-01  2.30765563e-03 
 6.20000000e-01  2.30490007e-03 
 6.30000000e-01  2.30215079e-03 
 6.40000000e-01  2.29940953e-03 
 6.50000000e-01  2.29667760e-03 
 6.60000000e-01  2.29395587e-03 
 6.70000000e-01  2.29124492e-03 
 6.80000000e-01  2.28854514e-03 
 6.90000000e-01  2.28585677e-03 
 7.00000000e-01  2.28317995e-03 
 7.10000000e-01  2.28051476e-03 
 7.20000000e-01  2.27786124e-03 
 7.30000000e-01  2.27521936e-03 
 7.40000000e-01  2.27258910e-03 
 7.50000000e-01  2.26997041e-03 
 7.60000000e-01  2.26736324e-03 
 7.70000000e-01  2.26476751e-03 
 7.80000000e-01  2.26218320e-03 
 7.90000000e-01  2.25961025e-03 
 8.00000000e-01  2.25704863e-03 
 8.10000000e-01  2.25449827e-03 
 8.20000000e-01  2.25195913e-03 
 8.30000000e-01  2.24943114e-03 
 8.40000000e-01  2.24691422e-03 
 8.50000000e-01  2.24440832e-03 
 8.60000000e-01  2.24191336e-03 
 8.70000000e-01  2.23942927e-03 
 8.80000000e-01  2.23695597e-03 
 8.90000000e-01  2.23449339e-03 
 9.00000000e-01  2.23204146e-03 
 9.10000000e-01  2.22960011e-03 
 9.20000000e-01  2.22716925e-03 
 9.30000000e-01  2.22477491e-03 
 9.40000000e-01  2.22236592e-03 
 9.50000000e-01  2.21996744e-03 
 9.60000000e-01  2.21757912e-03 
 9.70000000e-01  2.21520096e-03 
 9.80000000e-01  2.21283290e-03 
 9.90000000e-01  2.21047486e-03 
 1.00000000e+00  2.20812678e-03 
 1.01000000e+00  2.20578857e-03 
 1.02000000e+00  2.20346018e-03 
 1.03000000e+00  2.20114154e-03 
 1.04000000e+00  2.19883257e-03 
 1.05000000e+00  2.19653321e-03 
 1.06000000e+00  2.19424341e-03 
 1.07000000e+00  2.19196309e-03 
 1.08000000e+00  2.18969222e-03 
 1.09000000e+00  2.18743072e-03 
 1.10000000e+00  2.18517857e-03 
 1.11000000e+00  2.18293573e-03 
 1.12000000e+00  2.18070217e-03 
 1.13000000e+00  2.17847789e-03 
 1.14000000e+00  2.17626291e-03 
 1.15000000e+00  2.17405726e-03 
 1.16000000e+00  2.17186099e-03 
 1.17000000e+00  2.16967422e-03 
 1.18000000e+00  2.16749707e-03 
 1.19000000e+00  2.16532975e-03 
 1.20000000e+00  2.16317251e-03 
 1.21000000e+00  2.16102565e-03 
 1.22000000e+00  2.15888959e-03 
 1.23000000e+00  2.15676483e-03 
 1.24000000e+00  2.15465196e-03 
 1.25000000e+00  2.15255172e-03 
 1.26000000e+00  2.15046498e-03 
 1.27000000e+00  2.14839277e-03 
 1.28000000e+00  2.14633629e-03 
 1.29000000e+00  2.14426475e-03 
 1.30000000e+00  2.14224276e-03 
 1.31000000e+00  2.14024176e-03 
 1.32000000e+00  2.13826330e-03 
 1.33000000e+00  2.13630995e-03 
 1.34000000e+00  2.13438445e-03 
 1.35000000e+00  2.13248984e-03 
 1.36000000e+00  2.13062956e-03 
 1.37000000e+00  2.12880740e-03 
 1.38000000e+00  2.12702757e-03 
 1.39000000e+00  2.12529472e-03 
 1.40000000e+00  2.12361395e-03 
 1.41000000e+00  2.12199086e-03 
 1.42000000e+00  2.12043152e-03 
 1.43000000e+00  2.11894255e-03 
 1.44000000e+00  2.11753108e-03 
 1.45000000e+00  2.11620482e-03 
 1.46000000e+00  2.11497205e-03 
 1.47000000e+00  2.11384161e-03 
 1.48000000e+00  2.11282296e-03 
 1.49000000e+00  2.11192612e-03 
 1.50000000e+00  2.11116175e-03 
 1.51000000e+00  2.11054109e-03 
 1.52000000e+00  2.11007596e-03 
 1.53000000e+00  2.10977879e-03 
 1.54000000e+00  2.10966259e-03 
 1.55000000e+00  2.10974093e-03 
 1.56000000e+00  2.11002792e-03 
 1.57000000e+00  2.11053820e-03 
 1.58000000e+00  2.11128691e-03 
 1.59000000e+00  2.11228967e-03 
 1.60000000e+00  2.11356254e-03 
 0.00000000e+00 -5.72491707e-05 
 1.00000000e-02  2.33467137e-05 
 2.00000000e-02  1.04120926e-04 
 3.00000000e-02  1.84925146e-04 
 4.00000000e-02  2.65618811e-04 
 5.00000000e-02  3.46067959e-04 
 6.00000000e-02  4.26144382e-04 
 7.00000000e-02  5.05725074e-04 
 8.00000000e-02  5.84691983e-04 
 9.00000000e-02  6.62932055e-04 
 1.00000000e-01  7.40337558e-04 
 1.10000000e-01  8.16806684e-04 
 1.20000000e-01  8.92244397e-04 
 1.30000000e-01  9.66563491e-04 
 1.40000000e-01  1.03968578e-03 
 1.50000000e-01  1.11154335e-03 
 1.60000000e-01  1.18207969e-03 
 1.70000000e-01  1.25125069e-03 
 1.80000000e-01  1.31902517e-03 
 1.90000000e-01  1.38538496e-03 
 2.00000000e-01  1.45032433e-03 
 2.10000000e-01  1.51384877e-03 
 2.20000000e-01  1.57597301e-03 
 2.30000000e-01  1.63671861e-03 
 2.40000000e-01  1.69611096e-03 
 2.50000000e-01  1.75417617e-03 
 2.60000000e-01  1.81093786e-03 
 2.70000000e-01  1.86641410e-03 
 2.80000000e-01  1.92061466e-03 
 2.90000000e-01  1.97353846e-03 
 3.00000000e-01  2.02517148e-03 
 3.10000000e-01  2.07548478e-03 
 3.20000000e-01  2.12443282e-03 
 3.30000000e-01  2.17195171e-03 
 3.40000000e-01  2.21795760e-03 
 3.50000000e-01  2.26234493e-03 
 3.60000000e-01  2.30497915e-03 
 3.70000000e-01  2.34571607e-03 
 3.80000000e-01  2.38437132e-03 
 3.90000000e-01  2.42073924e-03 
 4.00000000e-01  2.45459090e-03 
 4.10000000e-01  2.48568059e-03 
 4.20000000e-01  2.51375834e-03 
 4.30000000e-01  2.53859052e-03 
 4.40000000e-01  2.55998968e-03 
 4.50000000e-01  2.57785126e-03 
 4.60000000e-01  2.59218957e-03 
 4.70000000e-01  2.60316094e-03 
 4.80000000e-01  2.61106120e-03 
 4.90000000e-01  2.61629366e-03 
 5.00000000e-01  2.61931631e-03 
 5.10000000e-01  2.62058623e-03 
 5.20000000e-01  2.62051681e-03 
 5.30000000e-01  2.61947438e-03 
 5.40000000e-01  2.61769287e-03 
 5.50000000e-01  2.61540347e-03 
 5.60000000e-01  2.61275937e-03 
 5.70000000e-01  2.60987162e-03 
 5.80000000e-01  2.60681898e-03 
 5.90000000e-01  2.60365684e-03 
 6.00000000e-01  2.60042388e-03 
 6.10000000e-01  2.59712342e-03 
 6.20000000e-01  2.59381908e-03 
 6.30000000e-01  2.59050230e-03 
 6.40000000e-01  2.58718178e-03 
 6.50000000e-01  2.58386371e-03 
 6.60000000e-01  2.58055232e-03 
 6.70000000e-01  2.57725051e-03 
 6.80000000e-01  2.57396025e-03 
 6.90000000e-01  2.57068288e-03 
 7.00000000e-01  2.56741929e-03 
 7.10000000e-01  2.56417007e-03 
 7.20000000e-01  2.56093559e-03 
 7.30000000e-01  2.55771608e-03 
 7.40000000e-01  2.55451164e-03 
 7.50000000e-01  2.55132233e-03 
 7.60000000e-01  2.54814813e-03 
 7.70000000e-01  2.54498901e-03 
 7.80000000e-01  2.54184490e-03 
 7.90000000e-01  2.53871570e-03 
 8.00000000e-01  2.53560134e-03 
 8.10000000e-01  2.53250169e-03 
 8.20000000e-01  2.52941667e-03 
 8.30000000e-01  2.52634622e-03 
 8.40000000e-01  2.52329025e-03 
 8.50000000e-01  2.52024869e-03 
 8.60000000e-01  2.51722144e-03 
 8.70000000e-01  2.51423936e-03 
 8.80000000e-01  2.51124195e-03 
 8.90000000e-01  2.50825888e-03 
 9.00000000e-01  2.50528968e-03 
 9.10000000e-01  2.50233435e-03 
 9.20000000e-01  2.49939279e-03 
 9.30000000e-01  2.49646491e-03 
 9.40000000e-01  2.49355059e-03 
 9.50000000e-01  2.49064975e-03 
 9.60000000e-01  2.48776226e-03 
 9.70000000e-01  2.48488805e-03 
 9.80000000e-01  2.48202699e-03 
 9.90000000e-01  2.47917900e-03 
 1.00000000e+00  2.47634397e-03 
 1.01000000e+00  2.47352180e-03 
 1.02000000e+00  2.47071241e-03 
 1.03000000e+00  2.46791568e-03 
 1.04000000e+00  2.46513152e-03 
 1.05000000e+00  2.46235984e-03 
 1.06000000e+00  2.45960054e-03 
 1.07000000e+00  2.45685353e-03 
 1.08000000e+00  2.45411873e-03 
 1.09000000e+00  2.45139603e-03 
 1.10000000e+00  2.44868536e-03 
 1.11000000e+00  2.44598663e-03 
 1.12000000e+00  2.44329976e-03 
 1.13000000e+00  2.44062469e-03 
 1.14000000e+00  2.43796134e-03 
 1.15000000e+00  2.43530967e-03 
 1.16000000e+00  2.43266962e-03 
 1.17000000e+00  2.43000471e-03 
 1.18000000e+00  2.42738612e-03 
 1.19000000e+00  2.42477954e-03 
 1.20000000e+00  2.42218440e-03 
 1.21000000e+00  2.41960096e-03 
 1.22000000e+00  2.41702936e-03 
 1.23000000e+00  2.41446977e-03 
 1.24000000e+00  2.41192245e-03 
 1.25000000e+00  2.40938771e-03 
 1.26000000e+00  2.40686597e-03 
 1.27000000e+00  2.40435774e-03 
 1.28000000e+00  2.40186364e-03 
 1.29000000e+00  2.39938443e-03 
 1.30000000e+00  2.39692103e-03 
 1.31000000e+00  2.39447452e-03 
 1.32000000e+00  2.39204616e-03 
 1.33000000e+00  2.38963745e-03 
 1.34000000e+00  2.38725011e-03 
 1.35000000e+00  2.38488610e-03 
 1.36000000e+00  2.38254771e-03 
 1.37000000e+00  2.38023750e-03 
 1.38000000e+00  2.37795838e-03 
 1.39000000e+00  2.37571362e-03 
 1.40000000e+00  2.37350687e-03 
 1.41000000e+00  2.37134223e-03 
 1.42000000e+00  2.36922419e-03 
 1.43000000e+00  2.36715775e-03 
 1.44000000e+00  2.36514838e-03 
 1.45000000e+00  2.36324238e-03 
 1.46000000e+00  2.36136678e-03 
 1.47000000e+00  2.35956850e-03 
 1.48000000e+00  2.35785432e-03 
 1.49000000e+00  2.35623277e-03 
 1.50000000e+00  2.35471271e-03 
 1.51000000e+00  2.35330362e-03 
 1.52000000e+00  2.35201559e-03 
 1.53000000e+00  2.35085936e-03 
 1.54000000e+00  2.34984629e-03 
 1.55000000e+00  2.34898837e-03 
 1.56000000e+00  2.34829820e-03 
 1.57000000e+00  2.34778899e-03 
 1.58000000e+00  2.34747455e-03 
 1.59000000e+00  2.34736926e-03 
 1.60000000e+00  2.34748806e-03 
 0.00000000e+00 -5.93441283e-05 
 1.00000000e-02  2.34611624e-05 
 2.00000000e-02  1.06408327e-04 
 3.00000000e-02  1.89365864e-04 
 4.00000000e-02  2.72208411e-04 
 5.00000000e-02  3.54815744e-04 
 6.00000000e-02  4.37072010e-04 
 7.00000000e-02  5.18865203e-04 
 8.00000000e-02  6.00086878e-04 
 9.00000000e-02  6.80632090e-04 
 1.00000000e-01  7.60399587e-04 
 1.10000000e-01  8.39292239e-04 
 1.20000000e-01  9.17217699e-04 
 1.30000000e-01  9.94089297e-04 
 1.40000000e-01  1.06982711e-03 
 1.50000000e-01  1.14435919e-03 
 1.60000000e-01  1.21762285e-03 
 1.70000000e-01  1.28956590e-03 
 1.80000000e-01  1.36014775e-03 
 1.90000000e-01  1.42934016e-03 
 2.00000000e-01  1.49712767e-03 
 2.10000000e-01  1.56350731e-03 
 2.20000000e-01  1.62848785e-03 
 2.30000000e-01  1.69208827e-03 
 2.40000000e-01  1.75433575e-03 
 2.50000000e-01  1.81526311e-03 
 2.60000000e-01  1.87490601e-03 
 2.70000000e-01  1.93329999e-03 
 2.80000000e-01  1.99047767e-03 
 2.90000000e-01  2.04646610e-03 
 3.00000000e-01  2.10128445e-03 
 3.10000000e-01  2.15494208e-03 
 3.20000000e-01  2.20743689e-03 
 3.30000000e-01  2.25875398e-03 
 3.40000000e-01  2.30886440e-03 
 3.50000000e-01  2.35772405e-03 
 3.60000000e-01  2.40527250e-03 
 3.70000000e-01  2.45143173e-03 
 3.80000000e-01  2.49609818e-03 
 3.90000000e-01  2.53916570e-03 
 4.00000000e-01  2.58048927e-03 
 4.10000000e-01  2.61990553e-03 
 4.20000000e-01  2.65722674e-03 
 4.30000000e-01  2.69224136e-03 
 4.40000000e-01  2.72471706e-03 
 4.50000000e-01  2.75440804e-03 
 4.60000000e-01  2.78106848e-03 
 4.70000000e-01  2.80447439e-03 
 4.80000000e-01  2.82445408e-03 
 4.90000000e-01  2.84092447e-03 
 5.00000000e-01  2.85392492e-03 
 5.10000000e-01  2.86363602e-03 
 5.20000000e-01  2.87037203e-03 
 5.30000000e-01  2.87454498e-03 
 5.40000000e-01  2.87661117e-03 
 5.50000000e-01  2.87701767e-03 
 5.60000000e-01  2.87616337e-03 
 5.70000000e-01  2.87437951e-03 
 5.80000000e-01  2.87192666e-03 
 5.90000000e-01  2.86900179e-03 
 6.00000000e-01  2.86577621e-03 
 6.10000000e-01  2.86230103e-03 
 6.20000000e-01  2.85864906e-03 
 6.30000000e-01  2.85492634e-03 
 6.40000000e-01  2.85114250e-03 
 6.50000000e-01  2.84732235e-03 
 6.60000000e-01  2.84348338e-03 
 6.70000000e-01  2.83963762e-03 
 6.80000000e-01  2.83579336e-03 
 6.90000000e-01  2.83195629e-03 
 7.00000000e-01  2.82813031e-03 
 7.10000000e-01  2.82431807e-03 
 7.20000000e-01  2.82052137e-03 
 7.30000000e-01  2.81674141e-03 
 7.40000000e-01  2.81297897e-03 
 7.50000000e-01  2.80923454e-03 
 7.60000000e-01  2.80550842e-03 
 7.70000000e-01  2.80180076e-03 
 7.80000000e-01  2.79811163e-03 
 7.90000000e-01  2.79444101e-03 
 8.00000000e-01  2.79078884e-03 
 8.10000000e-01  2.78715504e-03 
 8.20000000e-01  2.78353950e-03 
 8.30000000e-01  2.77997695e-03 
 8.40000000e-01  2.77639950e-03 
 8.50000000e-01  2.77284029e-03 
 8.60000000e-01  2.76929876e-03 
 8.70000000e-01  2.76577493e-03 
 8.80000000e-01  2.76226870e-03 
 8.90000000e-01  2.75877995e-03 
 9.00000000e-01  2.75530855e-03 
 9.10000000e-01  2.75185439e-03 
 9.20000000e-01  2.74841733e-03 
 9.30000000e-01  2.74499724e-03 
 9.40000000e-01  2.74159400e-03 
 9.50000000e-01  2.73820747e-03 
 9.60000000e-01  2.73483752e-03 
 9.70000000e-01  2.73148402e-03 
 9.80000000e-01  2.72814684e-03 
 9.90000000e-01  2.72482584e-03 
 1.00000000e+00  2.72152091e-03 
 1.01000000e+00  2.71823190e-03 
 1.02000000e+00  2.71495869e-03 
 1.03000000e+00  2.71170116e-03 
 1.04000000e+00  2.70845918e-03 
 1.05000000e+00  2.70523262e-03 
 1.06000000e+00  2.70202136e-03 
 1.07000000e+00  2.69882527e-03 
 1.08000000e+00  2.69564424e-03 
 1.09000000e+00  2.69243706e-03 
 1.10000000e+00  2.68928360e-03 
 1.11000000e+00  2.68614529e-03 
 1.12000000e+00  2.68302130e-03 
 1.13000000e+00  2.67991172e-03 
 1.14000000e+00  2.67681645e-03 
 1.15000000e+00  2.67373537e-03 
 1.16000000e+00  2.67066840e-03 
 1.17000000e+00  2.66761543e-03 
 1.18000000e+00  2.66457639e-03 
 1.19000000e+00  2.66155120e-03 
 1.20000000e+00  2.65853980e-03 
 1.21000000e+00  2.65554215e-03 
 1.22000000e+00  2.65255824e-03 
 1.23000000e+00  2.64958808e-03 
 1.24000000e+00  2.64663171e-03 
 1.25000000e+00  2.64368923e-03 
 1.26000000e+00  2.64076076e-03 
 1.27000000e+00  2.63784652e-03 
 1.28000000e+00  2.63494676e-03 
 1.29000000e+00  2.63206186e-03 
 1.30000000e+00  2.62919226e-03 
 1.31000000e+00  2.62633854e-03 
 1.32000000e+00  2.62350138e-03 
 1.33000000e+00  2.62068165e-03 
 1.34000000e+00  2.61792573e-03 
 1.35000000e+00  2.61514550e-03 
 1.36000000e+00  2.61238711e-03 
 1.37000000e+00  2.60965119e-03 
 1.38000000e+00  2.60693998e-03 
 1.39000000e+00  2.60425567e-03 
 1.40000000e+00  2.60160079e-03 
 1.41000000e+00  2.59897821e-03 
 1.42000000e+00  2.59639114e-03 
 1.43000000e+00  2.59384324e-03 
 1.44000000e+00  2.59133854e-03 
 1.45000000e+00  2.58888156e-03 
 1.46000000e+00  2.58647729e-03 
 1.47000000e+00  2.58413124e-03 
 1.48000000e+00  2.58184943e-03 
 1.49000000e+00  2.57963845e-03 
 1.50000000e+00  2.57750547e-03 
 1.51000000e+00  2.57545827e-03 
 1.52000000e+00  2.57350523e-03 
 1.53000000e+00  2.57165537e-03 
 1.54000000e+00  2.56991835e-03 
 1.55000000e+00  2.56830448e-03 
 1.56000000e+00  2.56682474e-03 
 1.57000000e+00  2.56549076e-03 
 1.58000000e+00  2.56431482e-03 
 1.59000000e+00  2.56326122e-03 
 1.60000000e+00  2.56243901e-03 
 0.00000000e+00 -6.11704523e-05 
 1.00000000e-02  2.34946789e-05 
 2.00000000e-02  1.08274291e-04 
 3.00000000e-02  1.93050191e-04 
 4.00000000e-02  2.77709158e-04 
 5.00000000e-02  3.62142059e-04 
 6.00000000e-02  4.46243155e-04 
 7.00000000e-02  5.29909602e-04 
 8.00000000e-02  6.13041133e-04 
 9.00000000e-02  6.95539934e-04 
 1.00000000e-01  7.77310722e-04 
 1.10000000e-01  8.58261026e-04 
 1.20000000e-01  9.38301671e-04 
 1.30000000e-01  1.01734749e-03 
 1.40000000e-01  1.09531821e-03 
 1.50000000e-01  1.17213957e-03 
 1.60000000e-01  1.24774449e-03 
 1.70000000e-01  1.32207440e-03 
 1.80000000e-01  1.39508053e-03 
 1.90000000e-01  1.46672503e-03 
 2.00000000e-01  1.53698190e-03 
 2.10000000e-01  1.60583752e-03 
 2.20000000e-01  1.67329066e-03 
 2.30000000e-01  1.73935197e-03 
 2.40000000e-01  1.80404279e-03 
 2.50000000e-01  1.86739342e-03 
 2.60000000e-01  1.92944088e-03 
 2.70000000e-01  1.99022636e-03 
 2.80000000e-01  2.04979247e-03 
 2.90000000e-01  2.10818054e-03 
 3.00000000e-01  2.16542813e-03 
 3.10000000e-01  2.22156676e-03 
 3.20000000e-01  2.27662011e-03 
 3.30000000e-01  2.33060247e-03 
 3.40000000e-01  2.38351756e-03 
 3.50000000e-01  2.43535760e-03 
 3.60000000e-01  2.48610251e-03 
 3.70000000e-01  2.53571912e-03 
 3.80000000e-01  2.58416044e-03 
 3.90000000e-01  2.63135852e-03 
 4.00000000e-01  2.67724687e-03 
 4.10000000e-01  2.72172584e-03 
 4.20000000e-01  2.76468232e-03 
 4.30000000e-01  2.80598314e-03 
 4.40000000e-01  2.84547356e-03 
 4.50000000e-01  2.88297612e-03 
 4.60000000e-01  2.91829042e-03 
 4.70000000e-01  2.95119478e-03 
 4.80000000e-01  2.98145122e-03 
 4.90000000e-01  3.00881539e-03 
 5.00000000e-01  3.03305387e-03 
 5.10000000e-01  3.05396978e-03 
 5.20000000e-01  3.07143610e-03 
 5.30000000e-01  3.08543104e-03 
 5.40000000e-01  3.09606509e-03 
 5.50000000e-01  3.10358721e-03 
 5.60000000e-01  3.10836288e-03 
 5.70000000e-01  3.11082827e-03 
 5.80000000e-01  3.11143564e-03 
 5.90000000e-01  3.11060676e-03 
 6.00000000e-01  3.10870406e-03 
 6.10000000e-01  3.10602015e-03 
 6.20000000e-01  3.10278054e-03 
 6.30000000e-01  3.09915320e-03 
 6.40000000e-01  3.09526023e-03 
 6.50000000e-01  3.09118887e-03 
 6.60000000e-01  3.08700072e-03 
 6.70000000e-01  3.08273892e-03 
 6.80000000e-01  3.07843348e-03 
 6.90000000e-01  3.07410524e-03 
 7.00000000e-01  3.06976859e-03 
 7.10000000e-01  3.06543344e-03 
 7.20000000e-01  3.06110661e-03 
 7.30000000e-01  3.05679276e-03 
 7.40000000e-01  3.05249507e-03 
 7.50000000e-01  3.04821568e-03 
 7.60000000e-01  3.04395600e-03 
 7.70000000e-01  3.03971696e-03 
 7.80000000e-01  3.03549914e-03 
 7.90000000e-01  3.03130289e-03 
 8.00000000e-01  3.02712838e-03 
 8.10000000e-01  3.02301501e-03 
 8.20000000e-01  3.01888663e-03 
 8.30000000e-01  3.01478047e-03 
 8.40000000e-01  3.01069585e-03 
 8.50000000e-01  3.00663280e-03 
 8.60000000e-01  3.00259115e-03 
 8.70000000e-01  2.99857074e-03 
 8.80000000e-01  2.99457140e-03 
 8.90000000e-01  2.99059294e-03 
 9.00000000e-01  2.98663522e-03 
 9.10000000e-01  2.98269811e-03 
 9.20000000e-01  2.97878146e-03 
 9.30000000e-01  2.97488512e-03 
 9.40000000e-01  2.97100894e-03 
 9.50000000e-01  2.96715277e-03 
 9.60000000e-01  2.96331643e-03 
 9.70000000e-01  2.95949977e-03 
 9.80000000e-01  2.95570263e-03 
 9.90000000e-01  2.95192486e-03 
 1.00000000e+00  2.94816628e-03 
 1.01000000e+00  2.94442674e-03 
 1.02000000e+00  2.94070608e-03 
 1.03000000e+00  2.93695936e-03 
 1.04000000e+00  2.93327336e-03 
 1.05000000e+00  2.92960626e-03 
 1.06000000e+00  2.92595710e-03 
 1.07000000e+00  2.92232596e-03 
 1.08000000e+00  2.91871269e-03 
 1.09000000e+00  2.91511714e-03 
 1.10000000e+00  2.91153916e-03 
 1.11000000e+00  2.90797860e-03 
 1.12000000e+00  2.90443531e-03 
 1.13000000e+00  2.90090915e-03 
 1.14000000e+00  2.89739998e-03 
 1.15000000e+00  2.89390766e-03 
 1.16000000e+00  2.89043205e-03 
 1.17000000e+00  2.88697301e-03 
 1.18000000e+00  2.88353043e-03 
 1.19000000e+00  2.88010416e-03 
 1.20000000e+00  2.87669410e-03 
 1.21000000e+00  2.87330014e-03 
 1.22000000e+00  2.86992217e-03 
 1.23000000e+00  2.86656013e-03 
 1.24000000e+00  2.86321393e-03 
 1.25000000e+00  2.85988354e-03 
 1.26000000e+00  2.85661983e-03 
 1.27000000e+00  2.85332280e-03 
 1.28000000e+00  2.85004253e-03 
 1.29000000e+00  2.84677796e-03 
 1.30000000e+00  2.84352963e-03 
 1.31000000e+00  2.84029778e-03 
 1.32000000e+00  2.83708273e-03 
 1.33000000e+00  2.83388491e-03 
 1.34000000e+00  2.83070488e-03 
 1.35000000e+00  2.82754331e-03 
 1.36000000e+00  2.82440104e-03 
 1.37000000e+00  2.82127906e-03 
 1.38000000e+00  2.81817857e-03 
 1.39000000e+00  2.81510100e-03 
 1.40000000e+00  2.81204800e-03 
 1.41000000e+00  2.80902151e-03 
 1.42000000e+00  2.80602374e-03 
 1.43000000e+00  2.80305725e-03 
 1.44000000e+00  2.80012495e-03 
 1.45000000e+00  2.79723012e-03 
 1.46000000e+00  2.79437646e-03 
 1.47000000e+00  2.79156813e-03 
 1.48000000e+00  2.78875450e-03 
 1.49000000e+00  2.78604840e-03 
 1.50000000e+00  2.78340402e-03 
 1.51000000e+00  2.78082607e-03 
 1.52000000e+00  2.77832176e-03 
 1.53000000e+00  2.77589850e-03 
 1.54000000e+00  2.77356432e-03 
 1.55000000e+00  2.77132789e-03 
 1.56000000e+00  2.76919854e-03 
 1.57000000e+00  2.76718627e-03 
 1.58000000e+00  2.76530177e-03 
 1.59000000e+00  2.76355640e-03 
 1.60000000e+00  2.76196222e-03 
