 temp-sweep             v(vref)                i(vload)               i(vdd)                 v(vbe)                 v(dvbe)                v(pbias)               v(pcasc)               v(xbgr.c2)             v(xbgr.vbe3)           v(xbgr.vd1)            v(xbgr.vd2)           
-4.000000000000000e+01  1.044030466466743e+00  3.208816503954184e-06 -2.482535381888587e-04  7.806566507070345e-01  4.232475622948698e-02  2.312058404479123e+00  1.901424598586438e+00  8.436435339350984e-01  7.806744730505962e-01  1.561348835311029e+00  7.806744176533599e-01 
-3.500000000000000e+01  1.044218158426305e+00  3.278222852052138e-06 -2.536108216846365e-04  7.749931732832140e-01  4.326692574374302e-02  2.311201928361254e+00  1.891447793124637e+00  8.386812678210138e-01  7.750123998244975e-01  1.550024687602515e+00  7.750123437987797e-01 
-3.000000000000000e+01  1.044392023042420e+00  3.347585820613638e-06 -2.589649421107398e-04  7.693073667375713e-01  4.421055746899318e-02  2.310375239410651e+00  1.881487641261349e+00  8.337313327430668e-01  7.693280499540120e-01  1.538655986614508e+00  7.693279933050382e-01 
-2.500000000000000e+01  1.044552279836789e+00  3.416901774872354e-06 -2.643156221129635e-04  7.635994138521212e-01  4.515565508244193e-02  2.309578171343395e+00  1.871543918060919e+00  8.287931539592190e-01  7.636216051114340e-01  1.527243095694276e+00  7.636215478445295e-01 
-2.000000000000000e+01  1.044699139553838e+00  3.486167096895389e-06 -2.696625855155141e-04  7.578694884928302e-01  4.610222216456997e-02  2.308810578491340e+00  1.861616418956010e+00  8.238662087638864e-01  7.578932379864103e-01  1.515786360222303e+00  7.578931801087094e-01 
-1.500000000000000e+01  1.044832805346461e+00  3.555378193796093e-06 -2.750055581543500e-04  7.521177562409469e-01  4.705026226925744e-02  2.308072333882446e+00  1.851704956761350e+00  8.189500236526603e-01  7.521431128531176e-01  1.504286108743857e+00  7.521430543694713e-01 
-1.000000000000000e+01  1.044953473695991e+00  3.624531500903000e-06 -2.803442679483775e-04  7.463443749467369e-01  4.799977896827766e-02  2.307363327666422e+00  1.841809359909435e+00  8.140441719227850e-01  7.463713862785180e-01  1.492742654403971e+00  7.463713271995402e-01 
-5.000000000000000e+00  1.045061335425425e+00  3.693623488626999e-06 -2.856784455429079e-04  7.405494953887836e-01  4.895077599740365e-02  2.306683465517852e+00  1.831929469963173e+00  8.091482710088024e-01  7.405782076297613e-01  1.481156295941173e+00  7.405781479680569e-01 
 0.000000000000000e+00  1.045156575934729e+00  3.762650660852314e-06 -2.910078240794035e-04  7.347332615714083e-01  4.990325717643867e-02  2.306032667520804e+00  1.822065140805621e+00  8.042619798081774e-01  7.347637194792397e-01  1.469527318486119e+00  7.347636592403480e-01 
 5.000000000000000e+00  1.045239374663746e+00  3.831609545270674e-06 -2.963321386019067e-04  7.288958110248900e-01  5.085722635414934e-02  2.305410867505174e+00  1.812216239362847e+00  7.993849957567594e-01  7.289280579198643e-01  1.457855994240485e+00  7.289279971172782e-01 
 1.000000000000000e+01  1.045309907131881e+00  3.900496712908231e-06 -3.016511274604703e-04  7.230372754091040e-01  5.181268757352769e-02  2.304818011213362e+00  1.802382641372940e+00  7.945170531809549e-01  7.230713530459115e-01  1.446142583392136e+00  7.230712916933124e-01 
 1.500000000000000e+01  1.045368343118253e+00  3.969308754384353e-06 -3.069645303495394e-04  7.171577805056752e-01  5.276964484675906e-02  2.304254056437061e+00  1.792564234618272e+00  7.896579200188909e-01  7.171937291285693e-01  1.434387334479459e+00  7.171936672359467e-01 
 2.000000000000000e+01  1.045414848247725e+00  4.038042294942143e-06 -3.122720895743120e-04  7.112574467475202e-01  5.372810230433052e-02  2.303718971539379e+00  1.782760915690859e+00  7.848073963692920e-01  7.112953050167863e-01  1.422590485213871e+00  7.112952426020148e-01 
 2.500000000000000e+01  1.045449584133310e+00  4.106693993367891e-06 -3.175735501245544e-04  7.053363893983494e-01  5.468806411853084e-02  2.303212734755430e+00  1.772972589632172e+00  7.799653122387505e-01  7.053761944140760e-01  1.410752262992770e+00  7.053761314890762e-01 
 3.000000000000000e+01  1.045472708387773e+00  4.175260539579243e-06 -3.228686591375204e-04  6.993947189248754e-01  5.564953458108614e-02  2.302735333614561e+00  1.763199169778290e+00  7.751315256500416e-01  6.994365061287475e-01  1.398872885432388e+00  6.994364427049298e-01 
 3.500000000000000e+01  1.045484374462477e+00  4.243738650625318e-06 -3.281571656404462e-04  6.934325410798985e-01  5.661251798441963e-02  2.302286764485652e+00  1.753440578082925e+00  7.703059206504086e-01  6.934763442924163e-01  1.386952560800834e+00  6.934762803810157e-01 
 4.000000000000000e+01  1.045484734764753e+00  4.312125103430323e-06 -3.334388233799688e-04  6.874499573892023e-01  5.757701879686125e-02  2.301867030577976e+00  1.743696739322418e+00  7.654884069567651e-01  6.874958088036865e-01  1.374991488890117e+00  6.874957444108438e-01 
 4.500000000000000e+01  1.045473937315538e+00  4.380416695479481e-06 -3.387133870275248e-04  6.814470650967305e-01  5.854304147582846e-02  2.301476143132438e+00  1.733967587616366e+00  7.606789166644403e-01  6.814949952863895e-01  1.362989860935682e+00  6.814949304077391e-01 
 5.000000000000000e+01  1.045452131460938e+00  4.448610306730008e-06 -3.439806175741795e-04  6.754239578219484e-01  5.951059077469602e-02  2.301114118228277e+00  1.724253056098977e+00  7.558774055336126e-01  6.754739956903908e-01  1.350947860823330e+00  6.754739303040608e-01 
 5.500000000000000e+01  1.045419466895471e+00  4.516702887029229e-06 -3.492402807632735e-04  6.693807255540185e-01  6.047967160629227e-02  2.300780976887137e+00  1.714553079313056e+00  7.510838508770967e-01  6.694328983944137e-01  1.338865665281657e+00  6.694328324478995e-01 
 6.000000000000000e+01  1.045376098018633e+00  4.584691502904249e-06 -3.544921504114163e-04  6.633174552148130e-01  6.145028930259944e-02  2.300476742603121e+00  1.704867586220343e+00  7.462982523414360e-01  6.633717886786550e-01  1.326743444814403e+00  6.633717220629417e-01 
 6.500000000000000e+01  1.045322187105335e+00  4.652573371191165e-06 -3.597360110589187e-04  6.572342309063079e-01  6.242244966770802e-02  2.300201439465335e+00  1.695196495552066e+00  7.415206320922074e-01  6.572907490965770e-01  1.314581364427621e+00  6.572906816026710e-01 
 7.000000000000000e+01  1.045257913869912e+00  4.720345963727456e-06 -3.649716650878679e-04  6.511311347968795e-01  6.339615946791763e-02  2.299955087167036e+00  1.685539700195819e+00  7.367510381037967e-01  6.511898602890093e-01  1.302379585244386e+00  6.511897915453526e-01 
 7.500000000000000e+01  1.045183482765955e+00  4.788007086532406e-06 -3.701989384479797e-04  6.450082476334227e-01  6.437142667264577e-02  2.299737697120242e+00  1.675897056876873e+00  7.319895463911068e-01  6.450692016089213e-01  1.290138265698411e+00  6.450691309695626e-01 
 8.000000000000000e+01  1.045099143431008e+00  4.855555104490321e-06 -3.754176966071326e-04  6.388656502581149e-01  6.534826138766073e-02  2.299549262104636e+00  1.666268351997412e+00  7.272362693633476e-01  6.389288526663245e-01  1.277857564531765e+00  6.389287790150195e-01 
 8.500000000000000e+01  1.045005212985616e+00  4.922989185648070e-06 -3.806278621683984e-04  6.327034251076038e-01  6.632667677538441e-02  2.299389744951648e+00  1.656653266013023e+00  7.224913651603910e-01  6.327688949610877e-01  1.265537644013656e+00  6.327688164431112e-01 
 9.000000000000000e+01  1.044902110875765e+00  4.990309683567274e-06 -3.858294424745353e-04  6.265216585628391e-01  6.730669055391014e-02  2.299259060992142e+00  1.647051315258786e+00  7.177550523494568e-01  6.265894143597579e-01  1.253178674660138e+00  6.265893279071361e-01 
 9.500000000000000e+01  1.044790410738855e+00  5.057518706108572e-06 -3.910225714121511e-04  6.203204442897282e-01  6.828832717809365e-02  2.299157051973229e+00  1.637461761659180e+00  7.130276321899937e-01  6.203905047146692e-01  1.240780842259405e+00  6.203904053423048e-01 
 1.000000000000000e+02  1.044670906252723e+00  5.124620835896310e-06 -3.962075633610971e-04  6.140998873396558e-01  6.927162053040715e-02  2.299083452924888e+00  1.627883492808106e+00  7.083095166238196e-01  6.141722723646700e-01  1.228344356449223e+00  6.141721520590459e-01 
 1.050000000000000e+02  1.044544698219715e+00  5.191624082368383e-06 -4.013849863634786e-04  6.078601095009969e-01  7.025661746511470e-02  2.299037848276163e+00  1.618314852813322e+00  7.036012642977357e-01  6.079348419916646e-01  1.215869461921967e+00  6.079346880618290e-01 
 1.100000000000000e+02  1.044413310235522e+00  5.258541144303192e-06 -4.065557617001875e-04  6.016012561010737e-01  7.124338233902477e-02  2.299019613535078e+00  1.608753402919488e+00  6.989036273790457e-01  6.016783642835605e-01  1.203356452831995e+00  6.016781568326625e-01 
 1.150000000000000e+02  1.044278837940424e+00  5.325391036892232e-06 -4.117212950390409e-04  5.953235044834320e-01  7.223200267088713e-02  2.299027839890961e+00  1.599195598317375e+00  6.942176105414484e-01  5.954030256597674e-01  1.190805691068112e+00  5.954027338571640e-01 
 1.200000000000000e+02  1.044144174483769e+00  5.392201549741095e-06 -4.168836727309195e-04  5.890270770261715e-01  7.322259788699145e-02  2.299061220348205e+00  1.589636305041947e+00  6.895445612492855e-01  5.891090629886800e-01  1.178217633935051e+00  5.891086395877005e-01 
 1.250000000000000e+02  1.044013347352542e+00  5.459012917771104e-06 -4.220459515384547e-04  5.827122607136748e-01  7.421533248614176e-02  2.299117879420418e+00  1.580068103088728e+00  6.848863066851839e-01  5.827967856322469e-01  1.165592875714258e+00  5.827961589784407e-01 
