 temp-sweep             v(vref)                i(vload)               i(vdd)                 v(vbe)                 v(dvbe)                v(pbias)               v(pcasc)               v(xbgr.c2)             v(xbgr.vbe3)           v(xbgr.vd1)            v(xbgr.vd2)           
-4.000000000000000e+01  1.043175104653733e+00  3.209802777652489e-06 -1.719193280884532e-05  7.808123235903626e-01  4.220190885079531e-02  2.312411211918574e+00  1.904207175250899e+00  8.453638176677081e-01  7.846478148897449e-01  1.563842282339007e+00  7.816419241869118e-01 
-3.500000000000000e+01  1.043269098343678e+00  3.278550424632161e-06 -1.754835810422658e-05  7.751493806202789e-01  4.313936071002451e-02  2.311586756226439e+00  1.894335558625572e+00  8.404205934876942e-01  7.790688616170293e-01  1.552563573131594e+00  7.759963429412383e-01 
-3.000000000000000e+01  1.043348528771190e+00  3.347248845827062e-06 -1.790472043309156e-05  7.694640844493021e-01  4.407825051891920e-02  2.310792358288945e+00  1.884481136935022e+00  8.354894173384151e-01  7.734677247909778e-01  1.541240301187541e+00  7.703284699214356e-01 
-2.500000000000000e+01  1.043413657335771e+00  3.415894845261645e-06 -1.826100607447921e-05  7.637566195391934e-01  4.501858308296552e-02  2.310027848535935e+00  1.874643671493792e+00  8.305697378492962e-01  7.678445893058273e-01  1.529872835703450e+00  7.646384897201991e-01 
-2.000000000000000e+01  1.043464734171434e+00  3.484485220501957e-06 -1.861720128859455e-05  7.580271613755369e-01  4.596036307134202e-02  2.309293077896479e+00  1.864822943907821e+00  8.256610542485018e-01  7.621996310359390e-01  1.518461527778338e+00  7.589265778633668e-01 
-1.500000000000000e+01  1.043501998421017e+00  3.553016759246956e-06 -1.897329229737373e-05  7.522758769253859e-01  4.690359496682753e-02  2.308587916466706e+00  1.855018755426042e+00  8.207629129338004e-01  7.565330173945599e-01  1.507006711138533e+00  7.531929011816028e-01 
-1.000000000000000e+01  1.043525680129027e+00  3.621486258636992e-06 -1.932926537853044e-05  7.465029254377017e-01  4.784828328031776e-02  2.307912251325455e+00  1.845230922729390e+00  8.158749055910496e-01  7.508449076807979e-01  1.495508703667577e+00  7.474376186074836e-01 
-5.000000000000000e+00  1.043536000776975e+00  3.689890524170381e-06 -1.968510685672694e-05  7.407084588992300e-01  4.879443255672233e-02  2.307265985354965e+00  1.835459276963394e+00  8.109966665016523e-01  7.451354537091225e-01  1.483967808474881e+00  7.416608816870558e-01 
 0.000000000000000e+00  1.043533174314794e+00  3.758226375919502e-06 -2.004080313445716e-05  7.348926224789288e-01  4.974204739563821e-02  2.306649035851104e+00  1.825703662141129e+00  8.061278701814873e-01  7.394048003447872e-01  1.472384314796728e+00  7.358628350298516e-01 
 5.000000000000000e+00  1.043517406944052e+00  3.826490642027509e-06 -2.039634065376711e-05  7.290555548476170e-01  5.069113240864852e-02  2.306061333794741e+00  1.815963935077311e+00  8.012682285605309e-01  7.336530858450250e-01  1.460758498681654e+00  7.300436166519725e-01 
 1.000000000000000e+01  1.043488898042540e+00  3.894680165190175e-06 -2.075170592781016e-05  7.231973885786178e-01  5.164169224967189e-02  2.305502822637605e+00  1.806239963863472e+00  7.964174888951742e-01  7.278804422568270e-01  1.449090623780718e+00  7.242033583705453e-01 
 1.500000000000000e+01  1.043447840297191e+00  3.962791800774212e-06 -2.110688552746270e-05  7.173182504387392e-01  5.259373158821924e-02  2.304973457543366e+00  1.796531627543910e+00  7.915754314302202e-01  7.220869957352363e-01  1.437380941986265e+00  7.183421861235370e-01 
 2.000000000000000e+01  1.043394420324186e+00  4.030822420613572e-06 -2.146186609825256e-05  7.114182617248463e-01  5.354725512921420e-02  2.304473204452263e+00  1.786838815003771e+00  7.867418674104544e-01  7.162728668744218e-01  1.425629694086846e+00  7.124602202972293e-01 
 2.500000000000000e+01  1.043328818757474e+00  4.098768910930600e-06 -2.181663434481928e-05  7.054975385161272e-01  5.450226758965596e-02  2.304002039466112e+00  1.777161424695219e+00  7.819166369756422e-01  7.104381709799185e-01  1.413837110313238e+00  7.065575759984468e-01 
 3.000000000000000e+01  1.043251210875273e+00  4.166628176803733e-06 -2.217117705144212e-05  6.995561919663302e-01  5.545877371561855e-02  2.303559948016337e+00  1.767499363629409e+00  7.770996074465304e-01  7.045830183639830e-01  1.402003410925147e+00  7.006343633485768e-01 
 3.500000000000000e+01  1.043161767263007e+00  4.234397147098289e-06 -2.252548110309760e-05  6.935943285720145e-01  5.641677829449449e-02  2.303146924055138e+00  1.757852546410608e+00  7.722906717618470e-01  6.987075146253958e-01  1.390128806773457e+00  6.946906877639230e-01 
 4.000000000000000e+01  1.043060654218276e+00  4.302072776810457e-06 -2.287953349139066e-05  6.876120504094836e-01  5.737628615737856e-02  2.302762969425250e+00  1.748220894454958e+00  7.674897468766012e-01  6.928117608958024e-01  1.378213499783923e+00  6.887266501968293e-01 
 4.500000000000000e+01  1.042948034760904e+00  4.369652056217098e-06 -2.323332135808102e-05  6.816094554027048e-01  5.833730221212417e-02  2.302408092959756e+00  1.738604334499615e+00  7.626967725738255e-01  6.868958541154995e-01  1.366257683507957e+00  6.827423474105939e-01 
 5.000000000000000e+01  1.042824069948739e+00  4.437132023965679e-06 -2.358683205316346e-05  6.755866375964892e-01  5.929983148915272e-02  2.302082309460192e+00  1.729002796688649e+00  7.579117105635375e-01  6.809598873185208e-01  1.354261543689357e+00  6.767378722606039e-01 
 5.500000000000000e+01  1.042688920587370e+00  4.504509784347368e-06 -2.394005321667260e-05  6.695436874392418e-01  6.026387920240069e-02  2.301785638519836e+00  1.719416211771190e+00  7.531345438136552e-01  6.750039499327121e-01  1.342225258853672e+00  6.707133139862989e-01 
 6.000000000000000e+01  1.042542750318977e+00  4.571782540729584e-06 -2.429297293565420e-05  6.634806921558545e-01  6.122945087872960e-02  2.301518102666095e+00  1.709844506525814e+00  7.483652766935259e-01  6.690281281678815e-01  1.330149001072945e+00  6.646687585890741e-01 
 6.500000000000000e+01  1.042385729660758e+00  4.638947639312838e-06 -2.464557995278219e-05  6.573977361563181e-01  6.219655251881553e-02  2.301279725065412e+00  1.700287597252915e+00  7.436039356114081e-01  6.630325054587856e-01  1.318032936830811e+00  6.586042892561864e-01 
 7.000000000000000e+01  1.042218042984551e+00  4.706002646458795e-06 -2.499786403531974e-05  6.512949016419645e-01  6.316519089798787e-02  2.301070525756539e+00  1.690745378836505e+00  7.388505711504674e-01  6.570171631081199e-01  1.305877228275299e+00  6.525199869744566e-01 
 7.500000000000000e+01  1.042039898428737e+00  4.772945458670570e-06 -2.534981650303451e-05  6.451722693760372e-01  6.413537398425720e-02  2.300890516424784e+00  1.681217708598290e+00  7.341052616227880e-01  6.509821811251504e-01  1.293682034842703e+00  6.464159313211041e-01 
 8.000000000000000e+01  1.041851543669927e+00  4.839774478859786e-06 -2.570143107516871e-05  6.390299198256554e-01  6.510711161293492e-02  2.300739692215431e+00  1.671704380542213e+00  7.293681194589527e-01  6.449276394687057e-01  1.281447515663183e+00  6.402922016331429e-01 
 8.500000000000000e+01  1.041653288813785e+00  4.906488871742184e-06 -2.605270510401039e-05  6.328679347446343e-01  6.608041646368848e-02  2.300618019945225e+00  1.662205087211529e+00  7.246393008841540e-01  6.388536197797369e-01  1.269173832895936e+00  6.341488786230364e-01 
 9.000000000000000e+01  1.041445540213950e+00  4.973088941699676e-06 -2.640364140428524e-05  6.266863994292142e-01  6.705530549739946e-02  2.300525420751115e+00  1.652719361879405e+00  7.199190206044452e-01  6.327602078695891e-01  1.256861156502801e+00  6.279860466846530e-01 
 9.500000000000000e+01  1.041228848020894e+00  5.039576663589185e-06 -2.675425084617950e-05  6.204854057934255e-01  6.803180195033361e-02  2.300461745705114e+00  1.643246494819585e+00  7.152075726024971e-01  6.266474971487912e-01  1.244509670808881e+00  6.218037970513803e-01 
 1.000000000000000e+02  1.041003971311012e+00  5.105956408723783e-06 -2.710455593414151e-05  6.142650564778623e-01  6.900993803053802e-02  2.300426742423776e+00  1.633785413257002e+00  7.105053584095397e-01  6.205155932520015e-01  1.232119583294394e+00  6.156022320069503e-01 
 1.050000000000000e+02  1.040771964033780e+00  5.172235901683683e-06 -2.745459559432588e-05  6.080254700773019e-01  6.998975837368994e-02  2.300420010928724e+00  1.624334514016571e+00  7.058129237739963e-01  6.143646200527305e-01  1.219691135950376e+00  6.093814702898031e-01 
 1.100000000000000e+02  1.040534286691349e+00  5.238427461282618e-06 -2.780443148354066e-05  6.017667877120896e-01  7.097132440962768e-02  2.300440946226039e+00  1.614891431582728e+00  7.011310050866266e-01  6.081947273704413e-01  1.207224619699196e+00  6.031416538991335e-01 
 1.150000000000000e+02  1.040292955689004e+00  5.304549658344246e-06 -2.815415652174600e-05  5.954891815619912e-01  7.195472005762533e-02  2.300488661402566e+00  1.605452714135871e+00  6.964605903086076e-01  6.020061011622223e-01  1.194720393340352e+00  5.968829569824836e-01 
 1.200000000000000e+02  1.040050757143560e+00  5.370629688046562e-06 -2.850390709813188e-05  5.891928670247105e-01  7.294005987303720e-02  2.300561877452555e+00  1.596013358087480e+00  6.918030062759193e-01  5.957989780590998e-01  1.182178910550749e+00  5.906055984927691e-01 
 1.250000000000000e+02  1.039811567761402e+00  5.436706928873397e-06 -2.885388121339315e-05  5.828781212055434e-01  7.392750147157286e-02  2.300658757798223e+00  1.586566129147613e+00  6.871600518621208e-01  5.895736672286122e-01  1.169600760665061e+00  5.843098613798929e-01 
