 temp-sweep             v(vref)                i(vload)               i(vdd)                 v(vbe)                 v(dvbe)                v(pbias)               v(pcasc)               v(xbgr.c2)             v(xbgr.vbe3)           v(xbgr.vd1)            v(xbgr.vd2)           
-4.000000000000000e+01  1.033908000361996e+00  3.109872177692075e-06 -1.672836564255023e-05  7.780810477240760e-01  4.100770837467021e-02  2.316268078170252e+00  1.916462422231533e+00  8.419387686693436e-01  7.823499683188772e-01  1.561993536902012e+00  7.797173839926180e-01 
-3.500000000000000e+01  1.033926850248366e+00  3.177784307758130e-06 -1.708110385366620e-05  7.723667105062675e-01  4.192492688575512e-02  2.315473653927242e+00  1.906745593076336e+00  8.369539017254197e-01  7.767294653554304e-01  1.550692314903761e+00  7.740382389645211e-01 
-3.000000000000000e+01  1.033932065593254e+00  3.245659612129755e-06 -1.743383504226701e-05  7.666300099912733e-01  4.284360042734249e-02  2.314709542275562e+00  1.897045918198970e+00  8.319817852473651e-01  7.710867867247799e-01  1.539346642422183e+00  7.683368210510622e-01 
-2.500000000000000e+01  1.033923832576168e+00  3.313494152211107e-06 -1.778654197741309e-05  7.608711251462302e-01  4.376373009156453e-02  2.313975570706658e+00  1.887363192053076e+00  8.270218237631175e-01  7.654221118097368e-01  1.527956878044411e+00  7.626133095089765e-01 
-2.000000000000000e+01  1.033902330572245e+00  3.381284027605336e-06 -1.813920761417659e-05  7.550902261459429e-01  4.468531695861401e-02  2.313271587783729e+00  1.877697228793749e+00  8.220734750787531e-01  7.597356112777750e-01  1.516523362706618e+00  7.568678746582654e-01 
-1.500000000000000e+01  1.033867734077839e+00  3.449025394461531e-06 -1.849181518568379e-05  7.492874753155765e-01  4.560836237244652e-02  2.312597460666715e+00  1.868047857304890e+00  8.171362478785978e-01  7.540274475793712e-01  1.505046421001454e+00  7.511006786937612e-01 
-1.000000000000000e+01  1.033820213582429e+00  3.516714469122603e-06 -1.884434821965461e-05  7.434630276500940e-01  4.653286796477745e-02  2.311953073421794e+00  1.858414919309959e+00  8.122096991226776e-01  7.482977755542165e-01  1.493526362441320e+00  7.453118763313363e-01 
-5.000000000000000e+00  1.033759935254576e+00  3.584347518736673e-06 -1.919679048871470e-05  7.376170311781018e-01  4.745883559975186e-02  2.311338326052462e+00  1.848798269156765e+00  8.072934309000815e-01  7.425467429423569e-01  1.481963482352302e+00  7.395016151949751e-01 
 0.000000000000000e+00  1.033687061561298e+00  3.651920863928266e-06 -1.954912602519001e-05  7.317496273841654e-01  4.838626737964533e-02  2.310753133117377e+00  1.839197772448800e+00  8.023870878676237e-01  7.367744908172376e-01  1.470358062731088e+00  7.336700362447384e-01 
 5.000000000000000e+00  1.033601751049239e+00  3.719430872584569e-06 -1.990133908583005e-05  7.258609515335315e-01  4.931516560583941e-02  2.310197422850027e+00  1.829613305717746e+00  7.974903544107482e-01  7.309811539247920e-01  1.458710372926780e+00  7.278172741176798e-01 
 1.000000000000000e+01  1.033504158734230e+00  3.786873960734383e-06 -2.025341415476175e-05  7.199511330234143e-01  5.024553277576406e-02  2.309671136072366e+00  1.820044755403118e+00  7.926029522766570e-01  7.251668610436308e-01  1.447020670359378e+00  7.219434574867237e-01 
 1.500000000000000e+01  1.033394436039583e+00  3.854246588552102e-06 -2.060533592169873e-05  7.140202956747399e-01  5.117737155730740e-02  2.309174225407779e+00  1.810492017492496e+00  7.877246381008686e-01  7.193317352869224e-01  1.435289201126871e+00  7.160487093643204e-01 
 2.000000000000000e+01  1.033272731036679e+00  3.921545260207542e-06 -2.095708927924979e-05  7.080685580227543e-01  5.211068477720594e-02  2.308706654416961e+00  1.800954996801421e+00  7.828552012171925e-01  7.134758944067202e-01  1.423516200603732e+00  7.101331474015888e-01 
 2.500000000000000e+01  1.033139188646572e+00  3.988766523313223e-06 -2.130865931661496e-05  7.020960335971538e-01  5.304547541701649e-02  2.308268396820313e+00  1.791433606218749e+00  7.779944616081056e-01  7.075994510747450e-01  1.411701894014092e+00  7.041968841745423e-01 
 3.000000000000000e+01  1.032993950814904e+00  4.055906968445795e-06 -2.166003131504631e-05  6.961028311640379e-01  5.398174659595848e-02  2.307859435790091e+00  1.781927766318886e+00  7.731422679311735e-01  7.017025131435204e-01  1.399846496942042e+00  6.982400274394492e-01 
 3.500000000000000e+01  1.032837156908060e+00  4.122963231244982e-06 -2.201119075575989e-05  6.900890549883594e-01  5.491950157937094e-02  2.307479763184428e+00  1.772437404379479e+00  7.682984958104877e-01  6.957851839076918e-01  1.387950215861316e+00  6.922626803966017e-01 
 4.000000000000000e+01  1.032668944083056e+00  4.189931994491995e-06 -2.236212332664060e-05  6.840548050636540e-01  5.585874377616483e-02  2.307129378850502e+00  1.762962453538943e+00  7.634630462002635e-01  6.898475623475415e-01  1.376013248618326e+00  6.862649419318563e-01 
 4.500000000000000e+01  1.032489448035089e+00  4.256809994401380e-06 -2.271281495067514e-05  6.780001773620846e-01  5.679947675960539e-02  2.306808289774404e+00  1.753502851606163e+00  7.586358440614771e-01  6.838897433864409e-01  1.364035784940791e+00  6.802469068694628e-01 
 5.000000000000000e+01  1.032298803988149e+00  4.323594030156735e-06 -2.306325182875032e-05  6.719252640837504e-01  5.774170429687177e-02  2.306516509151778e+00  1.744058539126816e+00  7.538168372649169e-01  6.779118181528395e-01  1.352018006964848e+00  6.742086662338193e-01 
 5.500000000000000e+01  1.032097148415581e+00  4.390280981316167e-06 -2.341342052399114e-05  6.658301539518088e-01  5.868543041759141e-02  2.306254055128862e+00  1.734629456558258e+00  7.490059959139762e-01  6.719138742820947e-01  1.339960089824685e+00  6.681503075409532e-01 
 6.000000000000000e+01  1.031884621534537e+00  4.456867834348396e-06 -2.376330808621143e-05  6.597149325359732e-01  5.963065950908476e-02  2.306020949184631e+00  1.725215540138714e+00  7.442033121636689e-01  6.658959962637229e-01  1.327862202342954e+00  6.620719151387429e-01 
 6.500000000000000e+01  1.031661371360685e+00  4.523351726568115e-06 -2.411290226491114e-05  6.535796826775557e-01  6.057739648704637e-02  2.305817213751074e+00  1.715816714899915e+00  7.394088008164409e-01  6.598582658886062e-01  1.315724507901617e+00  6.559735706331983e-01 
 7.000000000000000e+01  1.031427559936033e+00  4.589730014506804e-06 -2.446219183939745e-05  6.474244850483004e-01  6.152564706184845e-02  2.305642868760719e+00  1.706432884291610e+00  7.346225010387041e-01  6.538007628422243e-01  1.303547165601993e+00  6.498553534542187e-01 
 7.500000000000000e+01  1.031183373335022e+00  4.656000384510041e-06 -2.481116715661972e-05  6.412494189500497e-01  6.247541817273678e-02  2.305497926294637e+00  1.697063913157159e+00  7.298444798887701e-01  6.477235655571516e-01  1.291330331924872e+00  6.437173416626858e-01 
 8.000000000000000e+01  1.030929036338329e+00  4.722161015378249e-06 -2.515982092199552e-05  6.350545634003795e-01  6.342671861883653e-02  2.305382382862854e+00  1.687709602450384e+00  7.250748380225392e-01  6.416267523882048e-01  1.279074163002250e+00  6.375596130496448e-01 
 8.500000000000000e+01  1.030664835580049e+00  4.788210835285112e-06 -2.550814945163128e-05  6.288399987810191e-01  6.437956007202557e-02  2.305296207385489e+00  1.678369649135386e+00  7.203137193465325e-01  6.355104033806193e-01  1.266778818044231e+00  6.313822467930421e-01 
 9.000000000000000e+01  1.030391153570208e+00  4.854149899450008e-06 -2.585615452026781e-05  6.226058091750541e-01  6.533395855632275e-02  2.305239323588846e+00  1.669043586386103e+00  7.155613255921285e-01  6.293746027982705e-01  1.254444464213312e+00  6.251853258064131e-01 
 9.500000000000000e+01  1.030108518230136e+00  4.919979939765399e-06 -2.620384605686310e-05  6.163520856832996e-01  6.628993658652729e-02  2.305211584444596e+00  1.659730694791068e+00  7.108179377951795e-01  6.232194427343506e-01  1.242071283577194e+00  6.189689400812209e-01 
 1.000000000000000e+02  1.029817673931606e+00  4.985705151872176e-06 -2.655124603093820e-05  6.100789311053904e-01  6.724752622560481e-02  2.305212735519479e+00  1.650429871837397e+00  7.060839471928243e-01  6.170450282196988e-01  1.229659482918710e+00  6.127331913904257e-01 
 1.050000000000000e+02  1.029519678833905e+00  5.051333272514650e-06 -2.689839381309068e-05  6.037864662150547e-01  6.820677321280401e-02  2.305242364700580e+00  1.641139446630048e+00  7.013598971324115e-01  6.108514841375249e-01  1.217209306963584e+00  6.064781996021960e-01 
 1.100000000000000e+02  1.029216037621658e+00  5.116877045813480e-06 -2.724535354681886e-05  5.974748381557387e-01  6.916774251567011e-02  2.305299833570347e+00  1.631856917438032e+00  6.966465395039574e-01  6.046389645595061e-01  1.204721056158970e+00  6.002041111290115e-01 
 1.150000000000000e+02  1.028908878747635e+00  5.182356178640759e-06 -2.759222408165061e-05  5.911442314210511e-01  7.013052561643281e-02  2.305384185587742e+00  1.622578586001941e+00  6.919449087648389e-01  5.984076650868975e-01  1.192195110071508e+00  5.939111099872234e-01 
 1.200000000000000e+02  1.028601199822339e+00  5.247800044063793e-06 -2.793915278335287e-05  5.847948828889502e-01  7.109525051651959e-02  2.305494018826632e+00  1.613299040899063e+00  6.872564235084875e-01  5.921578398329503e-01  1.179631959498481e+00  5.875994329332853e-01 
 1.250000000000000e+02  1.028297217990843e+00  5.313251538178356e-06 -2.828635520471887e-05  5.784271032390199e-01  7.206209601955922e-02  2.305627304039119e+00  1.604010420850611e+00  6.825830317315978e-01  5.858898256259080e-01  1.167032252237073e+00  5.812693910411750e-01 
