 frequency                ac_re                    ac_im                   
 1.00000000000000000e+00  1.99834448021651561e+01 -9.41300460274732096e-06 
 1.02329299228075410e+00  1.99834448021650601e+01 -9.63226164629780840e-06 
 1.04712854805089939e+00  1.99834448021649642e+01 -9.85662584247118001e-06 
 1.07151930523760619e+00  1.99834448021648470e+01 -1.00862161521341262e-05 
 1.09647819614318465e+00  1.99834448021647226e+01 -1.03211543071079187e-05 
 1.12201845430196312e+00  1.99834448021646125e+01 -1.05615648747117957e-05 
 1.14815362149688238e+00  1.99834448021644810e+01 -1.08075753238110493e-05 
 1.17489755493952908e+00  1.99834448021643460e+01 -1.10593160924023056e-05 
 1.20226443461741250e+00  1.99834448021642075e+01 -1.13169206567730247e-05 
 1.23026877081238117e+00  1.99834448021640654e+01 -1.15805256022730248e-05 
 1.25892541179416684e+00  1.99834448021639197e+01 -1.18502706957338507e-05 
 1.28824955169313360e+00  1.99834448021637598e+01 -1.21262989595743040e-05 
 1.31825673855640679e+00  1.99834448021635893e+01 -1.24087567476340647e-05 
 1.34896288259165331e+00  1.99834448021634188e+01 -1.26977938227702118e-05 
 1.38038426460288455e+00  1.99834448021632269e+01 -1.29935634362667192e-05 
 1.41253754462275394e+00  1.99834448021630386e+01 -1.32962224090871488e-05 
 1.44543977074592700e+00  1.99834448021628361e+01 -1.36059312150251136e-05 
 1.47910838816820678e+00  1.99834448021626230e+01 -1.39228540657890636e-05 
 1.51356124843620754e+00  1.99834448021624134e+01 -1.42471589980697975e-05 
 1.54881661891248057e+00  1.99834448021621895e+01 -1.45790179626342865e-05 
 1.58489319246111271e+00  1.99834448021619409e+01 -1.49186069154989756e-05 
 1.62181009735892911e+00  1.99834448021616815e+01 -1.52661059112211410e-05 
 1.65958690743755977e+00  1.99834448021614151e+01 -1.56216991983683811e-05 
 1.69824365246174347e+00  1.99834448021611450e+01 -1.59855753172081465e-05 
 1.73780082874937447e+00  1.99834448021608466e+01 -1.63579271996753375e-05 
 1.77827941003892165e+00  1.99834448021605304e+01 -1.67389522716665145e-05 
 1.81970085860998210e+00  1.99834448021602249e+01 -1.71288525577181308e-05 
 1.86208713666286596e+00  1.99834448021598838e+01 -1.75278347881233184e-05 
 1.90546071796324568e+00  1.99834448021595357e+01 -1.79361105085410005e-05 
 1.94984459975804381e+00  1.99834448021591697e+01 -1.83538961921633252e-05 
 1.99526231496887796e+00  1.99834448021587825e+01 -1.87814133544890669e-05 
 2.04173794466952740e+00  1.99834448021583775e+01 -1.92188886707767721e-05 
 2.08929613085403743e+00  1.99834448021579547e+01 -1.96665540962296343e-05 
 2.13796208950222999e+00  1.99834448021575142e+01 -2.01246469889821603e-05 
 2.18776162394955032e+00  1.99834448021570594e+01 -2.05934102359493579e-05 
 2.23872113856833721e+00  1.99834448021565692e+01 -2.10730923816095267e-05 
 2.29086765276777049e+00  1.99834448021560611e+01 -2.15639477597858675e-05 
 2.34422881531991933e+00  1.99834448021555247e+01 -2.20662366284969975e-05 
 2.39883291901948770e+00  1.99834448021549811e+01 -2.25802253079498084e-05 
 2.45470891568502747e+00  1.99834448021544020e+01 -2.31061863217454557e-05 
 2.51188643150957702e+00  1.99834448021537909e+01 -2.36443985413754853e-05 
 2.57039578276886038e+00  1.99834448021531479e+01 -2.41951473340824898e-05 
 2.63026799189537819e+00  1.99834448021524906e+01 -2.47587247141667387e-05 
 2.69153480392691202e+00  1.99834448021518050e+01 -2.53354294978151213e-05 
 2.75422870333816272e+00  1.99834448021510589e+01 -2.59255674615370596e-05 
 2.81838293126444972e+00  1.99834448021502844e+01 -2.65294515042924628e-05 
 2.88403150312660150e+00  1.99834448021494957e+01 -2.71474018133942972e-05 
 2.95120922666638119e+00  1.99834448021486466e+01 -2.77797460342763776e-05 
 3.01995172040201165e+00  1.99834448021477762e+01 -2.84268194442133703e-05 
 3.09029543251358563e+00  1.99834448021468525e+01 -2.90889651300939165e-05 
 3.16227766016837419e+00  1.99834448021458826e+01 -2.97665341703237974e-05 
 3.23593656929627738e+00  1.99834448021448701e+01 -3.04598858209777481e-05 
 3.31131121482590540e+00  1.99834448021438220e+01 -3.11693877062780718e-05 
 3.38844156139201980e+00  1.99834448021427207e+01 -3.18954160135157558e-05 
 3.46736850452531042e+00  1.99834448021415874e+01 -3.26383556925097899e-05 
 3.54813389233574838e+00  1.99834448021403723e+01 -3.33986006597116811e-05 
 3.63078054770100689e+00  1.99834448021391005e+01 -3.41765540070657539e-05 
 3.71535229097171849e+00  1.99834448021377717e+01 -3.49726282157344613e-05 
 3.80189396320560480e+00  1.99834448021363755e+01 -3.57872453748006662e-05 
 3.89045144994279868e+00  1.99834448021349118e+01 -3.66208374050645941e-05 
 3.98107170553496470e+00  1.99834448021333877e+01 -3.74738462880549255e-05 
 4.07380277804111923e+00  1.99834448021317890e+01 -3.83467243003725425e-05 
 4.16869383470334576e+00  1.99834448021301121e+01 -3.92399342534925088e-05 
 4.26579518801591817e+00  1.99834448021283606e+01 -4.01539497391555452e-05 
 4.36515832240165125e+00  1.99834448021265239e+01 -4.10892553804706082e-05 
 4.46683592150962205e+00  1.99834448021245912e+01 -4.20463470888690226e-05 
 4.57088189614874096e+00  1.99834448021225626e+01 -4.30257323270431661e-05 
 4.67735141287197198e+00  1.99834448021204700e+01 -4.40279303780097991e-05 
 4.78630092322637335e+00  1.99834448021182780e+01 -4.50534726204413627e-05 
 4.89778819368445184e+00  1.99834448021159581e+01 -4.61029028104097574e-05 
 5.01187233627271223e+00  1.99834448021135387e+01 -4.71767773696913270e-05 
 5.12861383991363784e+00  1.99834448021110056e+01 -4.82756656807934820e-05 
 5.24807460249771474e+00  1.99834448021083553e+01 -4.94001503888424803e-05 
 5.37031796370251602e+00  1.99834448021055771e+01 -5.05508277105164755e-05 
 5.49540873857623335e+00  1.99834448021026638e+01 -5.17283077501618513e-05 
 5.62341325190347785e+00  1.99834448020996334e+01 -5.29332148232812370e-05 
 5.75439937337155616e+00  1.99834448020964288e+01 -5.41661877875536035e-05 
 5.88843655355587625e+00  1.99834448020930715e+01 -5.54278803815652800e-05 
 6.02559586074356357e+00  1.99834448020895614e+01 -5.67189615714298360e-05 
 6.16595001861480707e+00  1.99834448020859057e+01 -5.80401159054833921e-05 
 6.30957344480191740e+00  1.99834448020820616e+01 -5.93920438772420868e-05 
 6.45654229034653948e+00  1.99834448020780648e+01 -6.07754622968099370e-05 
 6.60693448007594419e+00  1.99834448020738549e+01 -6.21911046709457810e-05 
 6.76082975391980145e+00  1.99834448020694460e+01 -6.36397215919753457e-05 
 6.91830970918934796e+00  1.99834448020648310e+01 -6.51220811357632870e-05 
 7.07945784384136179e+00  1.99834448020599886e+01 -6.66389692689613113e-05 
 7.24435960074988294e+00  1.99834448020549296e+01 -6.81911902657369068e-05 
 7.41310241300915695e+00  1.99834448020496431e+01 -6.97795671342083402e-05 
 7.58577575029181883e+00  1.99834448020440831e+01 -7.14049420528170439e-05 
 7.76247116628689771e+00  1.99834448020382993e+01 -7.30681768168554542e-05 
 7.94328234724279447e+00  1.99834448020322029e+01 -7.47701532954139509e-05 
 8.12830516164097183e+00  1.99834448020258293e+01 -7.65117738989497931e-05 
 8.31763771102668947e+00  1.99834448020191857e+01 -7.82939620577593212e-05 
 8.51138038202374325e+00  1.99834448020122011e+01 -8.01176627115940355e-05 
 8.70963589956078366e+00  1.99834448020049038e+01 -8.19838428106809774e-05 
 8.91250938133743098e+00  1.99834448019972299e+01 -8.38934918284098312e-05 
 9.12010839355907166e+00  1.99834448019892044e+01 -8.58476222859689766e-05 
 9.33254300796988367e+00  1.99834448019808164e+01 -8.78472702891895636e-05 
 9.54992586021433176e+00  1.99834448019720092e+01 -8.98934960779135039e-05 
 9.77237220955807828e+00  1.99834448019628219e+01 -9.19873845881365773e-05 
 9.99999999999996980e+00  1.99834448019531727e+01 -9.41300460272654764e-05 
 1.02329299228075108e+01  1.99834448019430830e+01 -9.63226164627551686e-05 
 1.04712854805089641e+01  1.99834448019325208e+01 -9.85662584244724862e-05 
 1.07151930523760317e+01  1.99834448019214577e+01 -1.00862161521084360e-04 
 1.09647819614318163e+01  1.99834448019098794e+01 -1.03211543070802519e-04 
 1.12201845430195988e+01  1.99834448018977575e+01 -1.05615648746823634e-04 
 1.14815362149687914e+01  1.99834448018850352e+01 -1.08075753237794848e-04 
 1.17489755493952579e+01  1.99834448018717339e+01 -1.10593160923686421e-04 
 1.20226443461740899e+01  1.99834448018578072e+01 -1.13169206567368489e-04 
 1.23026877081237753e+01  1.99834448018432376e+01 -1.15805256022343198e-04 
 1.25892541179416302e+01  1.99834448018279645e+01 -1.18502706956924396e-04 
 1.28824955169312965e+01  1.99834448018119701e+01 -1.21262989595297951e-04 
 1.31825673855640257e+01  1.99834448017952226e+01 -1.24087567475861596e-04 
 1.34896288259164887e+01  1.99834448017776829e+01 -1.26977938227190208e-04 
 1.38038426460287997e+01  1.99834448017593012e+01 -1.29935634362120879e-04 
 1.41253754462274923e+01  1.99834448017400810e+01 -1.32962224090285667e-04 
 1.44543977074592220e+01  1.99834448017199513e+01 -1.36059312149623593e-04 
 1.47910838816820203e+01  1.99834448016988766e+01 -1.39228540657216319e-04 
 1.51356124843620261e+01  1.99834448016767610e+01 -1.42471589979974107e-04 
 1.54881661891247564e+01  1.99834448016536719e+01 -1.45790179625569381e-04 
 1.58489319246110760e+01  1.99834448016294708e+01 -1.49186069154160308e-04 
 1.62181009735892374e+01  1.99834448016041080e+01 -1.52661059111323754e-04 
 1.65958690743755426e+01  1.99834448015775408e+01 -1.56216991982732349e-04 
 1.69824365246173770e+01  1.99834448015497479e+01 -1.59855753171061875e-04 
 1.73780082874936852e+01  1.99834448015206512e+01 -1.63579271995661414e-04 
 1.77827941003891574e+01  1.99834448014901973e+01 -1.67389522715494281e-04 
 1.81970085860997628e+01  1.99834448014582904e+01 -1.71288525575929204e-04 
 1.86208713666286023e+01  1.99834448014248593e+01 -1.75278347879892466e-04 
 1.90546071796323986e+01  1.99834448013898580e+01 -1.79361105083973295e-04 
 1.94984459975803794e+01  1.99834448013532437e+01 -1.83538961920091693e-04 
 1.99526231496887192e+01  1.99834448013148602e+01 -1.87814133543245433e-04 
 2.04173794466952145e+01  1.99834448012746968e+01 -1.92188886706004666e-04 
 2.08929613085403147e+01  1.99834448012326291e+01 -1.96665540960407493e-04 
 2.13796208950222386e+01  1.99834448011885755e+01 -2.01246469887795561e-04 
 2.18776162394954419e+01  1.99834448011424435e+01 -2.05934102357319327e-04 
 2.23872113856833082e+01  1.99834448010941479e+01 -2.10730923813769335e-04 
 2.29086765276776383e+01  1.99834448010435750e+01 -2.15639477595364732e-04 
 2.34422881531991258e+01  1.99834448009906041e+01 -2.20662366282297566e-04 
 2.39883291901948077e+01  1.99834448009351355e+01 -2.25802253076639388e-04 
 2.45470891568502019e+01  1.99834448008770806e+01 -2.31061863214390310e-04 
 2.51188643150956956e+01  1.99834448008162724e+01 -2.36443985410471428e-04 
 2.57039578276885301e+01  1.99834448007525971e+01 -2.41951473337311012e-04 
 2.63026799189537073e+01  1.99834448006859304e+01 -2.47587247137900923e-04 
 2.69153480392690412e+01  1.99834448006161054e+01 -2.53354294974109714e-04 
 2.75422870333815446e+01  1.99834448005430190e+01 -2.59255674611041790e-04 
 2.81838293126444164e+01  1.99834448004664509e+01 -2.65294515038286066e-04 
 2.88403150312659342e+01  1.99834448003920926e+01 -2.71474018129167123e-04 
 2.95120922666637284e+01  1.99834448003081597e+01 -2.77797460337629598e-04 
 3.01995172040200295e+01  1.99834448002202691e+01 -2.84268194436627236e-04 
 3.09029543251357701e+01  1.99834448001282183e+01 -2.90889651295022918e-04 
 3.16227766016836540e+01  1.99834448000318829e+01 -2.97665341696891773e-04 
 3.23593656929626832e+01  1.99834447999309504e+01 -3.04598858202964043e-04 
 3.31131121482589634e+01  1.99834447998252678e+01 -3.11693877055468709e-04 
 3.38844156139201047e+01  1.99834447997124833e+01 -3.18954160127275408e-04 
 3.46736850452530092e+01  1.99834447995965974e+01 -3.26383556916646611e-04 
 3.54813389233573844e+01  1.99834447994753148e+01 -3.33986006588046769e-04 
 3.63078054770099712e+01  1.99834447993482485e+01 -3.41765540060930389e-04 
 3.71535229097170827e+01  1.99834447992152135e+01 -3.49726282146911431e-04 
 3.80189396320559467e+01  1.99834447990759188e+01 -3.57872453736819999e-04 
 3.89045144994278829e+01  1.99834447989300550e+01 -3.66208374038649203e-04 
 3.98107170553495422e+01  1.99834447987773096e+01 -3.74738462867680710e-04 
 4.07380277804110875e+01  1.99834447986173629e+01 -3.83467242989925618e-04 
 4.16869383470333474e+01  1.99834447984498986e+01 -3.92399342520134307e-04 
 4.26579518801590680e+01  1.99834447982745260e+01 -4.01539497375698806e-04 
 4.36515832240163917e+01  1.99834447980909218e+01 -4.10892553787700859e-04 
 4.46683592150961033e+01  1.99834447978986240e+01 -4.20463470870464028e-04 
 4.57088189614872888e+01  1.99834447977158973e+01 -4.30257323251832607e-04 
 4.67735141287195972e+01  1.99834447975050757e+01 -4.40279303760101291e-04 
 4.78630092322636074e+01  1.99834447972843066e+01 -4.50534726182931652e-04 
 4.89778819368443834e+01  1.99834447970530960e+01 -4.61029028081007632e-04 
 5.01187233627269819e+01  1.99834447968110354e+01 -4.71767773672111129e-04 
 5.12861383991362345e+01  1.99834447965575563e+01 -4.82756656781295240e-04 
 5.24807460249770017e+01  1.99834447962921402e+01 -4.94001503859830800e-04 
 5.37031796370250092e+01  1.99834447960130923e+01 -5.05508277074437937e-04 
 5.49540873857621861e+01  1.99834447957220718e+01 -5.17283077468622772e-04 
 5.62341325190346311e+01  1.99834447954173058e+01 -5.29332148197388585e-04 
 5.75439937337154106e+01  1.99834447950981655e+01 -5.41661877837513214e-04 
 5.88843655355586080e+01  1.99834447947745097e+01 -5.54278803775519187e-04 
 6.02559586074354741e+01  1.99834447944246314e+01 -5.67189615671176211e-04 
 6.16595001861479091e+01  1.99834447940581974e+01 -5.80401159008520247e-04 
 6.30957344480190088e+01  1.99834447936734705e+01 -5.93920438722640416e-04 
 6.45654229034652190e+01  1.99834447932717403e+01 -6.07754622914643433e-04 
 6.60693448007592536e+01  1.99834447928592098e+01 -6.21911046652680257e-04 
 6.76082975391978209e+01  1.99834447924176359e+01 -6.36397215858720356e-04 
 6.91830970918932877e+01  1.99834447919598261e+01 -6.51220811292365200e-04 
 7.07945784384134242e+01  1.99834447914757334e+01 -6.66389692619492229e-04 
 7.24435960074986269e+01  1.99834447909987567e+01 -6.81911902584313493e-04 
 7.41310241300913617e+01  1.99834447904680488e+01 -6.97795671263465138e-04 
 7.58577575029179769e+01  1.99834447899135057e+01 -7.14049420443636741e-04 
 7.76247116628687621e+01  1.99834447893328253e+01 -7.30681768077700460e-04 
 7.94328234724277280e+01  1.99834447887305622e+01 -7.47701532857021015e-04 
 8.12830516164094945e+01  1.99834447880927293e+01 -7.65117738885064732e-04 
 8.31763771102666567e+01  1.99834447874259915e+01 -7.82939620465359612e-04 
 8.51138038202371945e+01  1.99834447867453697e+01 -8.01176626996929868e-04 
 8.70963589956076021e+01  1.99834447860155215e+01 -8.19838427979059344e-04 
 8.91250938133740789e+01  1.99834447852500041e+01 -8.38934918146743368e-04 
 9.12010839355904892e+01  1.99834447844590137e+01 -8.58476222713115363e-04 
 9.33254300796986058e+01  1.99834447836184488e+01 -8.78472702734266328e-04 
 9.54992586021430867e+01  1.99834447827547415e+01 -8.98934960611264900e-04 
 9.77237220955805412e+01  1.99834447818400101e+01 -9.19873845701518018e-04 
 9.99999999999994600e+01  1.99834447808762832e+01 -9.41300460079300995e-04 
 1.02329299228074859e+02  1.99834447798948638e+01 -9.63226164422786662e-04 
 1.04712854805089378e+02  1.99834447788370788e+01 -9.85662584024435797e-04 
 1.07151930523760043e+02  1.99834447777434221e+01 -1.00862161497544353e-03 
 1.09647819614317882e+02  1.99834447766023970e+01 -1.03211543045703493e-03 
 1.12201845430195704e+02  1.99834447753888611e+01 -1.05615648719819275e-03 
 1.14815362149687616e+02  1.99834447741220664e+01 -1.08075753208814102e-03 
 1.17489755493952273e+02  1.99834447727906834e+01 -1.10593160892508190e-03 
 1.20226443461740587e+02  1.99834447714220289e+01 -1.13169206534157233e-03 
 1.23026877081237430e+02  1.99834447699678677e+01 -1.15805255986692877e-03 
 1.25892541179415971e+02  1.99834447684393908e+01 -1.18502706918576384e-03 
 1.28824955169312631e+02  1.99834447668632791e+01 -1.21262989554392505e-03 
 1.31825673855639934e+02  1.99834447652022504e+01 -1.24087567432066398e-03 
 1.34896288259164550e+02  1.99834447634695778e+01 -1.26977938180397815e-03 
 1.38038426460287639e+02  1.99834447616531570e+01 -1.29935634312090733e-03 
 1.41253754462274571e+02  1.99834447597637315e+01 -1.32962224036968935e-03 
 1.44543977074591879e+02  1.99834447577538654e+01 -1.36059312092323345e-03 
 1.47910838816819847e+02  1.99834447556572457e+01 -1.39228540595764819e-03 
 1.51356124843619909e+02  1.99834447534659070e+01 -1.42471589914129723e-03 
 1.54881661891247205e+02  1.99834447511611764e+01 -1.45790179554855341e-03 
 1.58489319246110398e+02  1.99834447487638656e+01 -1.49186069078510318e-03 
 1.62181009735892019e+02  1.99834447462337366e+01 -1.52661059030029765e-03 
 1.65958690743755056e+02  1.99834447435783389e+01 -1.56216991895273116e-03 
 1.69824365246173386e+02  1.99834447408143845e+01 -1.59855753077312620e-03 
 1.73780082874936454e+02  1.99834447379587807e+01 -1.63579271895870405e-03 
 1.77827941003891169e+02  1.99834447349183044e+01 -1.67389522608281404e-03 
 1.81970085860997187e+02  1.99834447317481256e+01 -1.71288525461016946e-03 
 1.86208713666285547e+02  1.99834447284323637e+01 -1.75278347756824770e-03 
 1.90546071796323474e+02  1.99834447249658389e+01 -1.79361104952273842e-03 
 1.94984459975803247e+02  1.99834447213204491e+01 -1.83538961778841850e-03 
 1.99526231496886652e+02  1.99834447174906593e+01 -1.87814133391467396e-03 
 2.04173794466951591e+02  1.99834447135323181e+01 -1.92188886544074214e-03 
 2.08929613085402565e+02  1.99834447093326411e+01 -1.96665540786402152e-03 
 2.13796208950221796e+02  1.99834447049802186e+01 -2.01246469701877673e-03 
 2.18776162394953815e+02  1.99834447003851494e+01 -2.05934102157759140e-03 
 2.23872113856832470e+02  1.99834446955891316e+01 -2.10730923599956486e-03 
 2.29086765276775765e+02  1.99834446905666958e+01 -2.15639477366295820e-03 
 2.34422881531990640e+02  1.99834446853351686e+01 -2.20662366037543533e-03 
 2.39883291901947445e+02  1.99834446798470076e+01 -2.25802252814851813e-03 
 2.45470891568501401e+02  1.99834446740624507e+01 -2.31061862933379337e-03 
 2.51188643150956324e+02  1.99834446679946218e+01 -2.36443985108563369e-03 
 2.57039578276884640e+02  1.99834446617033166e+01 -2.41951473014693054e-03 
 2.63026799189536405e+02  1.99834446550607119e+01 -2.47587246791573833e-03 
 2.69153480392689744e+02  1.99834446481504386e+01 -2.53354294603671789e-03 
 2.75422870333814785e+02  1.99834446408932216e+01 -2.59255674214109184e-03 
 2.81838293126443489e+02  1.99834446332814935e+01 -2.65294514612643938e-03 
 2.88403150312658624e+02  1.99834446253383327e+01 -2.71474017673378320e-03 
 2.95120922666636545e+02  1.99834446169945537e+01 -2.77797459848956639e-03 
 3.01995172040199520e+02  1.99834446082698314e+01 -2.84268193913096885e-03 
 3.09029543251356870e+02  1.99834445991261838e+01 -2.90889650733878926e-03 
 3.16227766016835687e+02  1.99834445895517625e+01 -2.97665341095457994e-03 
 3.23593656929625979e+02  1.99834445795197233e+01 -3.04598857558089622e-03 
 3.31131121482588753e+02  1.99834445690135745e+01 -3.11693876364033638e-03 
 3.38844156139200152e+02  1.99834445580407518e+01 -3.18954159387022660e-03 
 3.46736850452529154e+02  1.99834445465456270e+01 -3.26383556123870577e-03 
 3.54813389233572877e+02  1.99834445345024356e+01 -3.33986005738701143e-03 
 3.63078054770098674e+02  1.99834445218960255e+01 -3.41765539151120531e-03 
 3.71535229097169804e+02  1.99834445086802290e+01 -3.49726281171760861e-03 
 3.80189396320558387e+02  1.99834444948348171e+01 -3.57872452691385600e-03 
 3.89045144994277734e+02  1.99834444803569689e+01 -3.66208372918716248e-03 
 3.98107170553494313e+02  1.99834444652136689e+01 -3.74738461668676446e-03 
 4.07380277804109710e+02  1.99834444493343071e+01 -3.83467241705195581e-03 
 4.16869383470332309e+02  1.99834444327021146e+01 -3.92399341143402115e-03 
 4.26579518801589472e+02  1.99834444152869537e+01 -4.01539495900372304e-03 
 4.36515832240162695e+02  1.99834443970253268e+01 -4.10892552205529855e-03 
 4.46683592150959782e+02  1.99834443779748234e+01 -4.20463469177223114e-03 
 4.57088189614871624e+02  1.99834443579791099e+01 -4.30257321436348927e-03 
 4.67735141287194722e+02  1.99834443370578363e+01 -4.40279301815517214e-03 
 4.78630092322634766e+02  1.99834443151075192e+01 -4.50534724097733513e-03 
 4.89778819368442498e+02  1.99834442921470732e+01 -4.61029025846444469e-03 
 5.01187233627268483e+02  1.99834442681270446e+01 -4.71767771278608968e-03 
 5.12861383991360981e+02  1.99834442429624701e+01 -4.82756654216981267e-03 
 5.24807460249768610e+02  1.99834442165938775e+01 -4.94001501111439052e-03 
 5.37031796370248685e+02  1.99834441890079013e+01 -5.05508274130150870e-03 
 5.49540873857620340e+02  1.99834441600986068e+01 -5.17283074313215196e-03 
 5.62341325190344719e+02  1.99834441298930479e+01 -5.29332144819586944e-03 
 5.75439937337152401e+02  1.99834440982230390e+01 -5.41661874218955786e-03 
 5.88843655355584360e+02  1.99834440650338294e+01 -5.54278799896762257e-03 
 6.02559586074352978e+02  1.99834440302860052e+01 -5.67189611514623375e-03 
 6.16595001861477272e+02  1.99834439938964472e+01 -5.80401154554007707e-03 
 6.30957344480188226e+02  1.99834439557974299e+01 -5.93920433949353486e-03 
 6.45654229034650371e+02  1.99834439158960819e+01 -6.07754617799240431e-03 
 6.60693448007590746e+02  1.99834438741277296e+01 -6.21911041170821778e-03 
 6.76082975391976333e+02  1.99834438303953235e+01 -6.36397209985312129e-03 
 6.91830970918930916e+02  1.99834437846121062e+01 -6.51220805000019345e-03 
 7.07945784384132139e+02  1.99834437366752837e+01 -6.66389685878642640e-03 
 7.24435960074984109e+02  1.99834436864444918e+01 -6.81911895358083397e-03 
 7.41310241300911343e+02  1.99834436338659849e+01 -6.97795663521037605e-03 
 7.58577575029177410e+02  1.99834435787789495e+01 -7.14049412145613231e-03 
 7.76247116628685148e+02  1.99834435211428278e+01 -7.30681759188169921e-03 
 7.94328234724274694e+02  1.99834434607489051e+01 -7.47701523329693564e-03 
 8.12830516164092273e+02  1.99834433975095997e+01 -7.65117728675021851e-03 
 8.31763771102663895e+02  1.99834433313548558e+01 -7.82939609529561403e-03 
 8.51138038202369216e+02  1.99834432620587599e+01 -8.01176615279544299e-03 
 8.70963589956073179e+02  1.99834431894562279e+01 -8.19838415422166102e-03 
 8.91250938133737918e+02  1.99834431134190886e+01 -8.38934904689083577e-03 
 9.12010839355901908e+02  1.99834430339195990e+01 -8.58476208301095674e-03 
 9.33254300796982989e+02  1.99834429505276390e+01 -8.78472687286390753e-03 
 9.54992586021427655e+02  1.99834428632868644e+01 -8.98934944060071454e-03 
 9.77237220955802172e+02  1.99834427718869527e+01 -9.19873827964107910e-03 
 9.99999999999991246e+02  1.99834426762183845e+01 -9.41300441075724852e-03 
 1.02329299228074512e+03  1.99834425760135765e+01 -9.63226144056356093e-03 
 1.04712854805089023e+03  1.99834424711223804e+01 -9.85662562205267580e-03 
 1.07151930523759688e+03  1.99834423612423535e+01 -1.00862159159257510e-02 
 1.09647819614317518e+03  1.99834422462686696e+01 -1.03211540540811136e-02 
 1.12201845430195340e+03  1.99834421257568060e+01 -1.05615646035222086e-02 
 1.14815362149687235e+03  1.99834419996555503e+01 -1.08075750332686030e-02 
 1.17489755493951884e+03  1.99834418675477004e+01 -1.10593157810434627e-02 
 1.20226443461740200e+03  1.99834417292757891e+01 -1.13169203231885743e-02 
 1.23026877081237035e+03  1.99834415844726436e+01 -1.15805252448542839e-02 
 1.25892541179415571e+03  1.99834414328096166e+01 -1.18502703127292015e-02 
 1.28824955169312216e+03  1.99834412739823577e+01 -1.21262985491300129e-02 
 1.31825673855639502e+03  1.99834411077321867e+01 -1.24087563078724046e-02 
 1.34896288259164112e+03  1.99834409335943377e+01 -1.26977933515222893e-02 
 1.38038426460287201e+03  1.99834407513145500e+01 -1.29935629313756018e-02 
 1.41253754462274105e+03  1.99834405603809522e+01 -1.32962218680522729e-02 
 1.44543977074591385e+03  1.99834403604596034e+01 -1.36059306352741150e-02 
 1.47910838816819341e+03  1.99834401511174136e+01 -1.39228534445614005e-02 
 1.51356124843619386e+03  1.99834399319540914e+01 -1.42471583324665415e-02 
 1.54881661891246677e+03  1.99834397024123476e+01 -1.45790172494013100e-02 
 1.58489319246109858e+03  1.99834394620891018e+01 -1.49186061512901012e-02 
 1.62181009735891462e+03  1.99834392104009062e+01 -1.52661050923242579e-02 
 1.65958690743754482e+03  1.99834389468687377e+01 -1.56216983209066483e-02 
 1.69824365246172806e+03  1.99834386709534400e+01 -1.59855743770593063e-02 
 1.73780082874935874e+03  1.99834383819346932e+01 -1.63579261921680090e-02 
 1.77827941003890555e+03  1.99834380794159614e+01 -1.67389511922101802e-02 
 1.81970085860996574e+03  1.99834377625672808e+01 -1.71288514010317014e-02 
 1.86208713666284916e+03  1.99834374307733214e+01 -1.75278335486587257e-02 
 1.90546071796322849e+03  1.99834370833562716e+01 -1.79361091804051409e-02 
 1.94984459975802611e+03  1.99834367196205740e+01 -1.83538947691204747e-02 
 1.99526231496885998e+03  1.99834363387444256e+01 -1.87814118297615594e-02 
 2.04173794466950926e+03  1.99834359398365962e+01 -1.92188870369136774e-02 
 2.08929613085401888e+03  1.99834355221987572e+01 -1.96665523455860219e-02 
 2.13796208950221080e+03  1.99834350848225739e+01 -2.01246451130767112e-02 
 2.18776162394953053e+03  1.99834346268714107e+01 -2.05934082259158942e-02 
 2.23872113856831720e+03  1.99834341472990360e+01 -2.10730902277581171e-02 
 2.29086765276774986e+03  1.99834336451842809e+01 -2.15639454519726340e-02 
 2.34422881531989833e+03  1.99834331193672519e+01 -2.20662341556232058e-02 
 2.39883291901946586e+03  1.99834325687818968e+01 -2.25802226582352307e-02 
 2.45470891568500519e+03  1.99834319922041281e+01 -2.31061834824305389e-02 
 2.51188643150955431e+03  1.99834313885206001e+01 -2.36443954990834433e-02 
 2.57039578276883731e+03  1.99834307563741511e+01 -2.41951440742590486e-02 
 2.63026799189535450e+03  1.99834300944210845e+01 -2.47587212212168513e-02 
 2.69153480392688743e+03  1.99834294012408691e+01 -2.53354257549802259e-02 
 2.75422870333813762e+03  1.99834286754098827e+01 -2.59255634509955972e-02 
 2.81838293126442431e+03  1.99834279153939676e+01 -2.65294472069615636e-02 
 2.88403150312657544e+03  1.99834271195449595e+01 -2.71473972087221335e-02 
 2.95120922666635443e+03  1.99834262861944900e+01 -2.77797411003029640e-02 
 3.01995172040198395e+03  1.99834254135705223e+01 -2.84268141573872403e-02 
 3.09029543251355744e+03  1.99834244998207531e+01 -2.90889594651791809e-02 
 3.16227766016834539e+03  1.99834235429939469e+01 -2.97665281002366423e-02 
 3.23593656929624785e+03  1.99834225410883093e+01 -3.04598793167889237e-02 
 3.31131121482587514e+03  1.99834214919244815e+01 -3.11693807368117574e-02 
 3.38844156139198867e+03  1.99834203933895935e+01 -3.18954085457558503e-02 
 3.46736850452527869e+03  1.99834192430456810e+01 -3.26383476906779851e-02 
 3.54813389233571570e+03  1.99834180384821813e+01 -3.33985920856012322e-02 
 3.63078054770097333e+03  1.99834167771221161e+01 -3.41765448196428151e-02 
 3.71535229097168440e+03  1.99834154563612287e+01 -3.49726183713050323e-02 
 3.80189396320556989e+03  1.99834140733462320e+01 -3.57872348263552284e-02 
 3.89045144994276279e+03  1.99834126251687998e+01 -3.66208261023175663e-02 
 3.98107170553492824e+03  1.99834111086922164e+01 -3.74738341768506913e-02 
 4.07380277804108209e+03  1.99834095207552558e+01 -3.83467113229369466e-02 
 4.16869383470330740e+03  1.99834078579883290e+01 -3.92399203478932257e-02 
 4.26579518801587892e+03  1.99834061168801540e+01 -4.01539348391311487e-02 
 4.36515832240161035e+03  1.99834042937381220e+01 -4.10892394149827908e-02 
 4.46683592150958066e+03  1.99834023845620230e+01 -4.20463299811968741e-02 
 4.57088189614869862e+03  1.99834003855559637e+01 -4.30257139962169355e-02 
 4.67735141287192891e+03  1.99833982922174371e+01 -4.40279107359377378e-02 
 4.78630092322632936e+03  1.99833961002554119e+01 -4.50534515735163468e-02 
 4.89778819368440691e+03  1.99833938050538222e+01 -4.61028802584920391e-02 
 5.01187233627266596e+03  1.99833914016198193e+01 -4.71767532048030097e-02 
 5.12861383991358980e+03  1.99833888849201742e+01 -4.82756397876120680e-02 
 5.24807460249766609e+03  1.99833862496316677e+01 -4.94001226438583393e-02 
 5.37031796370246593e+03  1.99833834901888387e+01 -5.05507979815613614e-02 
 5.49540873857618226e+03  1.99833806006148400e+01 -5.17282758948477139e-02 
 5.62341325190342559e+03  1.99833775748659583e+01 -5.29331806895729923e-02 
 5.75439937337150241e+03  1.99833744065850922e+01 -5.41661512129129399e-02 
 5.88843655355582086e+03  1.99833710889329978e+01 -5.54278411910916757e-02 
 6.02559586074350682e+03  1.99833676149660278e+01 -5.67189195782984712e-02 
 6.16595001861474884e+03  1.99833639772108747e+01 -5.80400709088253475e-02 
 6.30957344480185748e+03  1.99833601680631148e+01 -5.93919956625935455e-02 
 6.45654229034647778e+03  1.99833561793667727e+01 -6.07754106338099787e-02 
 6.60693448007588086e+03  1.99833520027601246e+01 -6.21910493134809478e-02 
 6.76082975391973650e+03  1.99833476292747925e+01 -6.36396622755377034e-02 
 6.91830970918928142e+03  1.99833430495908146e+01 -6.51220175765991061e-02 
 7.07945784384129365e+03  1.99833382542013567e+01 -6.66389011646195961e-02 
 7.24435960074981267e+03  1.99833332327431812e+01 -6.81911172906214669e-02 
 7.41310241300908456e+03  1.99833279746283736e+01 -6.97794889399401680e-02 
 7.58577575029174477e+03  1.99833224687428093e+01 -7.14048582664229131e-02 
 7.76247116628682215e+03  1.99833167034085868e+01 -7.30680870387178938e-02 
 7.94328234724271715e+03  1.99833106662789888e+01 -7.47700570963184680e-02 
 8.12830516164089204e+03  1.99833043446666387e+01 -7.65116708200163226e-02 
 8.31763771102660758e+03  1.99832977250893151e+01 -7.82938516066208484e-02 
 8.51138038202365897e+03  1.99832907936031425e+01 -8.01175443615859406e-02 
 8.70963589956069882e+03  1.99832835354105605e+01 -8.19837159965818574e-02 
 8.91250938133734417e+03  1.99832759351583142e+01 -8.38933559449411004e-02 
 9.12010839355898315e+03  1.99832679767288859e+01 -8.58474766846410858e-02 
 9.33254300796979260e+03  1.99832596432231391e+01 -8.78471142749605721e-02 
 9.54992586021423813e+03  1.99832509169499133e+01 -8.98933289058581886e-02 
 9.77237220955798148e+03  1.99832417795058213e+01 -9.19872054611697021e-02 
 9.99999999999987085e+03  1.99832322113219867e+01 -9.41298540893102803e-02 
 1.02329299228074087e+04  1.99832221922815130e+01 -9.63224107984649719e-02 
 1.04712854805088591e+04  1.99832117010710455e+01 -9.85660380523353391e-02 
 1.07151930523759238e+04  1.99832007153635729e+01 -1.00861925388581034e-01 
 1.09647819614317068e+04  1.99831892119470673e+01 -1.03211290051158852e-01 
 1.12201845430194880e+04  1.99831771664102256e+01 -1.05615377632590296e-01 
 1.14815362149686771e+04  1.99831645531402557e+01 -1.08075462734375335e-01 
 1.17489755493951416e+04  1.99831513456564380e+01 -1.10592849647373842e-01 
 1.20226443461739709e+04  1.99831375155379156e+01 -1.13168873030271108e-01 
 1.23026877081236526e+04  1.99831230336400445e+01 -1.15804898632633213e-01 
 1.25892541179415057e+04  1.99831078692006976e+01 -1.18502324008411652e-01 
 1.28824955169311688e+04  1.99830919901421957e+01 -1.21262579260956710e-01 
 1.31825673855638961e+04  1.99830753626454012e+01 -1.24087127796045679e-01 
 1.34896288259163575e+04  1.99830579515553808e+01 -1.26977467104068764e-01 
 1.38038426460286646e+04  1.99830397199868699e+01 -1.29935129547984224e-01 
 1.41253754462273537e+04  1.99830206291678039e+01 -1.32961683175456341e-01 
 1.44543977074590803e+04  1.99830006385992540e+01 -1.36058732552002126e-01 
 1.47910838816818741e+04  1.99829797059904628e+01 -1.39227919611849188e-01 
 1.51356124843618763e+04  1.99829577868155575e+01 -1.42470924522126341e-01 
 1.54881661891246022e+04  1.99829348345886793e+01 -1.45789466578695709e-01 
 1.58489319246109189e+04  1.99829108008117835e+01 -1.49185305117688821e-01 
 1.62181009735890784e+04  1.99828856342666370e+01 -1.52660240437315825e-01 
 1.65958690743753796e+04  1.99828592817658723e+01 -1.56216114765889036e-01 
 1.69824365246172092e+04  1.99828316872424026e+01 -1.59854813223777342e-01 
 1.73780082874935142e+04  1.99828027922652716e+01 -1.63578264832694747e-01 
 1.77827941003889828e+04  1.99827725356036332e+01 -1.67388443531975073e-01 
 1.81970085860995823e+04  1.99827408529860548e+01 -1.71287369221747865e-01 
 1.86208713666284166e+04  1.99827076772223045e+01 -1.75277108836816076e-01 
 1.90546071796322067e+04  1.99826729379501842e+01 -1.79359777439390300e-01 
 1.94984459975801801e+04  1.99826365615459522e+01 -1.83537539339973244e-01 
 1.99526231496885157e+04  1.99825984707836319e+01 -1.87812609239167649e-01 
 2.04173794466950058e+04  1.99825585851151040e+01 -1.92187253409655007e-01 
 2.08929613085400997e+04  1.99825168195374765e+01 -1.96663790874704897e-01 
 2.13796208950220171e+04  1.99824730856144797e+01 -2.01244594661824067e-01 
 2.18776162394952153e+04  1.99824272907202030e+01 -2.05932093046225645e-01 
 2.23872113856830765e+04  1.99823793375951908e+01 -2.10728770830368312e-01 
 2.29086765276774022e+04  1.99823291245642487e+01 -2.15637170667840855e-01 
 2.34422881531988860e+04  1.99822765451943951e+01 -2.20659894406872892e-01 
 2.39883291901945595e+04  1.99822214878410911e+01 -2.25799604458866987e-01 
 2.45470891568499501e+04  1.99821638359435774e+01 -2.31059025222961817e-01 
 2.51188643150954376e+04  1.99821034669801989e+01 -2.36440944504740014e-01 
 2.57039578276882639e+04  1.99820402530538246e+01 -2.41948215012685874e-01 
 2.63026799189534358e+04  1.99819740602689890e+01 -2.47583755858456517e-01 
 2.69153480392687634e+04  1.99819047478704199e+01 -2.53350554082920121e-01 
 2.75422870333812607e+04  1.99818321690212599e+01 -2.59251666265859326e-01 
 2.81838293126441240e+04  1.99817561697868449e+01 -2.65290220122005482e-01 
 2.88403150312656362e+04  1.99816765889624222e+01 -2.71469416157574805e-01 
 2.95120922666634215e+04  1.99815932578717934e+01 -2.77792529366926055e-01 
 3.01995172040197140e+04  1.99815059996629749e+01 -2.84262910951617431e-01 
 3.09029543251354444e+04  1.99814146293470110e+01 -2.90883990101672318e-01 
 3.16227766016833193e+04  1.99813189533408888e+01 -2.97659275809026680e-01 
 3.23593656929623394e+04  1.99812187683598061e+01 -3.04592358693076826e-01 
 3.31131121482586095e+04  1.99811138621326272e+01 -3.11686912936755045e-01 
 3.38844156139197439e+04  1.99810040121544148e+01 -3.18946698199230827e-01 
 3.46736850452526414e+04  1.99808889854546941e+01 -3.26375561607121001e-01 
 3.54813389233570124e+04  1.99807685382438791e+01 -3.33977439790890618e-01 
 3.63078054770095841e+04  1.99806424148818316e+01 -3.41756360939420800e-01 
 3.71535229097166884e+04  1.99805103479797452e+01 -3.49716446952027971e-01 
 3.80189396320555388e+04  1.99803720575276991e+01 -3.57861915598350067e-01 
 3.89045144994274669e+04  1.99802272502158864e+01 -3.66197082738167090e-01 
 3.98107170553491160e+04  1.99800756191419815e+01 -3.74726364609426876e-01 
 4.07380277804106518e+04  1.99799168423905655e+01 -3.83454280122647539e-01 
 4.16869383470329049e+04  1.99797505836042610e+01 -3.92385453291112185e-01 
 4.26579518801586164e+04  1.99795764902792143e+01 -4.01524615628325421e-01 
 4.36515832240159289e+04  1.99793941928587699e+01 -4.10876608626156214e-01 
 4.46683592150956247e+04  1.99792033050696851e+01 -4.20446386354502544e-01 
 4.57088189614867952e+04  1.99790034223523563e+01 -4.30239018030571019e-01 
 4.67735141287190927e+04  1.99787941204673558e+01 -4.40259690661880643e-01 
 4.78630092322630881e+04  1.99785749558106218e+01 -4.50513711826951102e-01 
 4.89778819368438562e+04  1.99783454639371136e+01 -4.61006512441203165e-01 
 5.01187233627264432e+04  1.99781051578239754e+01 -4.71743649564357437e-01 
 5.12861383991356779e+04  1.99778535284200878e+01 -4.82730809405388317e-01 
 5.24807460249764335e+04  1.99775900417924248e+01 -4.93973810208419239e-01 
 5.37031796370244265e+04  1.99773141395807379e+01 -5.05478605386621704e-01 
 5.49540873857615879e+04  1.99770252369124535e+01 -5.17251286600123539e-01 
 5.62341325190340212e+04  1.99767227211439788e+01 -5.29298086934225087e-01 
 5.75439937337147858e+04  1.99764059512818264e+01 -5.41625384216207983e-01 
 5.88843655355579685e+04  1.99760742553417074e+01 -5.54239704268577160e-01 
 6.02559586074348263e+04  1.99757269303909801e+01 -5.67147724407556009e-01 
 6.16595001861472410e+04  1.99753632402717471e+01 -5.80356276892780354e-01 
 6.30957344480183237e+04  1.99749824139235521e+01 -5.93872352476698673e-01 
 6.45654229034645250e+04  1.99745836442024469e+01 -6.07703104091509960e-01 
 6.60693448007585539e+04  1.99741660859833132e+01 -6.21855850556888079e-01 
 6.76082975391970976e+04  1.99737288539620437e+01 -6.36338080374140080e-01 
 6.91830970918925450e+04  1.99732710216146288e+01 -6.51157455674494789e-01 
 7.07945784384126600e+04  1.99727916187187589e+01 -6.66321816174025416e-01 
 7.24435960074978502e+04  1.99722896291373146e+01 -6.81839183234705049e-01 
 7.41310241300905618e+04  1.99717639891356100e+01 -6.97717764061375534e-01 
 7.58577575029171567e+04  1.99712135848317907e+01 -7.13965955938430596e-01 
 7.76247116628679214e+04  1.99706372498312916e+01 -7.30592350584441941e-01 
 7.94328234724268696e+04  1.99700337629352624e+01 -7.47605738606169634e-01 
 8.12830516164086148e+04  1.99694018455836364e+01 -7.65015114052140510e-01 
 8.31763771102657629e+04  1.99687401587008182e+01 -7.82829679020408564e-01 
 8.51138038202362804e+04  1.99680473006740478e+01 -8.01058848470597717e-01 
 8.70963589956066571e+04  1.99673218036416138e+01 -8.19712255021817993e-01 
 8.91250938133731106e+04  1.99665621305058600e+01 -8.38799753906062318e-01 
 9.12010839355895005e+04  1.99657666721002407e+01 -8.58331428079872172e-01 
 9.33254300796975876e+04  1.99649337438882277e+01 -8.78317593403463714e-01 
 9.54992586021420429e+04  1.99640615812897835e+01 -8.98768803829952945e-01 
 9.77237220955794764e+04  1.99631483375816110e+01 -9.19695856956478930e-01 
 9.99999999999983702e+04  1.99621920783553151e+01 -9.41109799379693746e-01 
 1.02329299228073738e+05  1.99611907789940339e+01 -9.63021932494868227e-01 
 1.04712854805088238e+05  1.99601423192233121e+01 -9.85443818118757031e-01 
 1.07151930523758885e+05  1.99590444791728991e+01 -1.00838728443152648e+00 
 1.09647819614316701e+05  1.99578949346346519e+01 -1.03186443197318489e+00 
 1.12201845430194502e+05  1.99566912520108133e+01 -1.05588763974785982e+00 
 1.14815362149686393e+05  1.99554308835636718e+01 -1.08046957152981316e+00 
 1.17489755493951030e+05  1.99541111615622988e+01 -1.10562318219597389e+00 
 1.20226443461739313e+05  1.99527292930431486e+01 -1.13136172428842841e+00 
 1.23026877081236133e+05  1.99512823539139710e+01 -1.15769875467520222e+00 
 1.25892541179414649e+05  1.99497672821818384e+01 -1.18464814125481221e+00 
 1.28824955169311273e+05  1.99481808727200765e+01 -1.21222407006111044e+00 
 1.31825673855638539e+05  1.99465197693397407e+01 -1.24044105216859069e+00 
 1.34896288259163121e+05  1.99447804582474646e+01 -1.26931393098865608e+00 
 1.38038426460286195e+05  1.99429592607104169e+01 -1.29885788964097482e+00 
 1.41253754462273093e+05  1.99410523254510679e+01 -1.32908845847300894e+00 
 1.44543977074590366e+05  1.99390556200663767e+01 -1.36002152267979515e+00 
 1.47910838816818286e+05  1.99369649228260641e+01 -1.39167333012539896e+00 
 1.51356124843618309e+05  1.99347758142292300e+01 -1.42406049940873247e+00 
 1.54881661891245574e+05  1.99324836669135905e+01 -1.45720002784539471e+00 
 1.58489319246108731e+05  1.99300836364350182e+01 -1.49110929984532525e+00 
 1.62181009735890315e+05  1.99275706512391366e+01 -1.52580609537704870e+00 
 1.65958690743753308e+05  1.99249394016761237e+01 -1.56130859852916415e+00 
 1.69824365246171597e+05  1.99221843290182257e+01 -1.59763540630980527e+00 
 1.73780082874934626e+05  1.99192996137329956e+01 -1.63480553758057412e+00 
 1.77827941003889282e+05  1.99162791637404943e+01 -1.67283844227496203e+00 
 1.81970085860995285e+05  1.99131166004221818e+01 -1.71175401045039299e+00 
 1.86208713666283613e+05  1.99098052473469807e+01 -1.75157258213591049e+00 
 1.90546071796321514e+05  1.99063381136631321e+01 -1.79231495652449024e+00 
 1.94984459975801234e+05  1.99027078818115868e+01 -1.83400240221569377e+00 
 1.99526231496884575e+05  1.98989068906325635e+01 -1.87665666693782995e+00 
 2.04173794466949475e+05  1.98949271202808262e+01 -1.92029998795479573e+00 
 2.08929613085400400e+05  1.98907601747667968e+01 -1.96495510230728554e+00 
 2.13796208950219559e+05  1.98863972645859164e+01 -2.01064525745691425e+00 
 2.18776162394951505e+05  1.98818291883575249e+01 -2.05739422206370381e+00 
 2.23872113856830110e+05  1.98770463131820527e+01 -2.10522629691666197e+00 
 2.29086765276773367e+05  1.98720385552874639e+01 -2.15416632629810501e+00 
 2.34422881531988183e+05  1.98667953579287691e+01 -2.20423970920017531e+00 
 2.39883291901944904e+05  1.98613056693995453e+01 -2.25547241094917617e+00 
 2.45470891568498802e+05  1.98555579200749470e+01 -2.30789097510559715e+00 
 2.51188643150953663e+05  1.98495399980514975e+01 -2.36152253556771052e+00 
 2.57039578276881919e+05  1.98432392231107713e+01 -2.41639482869406130e+00 
 2.63026799189533631e+05  1.98366423204247369e+01 -2.47253620595127543e+00 
 2.69153480392686906e+05  1.98297353925087521e+01 -2.52997564672151798e+00 
 2.75422870333811850e+05  1.98225038893594068e+01 -2.58874277120789698e+00 
 2.81838293126440491e+05  1.98149325781627788e+01 -2.64886785388526347e+00 
 2.88403150312655605e+05  1.98070055103105567e+01 -2.71038183691129531e+00 
 2.95120922666633443e+05  1.97987059873671924e+01 -2.77331634397255655e+00 
 3.01995172040196368e+05  1.97900165260942060e+01 -2.83770369465701489e+00 
 3.09029543251353665e+05  1.97809188199266082e+01 -2.90357691859444778e+00 
 3.16227766016832436e+05  1.97713937005876232e+01 -2.97096977060882939e+00 
 3.23593656929622637e+05  1.97614210951983971e+01 -3.03991674532680634e+00 
 3.31131121482585324e+05  1.97509799840421039e+01 -3.11045309314362051e+00 
 3.38844156139196653e+05  1.97400483537909786e+01 -3.18261483576158088e+00 
 3.46736850452525599e+05  1.97286031497601471e+01 -3.25643878264163522e+00 
 3.54813389233569265e+05  1.97166202239615487e+01 -3.33196254727836161e+00 
 3.63078054770094983e+05  1.97040742826769986e+01 -3.40922456476177516e+00 
 3.71535229097166040e+05  1.96909388284383304e+01 -3.48826410876036297e+00 
 3.80189396320554544e+05  1.96771861013170657e+01 -3.56912131000860944e+00 
 3.89045144994273782e+05  1.96627870150076198e+01 -3.65183717446850231e+00 
 3.98107170553490287e+05  1.96477110897693130e+01 -3.73645360229583856e+00 
 4.07380277804105601e+05  1.96319263821333543e+01 -3.82301340755823382e+00 
 4.16869383470328117e+05  1.96153994094491537e+01 -3.91156033816535809e+00 
 4.26579518801585189e+05  1.95980950706271351e+01 -4.00213909663602685e+00 
 4.36515832240158285e+05  1.95799765613103531e+01 -4.09479536110490283e+00 
 4.46683592150955228e+05  1.95610052840828281e+01 -4.18957580722890555e+00 
 4.57088189614866918e+05  1.95411407533885750e+01 -4.28652813068414407e+00 
 4.67735141287189908e+05  1.95203404926726414e+01 -4.38570106956210726e+00 
 4.78630092322629876e+05  1.94985599276436048e+01 -4.48714442876609887e+00 
 4.89778819368437515e+05  1.94757522687411537e+01 -4.59090910305979172e+00 
 5.01187233627263398e+05  1.94518683878822713e+01 -4.69704710184555907e+00 
 5.12861383991355775e+05  1.94268566864040579e+01 -4.80561157405094797e+00 
 5.24807460249763331e+05  1.94006629527515564e+01 -4.91665683299523337e+00 
 5.37031796370243188e+05  1.93732302102120464e+01 -5.03023838144982260e+00 
 5.49540873857614817e+05  1.93444985535790330e+01 -5.14641293673653077e+00 
 5.62341325190339121e+05  1.93144049731739571e+01 -5.26523845524793277e+00 
 5.75439937337146723e+05  1.92828831656801505e+01 -5.38677415639568213e+00 
 5.88843655355578521e+05  1.92498633304058160e+01 -5.51108054571003692e+00 
 6.02559586074347026e+05  1.92152719495130100e+01 -5.63821943626011191e+00 
 6.16595001861471217e+05  1.91790315502756172e+01 -5.76825396776744803e+00 
 6.30957344480182044e+05  1.91410604482725191e+01 -5.90124862300281983e+00 
 6.45654229034644086e+05  1.91012724705735337e+01 -6.03726924103249196e+00 
 6.60693448007584317e+05  1.90595766548348209e+01 -6.17638302511297788e+00 
 6.76082975391969783e+05  1.90158769236345684e+01 -6.31865854454863918e+00 
 6.91830970918924198e+05  1.89700717323501351e+01 -6.46416573016015228e+00 
 7.07945784384125262e+05  1.89220536863357687e+01 -6.61297585955079992e+00 
 7.24435960074977134e+05  1.88717091259762277e+01 -6.76516153162225553e+00 
 7.41310241300904308e+05  1.88189176765172661e+01 -6.92079662737878198e+00 
 7.58577575029170257e+05  1.87635517598406700e+01 -7.07995625463008160e+00 
 7.76247116628677933e+05  1.87054760640228253e+01 -7.24271667231766880e+00 
 7.94328234724267386e+05  1.86445469682579805e+01 -7.40915519132979128e+00 
 8.12830516164084780e+05  1.85806119190650136e+01 -7.57935004719190353e+00 
 8.31763771102656145e+05  1.85135087543362786e+01 -7.75338023936283172e+00 
 8.51138038202361204e+05  1.84430649706254002e+01 -7.93132533056258016e+00 
 8.70963589956064941e+05  1.83690969296284408e+01 -8.11326519847636618e+00 
 8.91250938133729389e+05  1.82914090020064144e+01 -8.29927973494433857e+00 
 9.12010839355893200e+05  1.82097926409614352e+01 -8.48944847806439640e+00 
 9.33254300796974101e+05  1.81240253843882364e+01 -8.68385017042556839e+00 
 9.54992586021418567e+05  1.80338697816905231e+01 -8.88256223038593618e+00 
 9.77237220955792814e+05  1.79390722403961895e+01 -9.08566012003884715e+00 
 9.99999999999981723e+05  1.78393617918545466e+01 -9.29321659625230367e+00 
 1.02329299228073540e+06  1.77344487736107936e+01 -9.50530082597042814e+00 
 1.04712854805088032e+06  1.76240234269723679e+01 -9.72197734326945096e+00 
 1.07151930523758661e+06  1.75077544119938864e+01 -9.94330482697150941e+00 
 1.09647819614316477e+06  1.73852872417948170e+01 -1.01693346712879791e+01 
 1.12201845430194261e+06  1.72562426415036825e+01 -1.04001093194958241e+01 
 1.14815362149686133e+06  1.71202148405080870e+01 -1.06356603280338753e+01 
 1.17489755493950751e+06  1.69767698103404250e+01 -1.08760061251527897e+01 
 1.20226443461739039e+06  1.68254434652403262e+01 -1.11211494219176199e+01 
 1.23026877081235847e+06  1.66657398483290500e+01 -1.13710742317078317e+01 
 1.25892541179414350e+06  1.64971293344558667e+01 -1.16257424507877847e+01 
 1.28824955169310956e+06  1.63190468883189510e+01 -1.18850899466638076e+01 
 1.31825673855638201e+06  1.61308904283577732e+01 -1.21490220984940294e+01 
 1.34896288259162800e+06  1.59320193584713063e+01 -1.24174087331322429e+01 
 1.38038426460285857e+06  1.57217533455613907e+01 -1.26900783952936234e+01 
 1.41253754462272744e+06  1.54993714379846175e+01 -1.29668118938950538e+01 
 1.44543977074589999e+06  1.52641116403400225e+01 -1.32473350654456770e+01 
 1.47910838816817920e+06  1.50151710836447609e+01 -1.35313107034189333e+01 
 1.51356124843617924e+06  1.47517069570539654e+01 -1.38183296107066873e+01 
 1.54881661891245167e+06  1.44728383957942750e+01 -1.41079007478108291e+01 
 1.58489319246108318e+06  1.41776495532745646e+01 -1.43994404679956958e+01 
 1.62181009735889896e+06  1.38651941193983959e+01 -1.46922608664425294e+01 
 1.65958690743752895e+06  1.35345015831894777e+01 -1.49855573021407817e+01 
 1.69824365246171178e+06  1.31845855712484088e+01 -1.52783952149978557e+01 
 1.73780082874934212e+06  1.28144546272805009e+01 -1.55696964177408077e+01 
 1.77827941003888869e+06  1.24231258206225395e+01 -1.58582251350627867e+01 
 1.81970085860994854e+06  1.20096415868250173e+01 -1.61425741601862960e+01 
 1.86208713666283176e+06  1.15730901985069092e+01 -1.64211516258112127e+01 
 1.90546071796321054e+06  1.11126302362285010e+01 -1.66921690262306726e+01 
 1.94984459975800780e+06  1.06275193659435274e+01 -1.69536312880868252e+01 
 1.99526231496884115e+06  1.01171476242273233e+01 -1.72033298586232277e+01 
 2.04173794466948998e+06  9.58107524754803919e+00 -1.74388399585674811e+01 
 2.08929613085399917e+06  9.01907486087669064e+00 -1.76575233074987210e+01 
 2.13796208950219071e+06  8.43117753339890186e+00 -1.78565377747901763e+01 
 2.18776162394951005e+06  7.81772183573239676e+00 -1.80328554897371589e+01 
 2.23872113856829610e+06  7.17940457532198817e+00 -1.81832909477372766e+01 
 2.29086765276772855e+06  6.51733136752925546e+00 -1.83045405352286075e+01 
 2.34422881531987665e+06  5.83306464299171079e+00 -1.83932346239107254e+01 
 2.39883291901944391e+06  5.12866613991122033e+00 -1.84460029264342680e+01 
 2.45470891568498267e+06  4.40673043620132709e+00 -1.84595531358128220e+01 
 2.51188643150953110e+06  3.67040573061684317e+00 -1.84307619810360563e+01 
 2.57039578276881343e+06  2.92339795932956470e+00 -1.83567767461185554e+01 
 2.63026799189533014e+06  2.16995453181380160e+00 -1.82351240741054355e+01 
 2.69153480392686278e+06  1.41482456792703570e+00 -1.80638216081265881e+01 
 2.75422870333811222e+06  6.63193562395345326e-01 -1.78414868466842620e+01 
 2.81838293126439815e+06 -7.94081109757747150e-02 -1.75674366746051724e+01 
 2.88403150312654907e+06 -8.07221574126075314e-01 -1.72417705514498252e+01 
 2.95120922666632757e+06 -1.51439731585159487e+00 -1.68654304560969166e+01 
 3.01995172040195670e+06 -2.19514905223981005e+00 -1.64402315017697731e+01 
 3.09029543251352943e+06 -2.84391617877705416e+00 -1.59688586767509779e+01 
 3.16227766016831668e+06 -3.45552603245401269e+00 -1.54548273462653469e+01 
 3.23593656929621845e+06 -4.02534653947893606e+00 -1.49024077761823079e+01 
 3.31131121482584532e+06 -4.54942006697173174e+00 -1.43165167286808277e+01 
 3.38844156139195804e+06 -5.02457045923357892e+00 -1.37025817978177660e+01 
 3.46736850452524750e+06 -5.44847720725054963e+00 -1.30663862742563150e+01 
 3.54813389233568404e+06 -5.81971325215067203e+00 -1.24139036911423659e+01 
 3.63078054770094110e+06 -6.13774573897336495e+00 -1.17511316565497701e+01 
 3.71535229097165121e+06 -6.40290177803032012e+00 -1.10839341092440478e+01 
 3.80189396320553590e+06 -6.61630362815535467e+00 -1.04178998550366462e+01 
 3.89045144994272804e+06 -6.77977945364838419e+00 -9.75822337267431905e+00 
 3.98107170553489262e+06 -6.89575680832865778e+00 -9.10961169083808286e+00 
 4.07380277804104565e+06 -6.96714625150159073e+00 -8.47621891181274201e+00 
 4.16869383470327035e+06 -6.99722209522278593e+00 -7.86160792887282511e+00 
 4.26579518801584095e+06 -6.98950637164125954e+00 -7.26873723032290009e+00 
 4.36515832240157202e+06 -6.94766088089429079e+00 -6.69996949389239926e+00 
 4.46683592150954157e+06 -6.87539081701200860e+00 -6.15709796885593885e+00 
 4.57088189614865836e+06 -6.77636212654162495e+00 -5.64138638252046043e+00 
 4.67735141287188791e+06 -6.65413355057620937e+00 -5.15361821029057587e+00 
 4.78630092322628666e+06 -6.51210330516964309e+00 -4.69415151789973706e+00 
 4.89778819368436281e+06 -6.35346959789255550e+00 -4.26297612009590043e+00 
 5.01187233627262153e+06 -6.18120366016894085e+00 -3.85977041782419983e+00 
 5.12861383991354518e+06 -5.99803367026030987e+00 -3.48395590176421077e+00 
 5.24807460249761958e+06 -5.80643781313511109e+00 -3.13474789557061273e+00 
 5.37031796370241791e+06 -5.60864473272001796e+00 -2.81120162765996184e+00 
 5.49540873857613374e+06 -5.40663973522411734e+00 -2.51225314724971405e+00 
 5.62341325190337654e+06 -5.20217526750944170e+00 -2.23675493805921022e+00 
 5.75439937337145209e+06 -4.99678439042062372e+00 -1.98350633529273335e+00 
 5.88843655355576985e+06 -4.79179617320644269e+00 -1.75127902805737468e+00 
 6.02559586074345466e+06 -4.58835213596196123e+00 -1.53883804327622831e+00 
 6.16595001861469541e+06 -4.38742305136191479e+00 -1.34495867019861137e+00 
 6.30957344480180275e+06 -4.18982558099637448e+00 -1.16843980913743573e+00 
 6.45654229034642223e+06 -3.99623836153894318e+00 -1.00811422533705564e+00 
 6.60693448007582407e+06 -3.80721727255245357e+00 -8.62856165833500777e-01 
 6.76082975391967874e+06 -3.62320971198016428e+00 -7.31586763158596720e-01 
 6.91830970918922219e+06 -3.44456778006671538e+00 -6.13277608412484243e-01 
 7.07945784384123329e+06 -3.27156032940945130e+00 -5.06952832172641088e-01 
 7.24435960074975155e+06 -3.10438388160928902e+00 -4.11689988208392643e-01 
 7.41310241300902236e+06 -2.94317244193217098e+00 -3.26619992949214621e-01 
 7.58577575029168092e+06 -2.78800626418305431e+00 -2.50926335083178242e-01 
 7.76247116628675628e+06 -2.63891963198568735e+00 -1.83843734729284114e-01 
 7.94328234724264964e+06 -2.49590773030765334e+00 -1.24656400679054841e-01 
 8.12830516164082289e+06 -2.35893268453872995e+00 -7.26960071927117146e-02 
 8.31763771102653630e+06 -2.22792884492314247e+00 -2.73394886838313894e-02 
 8.51138038202358596e+06 -2.10280739199092670e+00  1.19932692415698205e-02 
 8.70963589956062287e+06 -1.98346033531297605e+00  4.58417805042664883e-02 
 8.91250938133726642e+06 -1.86976397341829292e+00  7.47073030845080976e-02 
 9.12010839355890453e+06 -1.76158187776654729e+00  9.90551409078305745e-02 
 9.33254300796971284e+06 -1.65876745843650020e+00  1.19316876104385308e-01 
 9.54992586021415703e+06 -1.56116616388319440e+00  1.35892512357981693e-01 
 9.77237220955790021e+06 -1.46861736218652594e+00  1.49152516266019747e-01 
 9.99999999999978766e+06 -1.38095594611236039e+00  1.59439748664136433e-01 
 1.02329299228073228e+07 -1.29801369987306470e+00  1.67071281811592809e-01 
 1.04712854805087708e+07 -1.21962046113435929e+00  1.72340101457840733e-01 
 1.07151930523758344e+07 -1.14560510792254000e+00  1.75516695230758052e-01 
 1.09647819614316151e+07 -1.07579639641558789e+00  1.76850530636095987e-01 
 1.12201845430193935e+07 -1.01002367243559821e+00  1.76571427330031949e-01 
 1.14815362149685808e+07 -9.48117476355219591e-01  1.74890829326053626e-01 
 1.17489755493950434e+07 -8.89910058553643246e-01  1.72002983468217824e-01 
 1.20226443461738713e+07 -8.35235820052533828e-01  1.68086030939947201e-01 
 1.23026877081235517e+07 -7.83931690839290263e-01  1.63303018778166387e-01 
 1.25892541179414019e+07 -7.35837456372275711e-01  1.57802838412786223e-01 
 1.28824955169310626e+07 -6.90796041075286471e-01  1.51721098146413047e-01 
 1.31825673855637871e+07 -6.48653756022068095e-01  1.45180936281163464e-01 
 1.34896288259162456e+07 -6.09260516639909766e-01  1.38293781277118888e-01 
 1.38038426460285503e+07 -5.72470035086655726e-01  1.31160064955429978e-01 
 1.41253754462272376e+07 -5.38139990822873115e-01  1.23869894296532779e-01 
 1.44543977074589618e+07 -5.06132182070529124e-01  1.16503686906541504e-01 
 1.47910838816817533e+07 -4.76312660003706034e-01  1.09132774686359471e-01 
 1.51356124843617529e+07 -4.48551846913675611e-01  1.01819979702639327e-01 
 1.54881661891244762e+07 -4.22724639054882778e-01  9.46201657009198421e-02 
 1.58489319246107899e+07 -3.98710494460854381e-01  8.75807681521754006e-02 
 1.62181009735889453e+07 -3.76393505726552557e-01  8.07423051871401370e-02 
 1.65958690743752439e+07 -3.55662457541522758e-01  7.41388712588993554e-02 
 1.69824365246170722e+07 -3.36410868637944782e-01  6.77986148926648102e-02 
 1.73780082874933742e+07 -3.18537017786680032e-01  6.17442014431367203e-02 
 1.77827941003888398e+07 -3.01943953483241601e-01  5.59932613777065560e-02 
 1.81970085860994384e+07 -2.86539487064732645e-01  5.05588242684607489e-02 
 1.86208713666282669e+07 -2.72236169120097349e-01  4.54497383840808677e-02 
 1.90546071796320528e+07 -2.58951249213972445e-01  4.06710755400840479e-02 
 1.94984459975800253e+07 -2.46606619139350308e-01  3.62245206957787780e-02 
 1.99526231496883593e+07 -2.35128740098821343e-01  3.21087456642539862e-02 
 2.04173794466948472e+07 -2.24448554424284685e-01  2.83197662396693778e-02 
 2.08929613085399382e+07 -2.14501382640238381e-01  2.48512820315464691e-02 
 2.13796208950218521e+07 -2.05226806849897581e-01  2.16949983223182000e-02 
 2.18776162394950464e+07 -1.96568541590763091e-01  1.88409293326339856e-02 
 2.23872113856829032e+07 -1.88474293447616764e-01  1.62776823798727079e-02 
 2.29086765276772268e+07 -1.80895610815143576e-01  1.39927225380958586e-02 
 2.34422881531987041e+07 -1.73787725287598338e-01  1.19726175498145928e-02 
 2.39883291901943758e+07 -1.67109386203217275e-01  1.02032628973388606e-02 
 2.45470891568497606e+07 -1.60822689890425891e-01  8.67008709826812274e-03 
 2.51188643150952458e+07 -1.54892905152471394e-01  7.35823745057538614e-03 
 2.57039578276880682e+07 -1.49288296498901879e-01  6.25274660905188965e-03 
 2.63026799189532362e+07 -1.43979946562181632e-01  5.33868051603174267e-03 
 2.69153480392685607e+07 -1.38941579069630144e-01  4.60126834594218673e-03 
 2.75422870333810523e+07 -1.34149383634367819e-01  4.02601523639986233e-03 
 2.81838293126439117e+07 -1.29581843523729090e-01  3.59879867977480616e-03 
 2.88403150312654190e+07 -1.25219567444326163e-01  3.30594953170473566e-03 
 2.95120922666632012e+07 -1.21045126247918508e-01  3.13431865010939089e-03 
 3.01995172040194906e+07 -1.17042895348746054e-01  3.07133023274866815e-03 
 3.09029543251352161e+07 -1.13198903493607048e-01  3.10502293522140361e-03 
 3.16227766016830876e+07 -1.09500688414677610e-01  3.22407987143481876e-03 
 3.23593656929621026e+07 -1.05937159762560074e-01  3.41784858660874229e-03 
 3.31131121482583694e+07 -1.02498469606578727e-01  3.67635207759222857e-03 
 3.38844156139194965e+07 -9.91758906759219599e-02  3.99029189959587693e-03 
 3.46736850452523902e+07 -9.59617024192656043e-02  4.35104435898102989e-03 
 3.54813389233567566e+07 -9.28490848705932348e-02  4.75065074024085595e-03 
 3.63078054770093262e+07 -8.98320202292541420e-02  5.18180245625005781e-03 
 3.71535229097164273e+07 -8.69052019973070577e-02  5.63782195018755657e-03 
 3.80189396320552751e+07 -8.40639514571729779e-02  6.11264010715447358e-03 
 3.89045144994271919e+07 -8.13041412334462588e-02  6.60077087217953752e-03 
 3.98107170553488359e+07 -7.86221256427203641e-02  7.09728369858950853e-03 
 4.07380277804103643e+07 -7.60146775142612058e-02  7.59777439070618774e-03 
 4.16869383470326066e+07 -7.34789311456764682e-02  8.09833484229315580e-03 
 4.26579518801583126e+07 -7.10123310477908387e-02  8.59552211749252740e-03 
 4.36515832240156233e+07 -6.86125861250236058e-02  9.08632726725974726e-03 
 4.46683592150953114e+07 -6.62776289365288596e-02  9.56814423199663089e-03 
 4.57088189614864811e+07 -6.40055796773190827e-02  1.00387391310665774e-02 
 4.67735141287187710e+07 -6.17947145201259151e-02  1.04962202025422023e-02 
 4.78630092322627604e+07 -5.96434379568264172e-02  1.09390086117878964e-02 
 4.89778819368435219e+07 -5.75502587806990262e-02  1.13658103030413182e-02 
 5.01187233627261072e+07 -5.55137693584588227e-02  1.17755890239577762e-02 
 5.12861383991353363e+07 -5.35326278554694307e-02  1.21675406069561357e-02 
 5.24807460249760821e+07 -5.16055431017909613e-02  1.25410685461465818e-02 
 5.37031796370240673e+07 -4.97312618222483446e-02  1.28957608746873200e-02 
 5.49540873857612163e+07 -4.79085579962044775e-02  1.32313683210508459e-02 
 5.62341325190336406e+07 -4.61362241582348592e-02  1.35477837205481184e-02 
 5.75439937337143943e+07 -4.44130644875241273e-02  1.38450226691251149e-02 
 5.88843655355575681e+07 -4.27378895531646680e-02  1.41232054328223749e-02 
 6.02559586074344143e+07 -4.11095125784882165e-02  1.43825401541608656e-02 
 6.16595001861468256e+07 -3.95267470631237780e-02  1.46233074082364866e-02 
 6.30957344480179027e+07 -3.79884055698906306e-02  1.48458461493850506e-02 
 6.45654229034640938e+07 -3.64932994588667917e-02  1.50505410594202905e-02 
 6.60693448007581085e+07 -3.50402393495789916e-02  1.52378112529425371e-02 
 6.76082975391966552e+07 -3.36280361139543044e-02  1.54081002531379681e-02 
 6.91830970918920934e+07 -3.22555022442022332e-02  1.55618671169396924e-02 
 7.07945784384122044e+07 -3.09214534877319501e-02  1.56995785771262657e-02 
 7.24435960074973851e+07 -2.96247106843580167e-02  1.58217020767644385e-02 
 7.41310241300900877e+07 -2.83641017717240866e-02  1.59286995918199101e-02 
 7.58577575029166788e+07 -2.71384639433895243e-02  1.60210221597845495e-02 
 7.76247116628674269e+07 -2.59466459501863332e-02  1.60991050550381501e-02 
 7.94328234724263549e+07 -2.47875105354957541e-02  1.61633635674986384e-02 
 8.12830516164080799e+07 -2.36599369932527608e-02  1.62141893505730779e-02 
 8.31763771102652103e+07 -2.25628238323511005e-02  1.62519473129508589e-02 
 8.51138038202357143e+07 -2.14950915309905510e-02  1.62769730293931512e-02 
 8.70963589956060797e+07 -2.04556853614929098e-02  1.62895706497547983e-02 
 8.91250938133725226e+07 -1.94435782686084371e-02  1.62900112845884189e-02 
 9.12010839355888963e+07 -1.84577737833456733e-02  1.62785318488765825e-02 
 9.33254300796969682e+07 -1.74973089563181250e-02  1.62553343464148167e-02 
 9.54992586021414101e+07 -1.65612572975998504e-02  1.62205855786848388e-02 
 9.77237220955788344e+07 -1.56487317069282060e-02  1.61744172669330832e-02 
 9.99999999999977052e+07 -1.47588873830801943e-02  1.61169265762730191e-02 
 1.02329299228073061e+08 -1.38909246972709517e-02  1.60481770354960890e-02 
 1.04712854805087537e+08 -1.30440920163723446e-02  1.59681998479765004e-02 
 1.07151930523758158e+08 -1.22176884595670224e-02  1.58769955919090613e-02 
 1.09647819614315957e+08 -1.14110665688071985e-02  1.57745363103417406e-02 
 1.12201845430193737e+08 -1.06236348722656641e-02  1.56607679927804819e-02 
 1.14815362149685606e+08 -9.85486031463792510e-03  1.55356134515355852e-02 
 1.17489755493950218e+08 -9.10427052377718593e-03  1.53989755959545414e-02 
 1.20226443461738482e+08 -8.37145588035976065e-03  1.52507411069970570e-02 
 1.23026877081235275e+08 -7.65607135144409819e-03  1.50907845132354310e-02 
 1.25892541179413766e+08 -6.95783804170268302e-03  1.49189726660164841e-02 
 1.28824955169310361e+08 -6.27654441432291387e-03  1.47351696078360760e-02 
 1.31825673855637595e+08 -5.61204712659237655e-03  1.45392418224203450e-02 
 1.34896288259162158e+08 -4.96427142061442971e-03  1.43310638478342158e-02 
 1.38038426460285217e+08 -4.33321100664870763e-03  1.41105242257603819e-02 
 1.41253754462272078e+08 -3.71892737358151980e-03  1.38775317501814970e-02 
 1.44543977074589312e+08 -3.12154845980606218e-03  1.36320219674838598e-02 
 1.47910838816817224e+08 -2.54126661722561690e-03  1.33739638663914299e-02 
 1.51356124843617201e+08 -1.97833580655253560e-03  1.31033666846873988e-02 
 1.54881661891244441e+08 -1.43306796362227822e-03  1.28202867421518436e-02 
 1.58489319246107578e+08 -9.05828488211300178e-04  1.25248341974712567e-02 
 1.62181009735889137e+08 -3.97030815750370179e-04  1.22171796099281148e-02 
 1.65958690743752122e+08  9.28699514677017401e-05  1.18975601741149965e-02 
 1.69824365246170402e+08  5.63384358520596456e-04  1.15662854843053987e-02 
 1.73780082874933422e+08  1.01399684136919098e-03  1.12237426738223556e-02 
 1.77827941003888041e+08  1.44417485723362122e-03  1.08704007703439853e-02 
 1.81970085860994011e+08  1.85337883208234132e-03  1.05068141050556861e-02 
 1.86208713666282296e+08  2.24107282533750861e-03  1.01336246162358548e-02 
 1.90546071796320170e+08  2.60673578044096988e-03  9.75156289824073187e-03 
 1.94984459975799859e+08  2.94987319920364272e-03  9.36144786041503973e-03 
 1.99526231496883184e+08  3.27002904788216203e-03  8.96418488354411812e-03 
 2.04173794466948032e+08  3.56679767627953717e-03  8.56076238974780128e-03 
 2.08929613085398912e+08  3.83983550919199217e-03  8.15224677777411609e-03 
 2.13796208950218052e+08  4.08887225318174414e-03  7.73977571453530414e-03 
 2.18776162394949973e+08  4.31372135375061774e-03  7.32454982135280746e-03 
 2.23872113856828541e+08  4.51428943798591175e-03  6.90782283946039105e-03 
 2.29086765276771754e+08  4.69058448856527269e-03  6.49089041010536376e-03 
 2.34422881531986535e+08  4.84272251470919003e-03  6.07507765105347319e-03 
 2.39883291901943237e+08  4.97093251632253850e-03  5.66172575659688437e-03 
 2.45470891568497092e+08  5.07555957760779958e-03  5.25217788695839152e-03 
 2.51188643150951922e+08  5.15706597312527541e-03  4.84776464255523305e-03 
 2.57039578276880145e+08  5.21603022431993326e-03  4.44978944080711737e-03 
 2.63026799189531803e+08  5.25314410156156684e-03  4.05951412200818498e-03 
 2.69153480392684996e+08  5.26920762646538882e-03  3.67814510917807745e-03 
 2.75422870333809912e+08  5.26512218733578719e-03  3.30682043262180148e-03 
 2.81838293126438498e+08  5.24188193410367060e-03  2.94659790414770898e-03 
 2.88403150312653542e+08  5.20056366753047280e-03  2.59844469039494184e-03 
 2.95120922666631341e+08  5.14231547606826614e-03  2.26322849003266543e-03 
 3.01995172040194213e+08  5.06834440262958659e-03  1.94171046894110180e-03 
 3.09029543251351476e+08  4.97990344239331376e-03  1.63454005293862752e-03 
 3.16227766016830146e+08  4.87827817817671448e-03  1.34225162151962703e-03 
 3.23593656929620266e+08  4.76477335607588832e-03  1.06526309148648104e-03 
 3.31131121482582927e+08  4.64069968926611714e-03  8.03876328027210239e-04 
 3.38844156139194191e+08  4.50736115356727227e-03  5.58279275114193646e-04 
 3.46736850452523053e+08  4.36604300767889052e-03  3.28549658377486997e-04 
 3.54813389233566642e+08  4.21800073484357874e-03  1.14660082711651510e-04 
 3.63078054770092309e+08  4.06445006238596342e-03 -8.35156750729524293e-05 
 3.71535229097163260e+08  3.90655817512795041e-03 -2.66195392129737910e-04 
 3.80189396320551693e+08  3.74543619743965880e-03 -4.33680362720893341e-04 
 3.89045144994270861e+08  3.58213298026531296e-03 -5.86346815466713862e-04 
 3.98107170553487301e+08  3.41763019384889533e-03 -7.24636993017026428e-04 
 4.07380277804102540e+08  3.25283869521481766e-03 -8.49050088284365452e-04 
 4.16869383470324934e+08  3.08859611324113813e-03 -9.60133213798608216e-04 
 4.26579518801581919e+08  2.92566557226626956e-03 -1.05847255959622588e-03 
 4.36515832240154982e+08  2.76473545875833377e-03 -1.14468487243716698e-03 
 4.46683592150951862e+08  2.60642012416869521e-03 -1.21940936612100858e-03 
 4.57088189614863515e+08  2.45126140994844297e-03 -1.28330014939312355e-03 
 4.67735141287186384e+08  2.29973087789983469e-03 -1.33701923603671800e-03 
 4.78630092322626233e+08  2.15223262959200485e-03 -1.38123018115881278e-03 
 4.89778819368433774e+08  2.00910660208567134e-03 -1.41659236909122562e-03 
 5.01187233627259552e+08  1.87063223303092561e-03 -1.44375596198788401e-03 
 5.12861383991351783e+08  1.73703239573008770e-03 -1.46335750409091483e-03 
 5.24807460249759197e+08  1.60847751351316935e-03 -1.47601616483689167e-03 
 5.37031796370239019e+08  1.48508977224249628e-03 -1.48233059474387439e-03 
 5.49540873857610464e+08  1.36694735958508532e-03 -1.48287636026028509e-03 
 5.62341325190334678e+08  1.25408866946507430e-03 -1.47820391886646120e-03 
 5.75439937337142229e+08  1.14651641971470113e-03 -1.46883709148956806e-03 
 5.88843655355573893e+08  1.04420163993860235e-03 -1.45527198765629936e-03 
 6.02559586074342251e+08  9.47087495145694839e-04 -1.43797633751955559e-03 
 6.16595001861466289e+08  8.55092918375210411e-04 -1.41738918539202879e-03 
 6.30957344480176926e+08  7.68116032608826124e-04 -1.39392090023380795e-03 
 6.45654229034638762e+08  6.86037348382041116e-04 -1.36795346047267874e-03 
 6.60693448007578850e+08  6.08722728951597777e-04 -1.33984097267828960e-03 
 6.76082975391964197e+08  5.36026119549118862e-04 -1.30991038620922244e-03 
 6.91830970918918490e+08  4.67792041112960444e-04 -1.27846236889946150e-03 
 7.07945784384119511e+08  4.03857852277584857e-04 -1.24577231167017494e-03 
 7.24435960074971199e+08  3.44055785917438616e-04 -1.21209143316186358e-03 
 7.41310241300898194e+08  2.88214768738156047e-04 -1.17764795835943303e-03 
 7.58577575029163957e+08  2.36162034047867085e-04 -1.14264834811009588e-03 
 7.76247116628671408e+08  1.87724538917152719e-04 -1.10727855933558908e-03 
 7.94328234724260688e+08  1.42730197864914974e-04 -1.07170531828600503e-03 
 8.12830516164077878e+08  1.01008945653930439e-04 -1.03607739171689226e-03 
 8.31763771102649093e+08  6.23936419871479284e-05 -1.00052684317351761e-03 
 8.51138038202354074e+08  2.67208309443883414e-05 -9.65170263642348516e-04 
 8.70963589956057668e+08 -6.16863223574565395e-06 -9.30109967773356931e-04 
 8.91250938133721948e+08 -3.64290746853549190e-05 -8.95435148566670015e-04 
 9.12010839355885625e+08 -6.42096079626254822e-05 -8.61222985002972879e-04 
 9.33254300796966314e+08 -8.96538272280703898e-05 -8.27539698398210323e-04 
 9.54992586021410584e+08 -1.12899596882931974e-04 -7.94441554518188534e-04 
 9.77237220955784678e+08 -1.34078912550275484e-04 -7.61975809491110775e-04 
 9.99999999999973416e+08 -1.53317829995141039e-04 -7.30181598471211493e-04 
