 temp-sweep             v(vref)                i(vload)               i(vdd)                 v(vbe)                 v(dvbe)                v(pbias)               v(pcasc)               v(xbgr.c2)             v(xbgr.vbe3)           v(xbgr.vd1)            v(xbgr.vd2)           
-4.000000000000000e+01  1.083979792489378e+00  3.736516072137274e-06 -1.978292069770409e-05  7.898303198459202e-01  4.898569824674008e-02  2.290750735166155e+00  1.813672926573894e+00  8.657515689280473e-01  7.843117436427052e-01  1.568357624443821e+00  7.837546866065860e-01 
-3.500000000000000e+01  1.085114734381496e+00  3.817501835027032e-06 -2.020086941442419e-05  7.843777557455085e-01  5.008081516159514e-02  2.289419717937597e+00  1.801700137883794e+00  8.612756890548948e-01  7.787345991971226e-01  1.557190533438582e+00  7.781616828035630e-01 
-3.000000000000000e+01  1.086237862702859e+00  3.898440043032891e-06 -2.061877347716867e-05  7.789032764564048e-01  5.117769017349731e-02  2.288114492951263e+00  1.789737241016969e+00  8.568112499812555e-01  7.731353597938212e-01  1.545979175212271e+00  7.725465295308327e-01 
-2.500000000000000e+01  1.087349365903049e+00  3.979326334279732e-06 -2.103661259683203e-05  7.734070612944475e-01  5.227632465273333e-02  2.286834942534159e+00  1.777784079176767e+00  8.523576642129077e-01  7.675142048916621e-01  1.534723912595048e+00  7.669094081934008e-01 
-2.000000000000000e+01  1.088449427925916e+00  4.060156391264466e-06 -2.145436677033184e-05  7.678892811778097e-01  5.337672023462056e-02  2.285580967253686e+00  1.765840509448777e+00  8.479143972717144e-01  7.618713054038700e-01  1.523425091043336e+00  7.612504915108179e-01 
-1.500000000000000e+01  1.089538228776386e+00  4.140925943956950e-06 -2.187201629005622e-05  7.623500992480865e-01  5.447887888450290e-02  2.284352484279413e+00  1.753906400681815e+00  8.434809645757952e-01  7.562068242236821e-01  1.512083039674451e+00  7.555699439929617e-01 
-1.000000000000000e+01  1.090615944705886e+00  4.221630771144571e-06 -2.228954174377128e-05  7.567896713273474e-01  5.558280287907973e-02  2.283149425941420e+00  1.741981632386416e+00  8.390569281735920e-01  7.505209164751644e-01  1.500698071845358e+00  7.498679222783921e-01 
-5.000000000000000e+00  1.091682747941911e+00  4.302266691843509e-06 -2.270692396495601e-05  7.512081462234972e-01  5.668849470608951e-02  2.281971738811943e+00  1.730066095007952e+00  8.346418938624294e-01  7.448137301145588e-01  1.489270486366518e+00  7.441445757579380e-01 
 0.000000000000000e+00  1.092738805556993e+00  4.382829548693937e-06 -2.312414394493214e-05  7.456056658189563e-01  5.779595683473950e-02  2.280819383223922e+00  1.718159691782827e+00  8.302355078785819e-01  7.390854063017989e-01  1.477800568247214e+00  7.384000469222630e-01 
 5.000000000000000e+00  1.093784280976781e+00  4.463315222937218e-06 -2.354118289966503e-05  7.399823656914168e-01  5.890519188329343e-02  2.279692331625125e+00  1.706262335630319e+00  8.258374549022589e-01  7.333360798568087e-01  1.466288589626577e+00  7.326344718271497e-01 
 1.000000000000000e+01  1.094819334694366e+00  4.543719640288536e-06 -2.395802229259126e-05  7.343383755572133e-01  6.001620268124620e-02  2.278590567392991e+00  1.694373947409487e+00  8.214474558361947e-01  7.275658796401145e-01  1.454734810549580e+00  7.268479804813838e-01 
 1.500000000000000e+01  1.095844124824896e+00  4.624038775241903e-06 -2.437464384707815e-05  7.286738196051226e-01  6.112899227151974e-02  2.277514083793350e+00  1.682494455054128e+00  8.170652656494897e-01  7.217749288990027e-01  1.443139479670793e+00  7.210406971989666e-01 
 2.000000000000000e+01  1.096858807650380e+00  4.704268655217255e-06 -2.479102955993349e-05  7.229888168150838e-01  6.224356391823842e-02  2.276462883015973e+00  1.670623792589497e+00  8.126906713722341e-01  7.159633455912650e-01  1.431502834913982e+00  7.152127409285196e-01 
 2.500000000000000e+01  1.097863538630672e+00  4.784405370593240e-06 -2.520716173737526e-05  7.172834812800331e-01  6.335992113190035e-02  2.275436975048210e+00  1.658761898839186e+00  8.083234904395932e-01  7.101312427189891e-01  1.419825104149997e+00  7.093642255919904e-01 
 3.000000000000000e+01  1.098858473842570e+00  4.864445089186115e-06 -2.562302305397838e-05  7.115579225430034e-01  6.447806771832654e-02  2.274436376414204e+00  1.646908715680807e+00  8.039635694033037e-01  7.042787286721659e-01  1.408106505895268e+00  7.034952604341859e-01 
 3.500000000000000e+01  1.099843772034532e+00  4.944384078404469e-06 -2.603859664209073e-05  7.058122459567659e-01  6.559800785656675e-02  2.273461108668456e+00  1.635064185821056e+00  7.996107830588596e-01  6.984059075931173e-01  1.396347250045289e+00  6.976059503887683e-01 
 4.000000000000000e+01  1.100819598273130e+00  5.024218745426840e-06 -2.645386626389683e-05  7.000465531225011e-01  6.671974624369290e-02  2.272511196191913e+00  1.623228248989157e+00  7.952650345426756e-01  6.925128798281850e-01  1.384547538790229e+00  6.916963965358380e-01 
 4.500000000000000e+01  1.101786128849001e+00  5.103945691663957e-06 -2.686881654181820e-05  6.942609424072869e-01  6.784328830617031e-02  2.271586663440613e+00  1.611400836911578e+00  7.909262561618646e-01  6.865997424450664e-01  1.372707567647268e+00  6.857666966168113e-01 
 5.000000000000000e+01  1.102743559022220e+00  5.183561799821732e-06 -2.728343333305878e-05  6.884555096189343e-01  6.896864053186942e-02  2.270687530887289e+00  1.599581865449586e+00  7.865944118264965e-01  6.806665899159514e-01  1.360827526836513e+00  6.798169457211026e-01 
 5.500000000000000e+01  1.103692114252016e+00  5.263064360172892e-06 -2.769770427774153e-05  6.826303488888731e-01  7.009581095871006e-02  2.269813809361142e+00  1.587771223267270e+00  7.822695013503207e-01  6.747135150110012e-01  1.348907603061467e+00  6.738472371736629e-01 
 6.000000000000000e+01  1.104632065475580e+00  5.342451242761775e-06 -2.811161954782728e-05  6.767855538050538e-01  7.122480984790433e-02  2.268965492492506e+00  1.575968756067569e+00  7.779515669150705e-01  6.687406099343433e-01  1.336947981774034e+00  6.678576636627589e-01 
 6.500000000000000e+01  1.105563747487150e+00  5.421721103849445e-06 -2.852517275278883e-05  6.709212187145237e-01  7.235565048513681e-02  2.268142547700588e+00  1.564174247067168e+00  7.736407011367111e-01  6.627479676429212e-01  1.324948849803767e+00  6.618483185476403e-01 
 7.000000000000000e+01  1.106487576446767e+00  5.500873581424319e-06 -2.893836181254661e-05  6.650374399502779e-01  7.348834993553560e-02  2.267344907557295e+00  1.552387396522557e+00  7.693370545542288e-01  6.567356830930510e-01  1.312910397824807e+00  6.558192970798938e-01 
 7.500000000000000e+01  1.107404057286089e+00  5.579909373980193e-06 -2.935118934916096e-05  6.591343163755545e-01  7.462292932167983e-02  2.266572465875994e+00  1.540607807967323e+00  7.650408375939246e-01  6.507038538187965e-01  1.300832821484459e+00  6.497706969488262e-01 
 8.000000000000000e+01  1.108313770983798e+00  5.658830089267958e-06 -2.976366212663699e-05  6.532119485872940e-01  7.575941315959168e-02  2.265825083259342e+00  1.528834988660802e+00  7.607523116154269e-01  6.446525791996880e-01  1.288716319884442e+00  6.437026174925884e-01 
 8.500000000000000e+01  1.109217338722267e+00  5.737637830978426e-06 -3.017578940756253e-05  6.472704365704809e-01  7.689782760393156e-02  2.265102603592192e+00  1.517068365272140e+00  7.564717673776260e-01  6.385819582140256e-01  1.276561091016292e+00  6.376151573692315e-01 
 9.000000000000000e+01  1.110115383495955e+00  5.816334759315428e-06 -3.058758127549816e-05  6.413098770908285e-01  7.803819851286536e-02  2.264404871931721e+00  1.505307293075493e+00  7.521995015601761e-01  6.324920869776381e-01  1.264367326711801e+00  6.315084119602380e-01 
 9.500000000000000e+01  1.111008521807424e+00  5.894922997312432e-06 -3.099904854263316e-05  6.353303628774853e-01  7.918055078423344e-02  2.263731738450058e+00  1.493551024066005e+00  7.479358081434858e-01  6.263830581263978e-01  1.252135211196099e+00  6.253824725374385e-01 
 1.000000000000000e+02  1.111897411215061e+00  5.973405172989240e-06 -3.141020554370412e-05  6.293319851757140e-01  8.032491008093849e-02  2.263083036210895e+00  1.481798604702317e+00  7.436809975534182e-01  6.202549636540885e-01  1.239864926428905e+00  6.192374287680418e-01 
 1.050000000000000e+02  1.112782856625513e+00  6.051785626227932e-06 -3.182107600855057e-05  6.233148397763102e-01  8.147130702042849e-02  2.262458531205828e+00  1.470048690924687e+00  7.394354441187345e-01  6.141079013461080e-01  1.227556664463684e+00  6.130733746481051e-01 
 1.100000000000000e+02  1.113665967663609e+00  6.130072187876848e-06 -3.223170170467902e-05  6.172790358941072e-01  8.261978338574799e-02  2.261857848092752e+00  1.458299275091525e+00  7.351996564888537e-01  6.079419842527035e-01  1.215210645642375e+00  6.068904172373202e-01 
 1.150000000000000e+02  1.114548369121366e+00  6.208278550622718e-06 -3.264215407591247e-05  6.112247078552744e-01  8.377040032825042e-02  2.261280370476703e+00  1.446547305148593e+00  7.309743704167498e-01  6.017573532406082e-01  1.202827142620195e+00  6.006886881457710e-01 
 1.200000000000000e+02  1.115432480561024e+00  6.286427408240826e-06 -3.305254980226732e-05  6.051520303856479e-01  8.492324912412530e-02  2.260725107991664e+00  1.434788157707574e+00  7.267606699858655e-01  5.955541935240054e-01  1.190406511877474e+00  5.944683585333971e-01 
 1.250000000000000e+02  1.116321897141098e+00  6.364554720522035e-06 -3.346307206518496e-05  5.990612392201835e-01  8.607846570272080e-02  2.260190514719705e+00  1.423014903014218e+00  7.225601510689980e-01  5.893327570495822e-01  1.177949236296558e+00  5.882296593225660e-01 
