-6.00000000e-02  1.88037706e+00 -6.00000000e-02  2.36900363e+00 -6.00000000e-02  1.55739433e+00 -6.00000000e-02  2.03732328e+00 -6.00000000e-02 -2.63052580e-03 
-5.98000000e-02  1.88081428e+00 -5.98000000e-02  2.36856344e+00 -5.98000000e-02  1.55782290e+00 -5.98000000e-02  2.03688982e+00 -5.98000000e-02 -2.63053701e-03 
-5.96000000e-02  1.88125716e+00 -5.96000000e-02  2.36811754e+00 -5.96000000e-02  1.55825648e+00 -5.96000000e-02  2.03645072e+00 -5.96000000e-02 -2.63054838e-03 
-5.94000000e-02  1.88170391e+00 -5.94000000e-02  2.36766775e+00 -5.94000000e-02  1.55869398e+00 -5.94000000e-02  2.03600786e+00 -5.94000000e-02 -2.63055986e-03 
-5.92000000e-02  1.88215164e+00 -5.92000000e-02  2.36721698e+00 -5.92000000e-02  1.55913229e+00 -5.92000000e-02  2.03556399e+00 -5.92000000e-02 -2.63057136e-03 
-5.90000000e-02  1.88260018e+00 -5.90000000e-02  2.36676538e+00 -5.90000000e-02  1.55957148e+00 -5.90000000e-02  2.03511925e+00 -5.90000000e-02 -2.63058288e-03 
-5.88000000e-02  1.88304935e+00 -5.88000000e-02  2.36631315e+00 -5.88000000e-02  1.56001136e+00 -5.88000000e-02  2.03467402e+00 -5.88000000e-02 -2.63059441e-03 
-5.86000000e-02  1.88349915e+00 -5.86000000e-02  2.36586029e+00 -5.86000000e-02  1.56045178e+00 -5.86000000e-02  2.03422804e+00 -5.86000000e-02 -2.63060596e-03 
-5.84000000e-02  1.88394954e+00 -5.84000000e-02  2.36540683e+00 -5.84000000e-02  1.56089283e+00 -5.84000000e-02  2.03378154e+00 -5.84000000e-02 -2.63061751e-03 
-5.82000000e-02  1.88440054e+00 -5.82000000e-02  2.36495276e+00 -5.82000000e-02  1.56133455e+00 -5.82000000e-02  2.03333440e+00 -5.82000000e-02 -2.63062908e-03 
-5.80000000e-02  1.88485214e+00 -5.80000000e-02  2.36449809e+00 -5.80000000e-02  1.56177664e+00 -5.80000000e-02  2.03288671e+00 -5.80000000e-02 -2.63064066e-03 
-5.78000000e-02  1.88530434e+00 -5.78000000e-02  2.36404282e+00 -5.78000000e-02  1.56221943e+00 -5.78000000e-02  2.03243856e+00 -5.78000000e-02 -2.63065225e-03 
-5.76000000e-02  1.88575712e+00 -5.76000000e-02  2.36358695e+00 -5.76000000e-02  1.56266274e+00 -5.76000000e-02  2.03198971e+00 -5.76000000e-02 -2.63066385e-03 
-5.74000000e-02  1.88621051e+00 -5.74000000e-02  2.36313048e+00 -5.74000000e-02  1.56310673e+00 -5.74000000e-02  2.03154014e+00 -5.74000000e-02 -2.63067546e-03 
-5.72000000e-02  1.88666448e+00 -5.72000000e-02  2.36267343e+00 -5.72000000e-02  1.56355143e+00 -5.72000000e-02  2.03109006e+00 -5.72000000e-02 -2.63068709e-03 
-5.70000000e-02  1.88711903e+00 -5.70000000e-02  2.36221578e+00 -5.70000000e-02  1.56399641e+00 -5.70000000e-02  2.03063946e+00 -5.70000000e-02 -2.63069873e-03 
-5.68000000e-02  1.88758479e+00 -5.68000000e-02  2.36174684e+00 -5.68000000e-02  1.56445242e+00 -5.68000000e-02  2.03017775e+00 -5.68000000e-02 -2.63071069e-03 
-5.66000000e-02  1.88804059e+00 -5.66000000e-02  2.36128795e+00 -5.66000000e-02  1.56489877e+00 -5.66000000e-02  2.02972594e+00 -5.66000000e-02 -2.63072236e-03 
-5.64000000e-02  1.88849713e+00 -5.64000000e-02  2.36082831e+00 -5.64000000e-02  1.56534590e+00 -5.64000000e-02  2.02927332e+00 -5.64000000e-02 -2.63073403e-03 
-5.62000000e-02  1.88895405e+00 -5.62000000e-02  2.36036828e+00 -5.62000000e-02  1.56579327e+00 -5.62000000e-02  2.02882037e+00 -5.62000000e-02 -2.63074572e-03 
-5.60000000e-02  1.88941156e+00 -5.60000000e-02  2.35990767e+00 -5.60000000e-02  1.56624131e+00 -5.60000000e-02  2.02836678e+00 -5.60000000e-02 -2.63075741e-03 
-5.58000000e-02  1.88986963e+00 -5.58000000e-02  2.35944648e+00 -5.58000000e-02  1.56668997e+00 -5.58000000e-02  2.02791276e+00 -5.58000000e-02 -2.63076912e-03 
-5.56000000e-02  1.89032828e+00 -5.56000000e-02  2.35898472e+00 -5.56000000e-02  1.56713907e+00 -5.56000000e-02  2.02745805e+00 -5.56000000e-02 -2.63078084e-03 
-5.54000000e-02  1.89078749e+00 -5.54000000e-02  2.35852239e+00 -5.54000000e-02  1.56758874e+00 -5.54000000e-02  2.02700281e+00 -5.54000000e-02 -2.63079257e-03 
-5.52000000e-02  1.89124727e+00 -5.52000000e-02  2.35805949e+00 -5.52000000e-02  1.56803904e+00 -5.52000000e-02  2.02654706e+00 -5.52000000e-02 -2.63080432e-03 
-5.50000000e-02  1.89170762e+00 -5.50000000e-02  2.35759602e+00 -5.50000000e-02  1.56848978e+00 -5.50000000e-02  2.02609075e+00 -5.50000000e-02 -2.63081607e-03 
-5.48000000e-02  1.89216852e+00 -5.48000000e-02  2.35713199e+00 -5.48000000e-02  1.56894119e+00 -5.48000000e-02  2.02563383e+00 -5.48000000e-02 -2.63082784e-03 
-5.46000000e-02  1.89262999e+00 -5.46000000e-02  2.35666739e+00 -5.46000000e-02  1.56939299e+00 -5.46000000e-02  2.02517639e+00 -5.46000000e-02 -2.63083961e-03 
-5.44000000e-02  1.89309201e+00 -5.44000000e-02  2.35620223e+00 -5.44000000e-02  1.56984559e+00 -5.44000000e-02  2.02471843e+00 -5.44000000e-02 -2.63085140e-03 
-5.42000000e-02  1.89355459e+00 -5.42000000e-02  2.35573652e+00 -5.42000000e-02  1.57029859e+00 -5.42000000e-02  2.02425990e+00 -5.42000000e-02 -2.63086320e-03 
-5.40000000e-02  1.89401772e+00 -5.40000000e-02  2.35527024e+00 -5.40000000e-02  1.57075214e+00 -5.40000000e-02  2.02380077e+00 -5.40000000e-02 -2.63087501e-03 
-5.38000000e-02  1.89448140e+00 -5.38000000e-02  2.35480342e+00 -5.38000000e-02  1.57120626e+00 -5.38000000e-02  2.02334121e+00 -5.38000000e-02 -2.63088684e-03 
-5.36000000e-02  1.89494860e+00 -5.36000000e-02  2.35433305e+00 -5.36000000e-02  1.57166387e+00 -5.36000000e-02  2.02287808e+00 -5.36000000e-02 -2.63089876e-03 
-5.34000000e-02  1.89541339e+00 -5.34000000e-02  2.35386510e+00 -5.34000000e-02  1.57211904e+00 -5.34000000e-02  2.02241740e+00 -5.34000000e-02 -2.63091061e-03 
-5.32000000e-02  1.89587874e+00 -5.32000000e-02  2.35339660e+00 -5.32000000e-02  1.57257472e+00 -5.32000000e-02  2.02195621e+00 -5.32000000e-02 -2.63092247e-03 
-5.30000000e-02  1.89634461e+00 -5.30000000e-02  2.35292757e+00 -5.30000000e-02  1.57303095e+00 -5.30000000e-02  2.02149427e+00 -5.30000000e-02 -2.63093434e-03 
-5.28000000e-02  1.89681186e+00 -5.28000000e-02  2.35245716e+00 -5.28000000e-02  1.57348866e+00 -5.28000000e-02  2.02103108e+00 -5.28000000e-02 -2.63094625e-03 
-5.26000000e-02  1.89727881e+00 -5.26000000e-02  2.35198704e+00 -5.26000000e-02  1.57394609e+00 -5.26000000e-02  2.02056825e+00 -5.26000000e-02 -2.63095814e-03 
-5.24000000e-02  1.89774629e+00 -5.24000000e-02  2.35151638e+00 -5.24000000e-02  1.57440376e+00 -5.24000000e-02  2.02010487e+00 -5.24000000e-02 -2.63097005e-03 
-5.22000000e-02  1.89821347e+00 -5.22000000e-02  2.35104604e+00 -5.22000000e-02  1.57486130e+00 -5.22000000e-02  2.01964190e+00 -5.22000000e-02 -2.63098194e-03 
-5.20000000e-02  1.89868202e+00 -5.20000000e-02  2.35057432e+00 -5.20000000e-02  1.57532038e+00 -5.20000000e-02  2.01917732e+00 -5.20000000e-02 -2.63099387e-03 
-5.18000000e-02  1.89915108e+00 -5.18000000e-02  2.35010207e+00 -5.18000000e-02  1.57577965e+00 -5.18000000e-02  2.01871236e+00 -5.18000000e-02 -2.63100581e-03 
-5.16000000e-02  1.89962068e+00 -5.16000000e-02  2.34962929e+00 -5.16000000e-02  1.57623972e+00 -5.16000000e-02  2.01824701e+00 -5.16000000e-02 -2.63101777e-03 
-5.14000000e-02  1.90009080e+00 -5.14000000e-02  2.34915599e+00 -5.14000000e-02  1.57670013e+00 -5.14000000e-02  2.01778091e+00 -5.14000000e-02 -2.63102973e-03 
-5.12000000e-02  1.90055837e+00 -5.12000000e-02  2.34868525e+00 -5.12000000e-02  1.57715798e+00 -5.12000000e-02  2.01731755e+00 -5.12000000e-02 -2.63104162e-03 
-5.10000000e-02  1.90102951e+00 -5.10000000e-02  2.34821091e+00 -5.10000000e-02  1.57761941e+00 -5.10000000e-02  2.01685053e+00 -5.10000000e-02 -2.63105361e-03 
-5.08000000e-02  1.90150111e+00 -5.08000000e-02  2.34773612e+00 -5.08000000e-02  1.57808129e+00 -5.08000000e-02  2.01638308e+00 -5.08000000e-02 -2.63106560e-03 
-5.06000000e-02  1.90197329e+00 -5.06000000e-02  2.34726074e+00 -5.06000000e-02  1.57854376e+00 -5.06000000e-02  2.01591505e+00 -5.06000000e-02 -2.63107762e-03 
-5.04000000e-02  1.90244597e+00 -5.04000000e-02  2.34678485e+00 -5.04000000e-02  1.57900679e+00 -5.04000000e-02  2.01544649e+00 -5.04000000e-02 -2.63108964e-03 
-5.02000000e-02  1.90291917e+00 -5.02000000e-02  2.34630844e+00 -5.02000000e-02  1.57947030e+00 -5.02000000e-02  2.01497754e+00 -5.02000000e-02 -2.63110168e-03 
-5.00000000e-02  1.90339287e+00 -5.00000000e-02  2.34583153e+00 -5.00000000e-02  1.57993423e+00 -5.00000000e-02  2.01450798e+00 -5.00000000e-02 -2.63111372e-03 
-4.98000000e-02  1.90386708e+00 -4.98000000e-02  2.34535411e+00 -4.98000000e-02  1.58039875e+00 -4.98000000e-02  2.01403792e+00 -4.98000000e-02 -2.63112578e-03 
-4.96000000e-02  1.90434179e+00 -4.96000000e-02  2.34487618e+00 -4.96000000e-02  1.58086371e+00 -4.96000000e-02  2.01356737e+00 -4.96000000e-02 -2.63113785e-03 
-4.94000000e-02  1.90481700e+00 -4.94000000e-02  2.34439775e+00 -4.94000000e-02  1.58132915e+00 -4.94000000e-02  2.01309642e+00 -4.94000000e-02 -2.63114994e-03 
-4.92000000e-02  1.90529271e+00 -4.92000000e-02  2.34391881e+00 -4.92000000e-02  1.58179508e+00 -4.92000000e-02  2.01262494e+00 -4.92000000e-02 -2.63116203e-03 
-4.90000000e-02  1.90576891e+00 -4.90000000e-02  2.34343938e+00 -4.90000000e-02  1.58226166e+00 -4.90000000e-02  2.01215288e+00 -4.90000000e-02 -2.63117414e-03 
-4.88000000e-02  1.90624561e+00 -4.88000000e-02  2.34295945e+00 -4.88000000e-02  1.58272848e+00 -4.88000000e-02  2.01168047e+00 -4.88000000e-02 -2.63118626e-03 
-4.86000000e-02  1.90672279e+00 -4.86000000e-02  2.34247903e+00 -4.86000000e-02  1.58319589e+00 -4.86000000e-02  2.01120743e+00 -4.86000000e-02 -2.63119839e-03 
-4.84000000e-02  1.90720047e+00 -4.84000000e-02  2.34199811e+00 -4.84000000e-02  1.58366379e+00 -4.84000000e-02  2.01073405e+00 -4.84000000e-02 -2.63121053e-03 
-4.82000000e-02  1.90767863e+00 -4.82000000e-02  2.34151671e+00 -4.82000000e-02  1.58413233e+00 -4.82000000e-02  2.01026003e+00 -4.82000000e-02 -2.63122269e-03 
-4.80000000e-02  1.90815727e+00 -4.80000000e-02  2.34103481e+00 -4.80000000e-02  1.58460099e+00 -4.80000000e-02  2.00978562e+00 -4.80000000e-02 -2.63123485e-03 
-4.78000000e-02  1.90863640e+00 -4.78000000e-02  2.34055243e+00 -4.78000000e-02  1.58507036e+00 -4.78000000e-02  2.00931076e+00 -4.78000000e-02 -2.63124703e-03 
-4.76000000e-02  1.90911601e+00 -4.76000000e-02  2.34006957e+00 -4.76000000e-02  1.58554022e+00 -4.76000000e-02  2.00883558e+00 -4.76000000e-02 -2.63125922e-03 
-4.74000000e-02  1.90959609e+00 -4.74000000e-02  2.33958623e+00 -4.74000000e-02  1.58601050e+00 -4.74000000e-02  2.00835970e+00 -4.74000000e-02 -2.63127143e-03 
-4.72000000e-02  1.91007665e+00 -4.72000000e-02  2.33910241e+00 -4.72000000e-02  1.58648120e+00 -4.72000000e-02  2.00788327e+00 -4.72000000e-02 -2.63128364e-03 
-4.70000000e-02  1.91054589e+00 -4.70000000e-02  2.33862999e+00 -4.70000000e-02  1.58694082e+00 -4.70000000e-02  2.00741827e+00 -4.70000000e-02 -2.63129553e-03 
-4.68000000e-02  1.91102726e+00 -4.68000000e-02  2.33814536e+00 -4.68000000e-02  1.58741236e+00 -4.68000000e-02  2.00694114e+00 -4.68000000e-02 -2.63130776e-03 
-4.66000000e-02  1.91150833e+00 -4.66000000e-02  2.33766102e+00 -4.66000000e-02  1.58788367e+00 -4.66000000e-02  2.00646435e+00 -4.66000000e-02 -2.63131999e-03 
-4.64000000e-02  1.91199071e+00 -4.64000000e-02  2.33717536e+00 -4.64000000e-02  1.58835615e+00 -4.64000000e-02  2.00598625e+00 -4.64000000e-02 -2.63133225e-03 
-4.62000000e-02  1.91247351e+00 -4.62000000e-02  2.33668928e+00 -4.62000000e-02  1.58882916e+00 -4.62000000e-02  2.00550769e+00 -4.62000000e-02 -2.63134452e-03 
-4.60000000e-02  1.91295683e+00 -4.60000000e-02  2.33620268e+00 -4.60000000e-02  1.58930270e+00 -4.60000000e-02  2.00502872e+00 -4.60000000e-02 -2.63135681e-03 
-4.58000000e-02  1.91344061e+00 -4.58000000e-02  2.33571561e+00 -4.58000000e-02  1.58977653e+00 -4.58000000e-02  2.00454927e+00 -4.58000000e-02 -2.63136911e-03 
-4.56000000e-02  1.91392485e+00 -4.56000000e-02  2.33522808e+00 -4.56000000e-02  1.59025095e+00 -4.56000000e-02  2.00406935e+00 -4.56000000e-02 -2.63138142e-03 
-4.54000000e-02  1.91440954e+00 -4.54000000e-02  2.33474009e+00 -4.54000000e-02  1.59072578e+00 -4.54000000e-02  2.00358896e+00 -4.54000000e-02 -2.63139374e-03 
-4.52000000e-02  1.91489469e+00 -4.52000000e-02  2.33425165e+00 -4.52000000e-02  1.59120095e+00 -4.52000000e-02  2.00310812e+00 -4.52000000e-02 -2.63140608e-03 
-4.50000000e-02  1.91538028e+00 -4.50000000e-02  2.33376275e+00 -4.50000000e-02  1.59167671e+00 -4.50000000e-02  2.00262683e+00 -4.50000000e-02 -2.63141843e-03 
-4.48000000e-02  1.91586632e+00 -4.48000000e-02  2.33327340e+00 -4.48000000e-02  1.59215285e+00 -4.48000000e-02  2.00214513e+00 -4.48000000e-02 -2.63143079e-03 
-4.46000000e-02  1.91635281e+00 -4.46000000e-02  2.33278360e+00 -4.46000000e-02  1.59262943e+00 -4.46000000e-02  2.00166309e+00 -4.46000000e-02 -2.63144316e-03 
-4.44000000e-02  1.91683974e+00 -4.44000000e-02  2.33229335e+00 -4.44000000e-02  1.59310656e+00 -4.44000000e-02  2.00118035e+00 -4.44000000e-02 -2.63145555e-03 
-4.42000000e-02  1.91732712e+00 -4.42000000e-02  2.33180266e+00 -4.42000000e-02  1.59358405e+00 -4.42000000e-02  2.00069738e+00 -4.42000000e-02 -2.63146795e-03 
-4.40000000e-02  1.91781493e+00 -4.40000000e-02  2.33131153e+00 -4.40000000e-02  1.59406192e+00 -4.40000000e-02  2.00021402e+00 -4.40000000e-02 -2.63148036e-03 
-4.38000000e-02  1.91830318e+00 -4.38000000e-02  2.33081995e+00 -4.38000000e-02  1.59454024e+00 -4.38000000e-02  1.99972995e+00 -4.38000000e-02 -2.63149278e-03 
-4.36000000e-02  1.91879186e+00 -4.36000000e-02  2.33032794e+00 -4.36000000e-02  1.59501902e+00 -4.36000000e-02  1.99924567e+00 -4.36000000e-02 -2.63150522e-03 
-4.34000000e-02  1.91928097e+00 -4.34000000e-02  2.32983549e+00 -4.34000000e-02  1.59549806e+00 -4.34000000e-02  1.99876091e+00 -4.34000000e-02 -2.63151766e-03 
-4.32000000e-02  1.91977052e+00 -4.32000000e-02  2.32934261e+00 -4.32000000e-02  1.59597779e+00 -4.32000000e-02  1.99827572e+00 -4.32000000e-02 -2.63153013e-03 
-4.30000000e-02  1.92026049e+00 -4.30000000e-02  2.32884930e+00 -4.30000000e-02  1.59645787e+00 -4.30000000e-02  1.99779009e+00 -4.30000000e-02 -2.63154260e-03 
-4.28000000e-02  1.92075089e+00 -4.28000000e-02  2.32835555e+00 -4.28000000e-02  1.59693842e+00 -4.28000000e-02  1.99730407e+00 -4.28000000e-02 -2.63155508e-03 
-4.26000000e-02  1.92124171e+00 -4.26000000e-02  2.32786138e+00 -4.26000000e-02  1.59741917e+00 -4.26000000e-02  1.99681768e+00 -4.26000000e-02 -2.63156758e-03 
-4.24000000e-02  1.92173295e+00 -4.24000000e-02  2.32736679e+00 -4.24000000e-02  1.59790039e+00 -4.24000000e-02  1.99633086e+00 -4.24000000e-02 -2.63158009e-03 
-4.22000000e-02  1.92222461e+00 -4.22000000e-02  2.32687177e+00 -4.22000000e-02  1.59838218e+00 -4.22000000e-02  1.99584361e+00 -4.22000000e-02 -2.63159262e-03 
-4.20000000e-02  1.92271668e+00 -4.20000000e-02  2.32637634e+00 -4.20000000e-02  1.59886423e+00 -4.20000000e-02  1.99535593e+00 -4.20000000e-02 -2.63160515e-03 
-4.18000000e-02  1.92320917e+00 -4.18000000e-02  2.32588048e+00 -4.18000000e-02  1.59934680e+00 -4.18000000e-02  1.99486765e+00 -4.18000000e-02 -2.63161770e-03 
-4.16000000e-02  1.92370207e+00 -4.16000000e-02  2.32538421e+00 -4.16000000e-02  1.59982973e+00 -4.16000000e-02  1.99437931e+00 -4.16000000e-02 -2.63163026e-03 
-4.14000000e-02  1.92419539e+00 -4.14000000e-02  2.32488753e+00 -4.14000000e-02  1.60031306e+00 -4.14000000e-02  1.99389042e+00 -4.14000000e-02 -2.63164284e-03 
-4.12000000e-02  1.92468910e+00 -4.12000000e-02  2.32439043e+00 -4.12000000e-02  1.60079667e+00 -4.12000000e-02  1.99340108e+00 -4.12000000e-02 -2.63165542e-03 
-4.10000000e-02  1.92518323e+00 -4.10000000e-02  2.32389293e+00 -4.10000000e-02  1.60128099e+00 -4.10000000e-02  1.99291143e+00 -4.10000000e-02 -2.63166802e-03 
-4.08000000e-02  1.92567776e+00 -4.08000000e-02  2.32339502e+00 -4.08000000e-02  1.60176551e+00 -4.08000000e-02  1.99242140e+00 -4.08000000e-02 -2.63168064e-03 
-4.06000000e-02  1.92617268e+00 -4.06000000e-02  2.32289670e+00 -4.06000000e-02  1.60225045e+00 -4.06000000e-02  1.99193080e+00 -4.06000000e-02 -2.63169326e-03 
-4.04000000e-02  1.92666801e+00 -4.04000000e-02  2.32239798e+00 -4.04000000e-02  1.60273588e+00 -4.04000000e-02  1.99143993e+00 -4.04000000e-02 -2.63170590e-03 
-4.02000000e-02  1.92716373e+00 -4.02000000e-02  2.32189886e+00 -4.02000000e-02  1.60322149e+00 -4.02000000e-02  1.99094859e+00 -4.02000000e-02 -2.63171855e-03 
-4.00000000e-02  1.92765985e+00 -4.00000000e-02  2.32139935e+00 -4.00000000e-02  1.60370752e+00 -4.00000000e-02  1.99045701e+00 -4.00000000e-02 -2.63173122e-03 
-3.98000000e-02  1.92815635e+00 -3.98000000e-02  2.32089943e+00 -3.98000000e-02  1.60419409e+00 -3.98000000e-02  1.98996490e+00 -3.98000000e-02 -2.63174389e-03 
-3.96000000e-02  1.92865325e+00 -3.96000000e-02  2.32039913e+00 -3.96000000e-02  1.60468092e+00 -3.96000000e-02  1.98947244e+00 -3.96000000e-02 -2.63175658e-03 
-3.94000000e-02  1.92915054e+00 -3.94000000e-02  2.31989843e+00 -3.94000000e-02  1.60516817e+00 -3.94000000e-02  1.98897958e+00 -3.94000000e-02 -2.63176929e-03 
-3.92000000e-02  1.92964821e+00 -3.92000000e-02  2.31939734e+00 -3.92000000e-02  1.60565590e+00 -3.92000000e-02  1.98848638e+00 -3.92000000e-02 -2.63178200e-03 
-3.90000000e-02  1.93014626e+00 -3.90000000e-02  2.31889587e+00 -3.90000000e-02  1.60614392e+00 -3.90000000e-02  1.98799287e+00 -3.90000000e-02 -2.63179473e-03 
-3.88000000e-02  1.93064469e+00 -3.88000000e-02  2.31839401e+00 -3.88000000e-02  1.60663234e+00 -3.88000000e-02  1.98749892e+00 -3.88000000e-02 -2.63180747e-03 
-3.86000000e-02  1.93114350e+00 -3.86000000e-02  2.31789177e+00 -3.86000000e-02  1.60712104e+00 -3.86000000e-02  1.98700451e+00 -3.86000000e-02 -2.63182023e-03 
-3.84000000e-02  1.93164269e+00 -3.84000000e-02  2.31738915e+00 -3.84000000e-02  1.60761027e+00 -3.84000000e-02  1.98650972e+00 -3.84000000e-02 -2.63183300e-03 
-3.82000000e-02  1.93214226e+00 -3.82000000e-02  2.31688615e+00 -3.82000000e-02  1.60809975e+00 -3.82000000e-02  1.98601490e+00 -3.82000000e-02 -2.63184578e-03 
-3.80000000e-02  1.93264219e+00 -3.80000000e-02  2.31638277e+00 -3.80000000e-02  1.60858965e+00 -3.80000000e-02  1.98551926e+00 -3.80000000e-02 -2.63185857e-03 
-3.78000000e-02  1.93314249e+00 -3.78000000e-02  2.31587902e+00 -3.78000000e-02  1.60907973e+00 -3.78000000e-02  1.98502348e+00 -3.78000000e-02 -2.63187138e-03 
-3.76000000e-02  1.93364316e+00 -3.76000000e-02  2.31537490e+00 -3.76000000e-02  1.60957051e+00 -3.76000000e-02  1.98452742e+00 -3.76000000e-02 -2.63188420e-03 
-3.74000000e-02  1.93414420e+00 -3.74000000e-02  2.31487041e+00 -3.74000000e-02  1.61006146e+00 -3.74000000e-02  1.98403078e+00 -3.74000000e-02 -2.63189704e-03 
-3.72000000e-02  1.93464560e+00 -3.72000000e-02  2.31436555e+00 -3.72000000e-02  1.61055279e+00 -3.72000000e-02  1.98353393e+00 -3.72000000e-02 -2.63190989e-03 
-3.70000000e-02  1.93514736e+00 -3.70000000e-02  2.31386033e+00 -3.70000000e-02  1.61104442e+00 -3.70000000e-02  1.98303661e+00 -3.70000000e-02 -2.63192275e-03 
-3.68000000e-02  1.93564948e+00 -3.68000000e-02  2.31335475e+00 -3.68000000e-02  1.61153659e+00 -3.68000000e-02  1.98253904e+00 -3.68000000e-02 -2.63193562e-03 
-3.66000000e-02  1.93615196e+00 -3.66000000e-02  2.31284880e+00 -3.66000000e-02  1.61202891e+00 -3.66000000e-02  1.98204111e+00 -3.66000000e-02 -2.63194851e-03 
-3.64000000e-02  1.93665479e+00 -3.64000000e-02  2.31234250e+00 -3.64000000e-02  1.61252171e+00 -3.64000000e-02  1.98154271e+00 -3.64000000e-02 -2.63196141e-03 
-3.62000000e-02  1.93715797e+00 -3.62000000e-02  2.31183583e+00 -3.62000000e-02  1.61301484e+00 -3.62000000e-02  1.98104408e+00 -3.62000000e-02 -2.63197433e-03 
-3.60000000e-02  1.93766150e+00 -3.60000000e-02  2.31132882e+00 -3.60000000e-02  1.61350827e+00 -3.60000000e-02  1.98054512e+00 -3.60000000e-02 -2.63198725e-03 
-3.58000000e-02  1.93816538e+00 -3.58000000e-02  2.31082145e+00 -3.58000000e-02  1.61400207e+00 -3.58000000e-02  1.98004578e+00 -3.58000000e-02 -2.63200019e-03 
-3.56000000e-02  1.93866960e+00 -3.56000000e-02  2.31031374e+00 -3.56000000e-02  1.61449624e+00 -3.56000000e-02  1.97954604e+00 -3.56000000e-02 -2.63201315e-03 
-3.54000000e-02  1.93917417e+00 -3.54000000e-02  2.30980567e+00 -3.54000000e-02  1.61499062e+00 -3.54000000e-02  1.97904598e+00 -3.54000000e-02 -2.63202612e-03 
-3.52000000e-02  1.93967908e+00 -3.52000000e-02  2.30929726e+00 -3.52000000e-02  1.61548554e+00 -3.52000000e-02  1.97854564e+00 -3.52000000e-02 -2.63203910e-03 
-3.50000000e-02  1.94018433e+00 -3.50000000e-02  2.30878851e+00 -3.50000000e-02  1.61598066e+00 -3.50000000e-02  1.97804489e+00 -3.50000000e-02 -2.63205210e-03 
-3.48000000e-02  1.94068992e+00 -3.48000000e-02  2.30827942e+00 -3.48000000e-02  1.61647616e+00 -3.48000000e-02  1.97754386e+00 -3.48000000e-02 -2.63206511e-03 
-3.46000000e-02  1.94119584e+00 -3.46000000e-02  2.30776998e+00 -3.46000000e-02  1.61697191e+00 -3.46000000e-02  1.97704255e+00 -3.46000000e-02 -2.63207813e-03 
-3.44000000e-02  1.94170209e+00 -3.44000000e-02  2.30726022e+00 -3.44000000e-02  1.61746811e+00 -3.44000000e-02  1.97654087e+00 -3.44000000e-02 -2.63209117e-03 
-3.42000000e-02  1.94220867e+00 -3.42000000e-02  2.30675011e+00 -3.42000000e-02  1.61796459e+00 -3.42000000e-02  1.97603878e+00 -3.42000000e-02 -2.63210422e-03 
-3.40000000e-02  1.94271558e+00 -3.40000000e-02  2.30623968e+00 -3.40000000e-02  1.61846134e+00 -3.40000000e-02  1.97553649e+00 -3.40000000e-02 -2.63211728e-03 
-3.38000000e-02  1.94322282e+00 -3.38000000e-02  2.30572891e+00 -3.38000000e-02  1.61895847e+00 -3.38000000e-02  1.97503380e+00 -3.38000000e-02 -2.63213036e-03 
-3.36000000e-02  1.94373038e+00 -3.36000000e-02  2.30521781e+00 -3.36000000e-02  1.61945596e+00 -3.36000000e-02  1.97453067e+00 -3.36000000e-02 -2.63214345e-03 
-3.34000000e-02  1.94423826e+00 -3.34000000e-02  2.30470639e+00 -3.34000000e-02  1.61995366e+00 -3.34000000e-02  1.97402745e+00 -3.34000000e-02 -2.63215656e-03 
-3.32000000e-02  1.94474646e+00 -3.32000000e-02  2.30419465e+00 -3.32000000e-02  1.62045174e+00 -3.32000000e-02  1.97352386e+00 -3.32000000e-02 -2.63216968e-03 
-3.30000000e-02  1.94525498e+00 -3.30000000e-02  2.30368258e+00 -3.30000000e-02  1.62095009e+00 -3.30000000e-02  1.97301990e+00 -3.30000000e-02 -2.63218281e-03 
-3.28000000e-02  1.94576381e+00 -3.28000000e-02  2.30317020e+00 -3.28000000e-02  1.62144879e+00 -3.28000000e-02  1.97251561e+00 -3.28000000e-02 -2.63219596e-03 
-3.26000000e-02  1.94627296e+00 -3.26000000e-02  2.30265750e+00 -3.26000000e-02  1.62194780e+00 -3.26000000e-02  1.97201106e+00 -3.26000000e-02 -2.63220912e-03 
-3.24000000e-02  1.94678241e+00 -3.24000000e-02  2.30214448e+00 -3.24000000e-02  1.62244719e+00 -3.24000000e-02  1.97150622e+00 -3.24000000e-02 -2.63222229e-03 
-3.22000000e-02  1.94729218e+00 -3.22000000e-02  2.30163115e+00 -3.22000000e-02  1.62294680e+00 -3.22000000e-02  1.97100110e+00 -3.22000000e-02 -2.63223548e-03 
-3.20000000e-02  1.94780225e+00 -3.20000000e-02  2.30111751e+00 -3.20000000e-02  1.62344670e+00 -3.20000000e-02  1.97049560e+00 -3.20000000e-02 -2.63224868e-03 
-3.18000000e-02  1.94831263e+00 -3.18000000e-02  2.30060356e+00 -3.18000000e-02  1.62394698e+00 -3.18000000e-02  1.96998978e+00 -3.18000000e-02 -2.63226190e-03 
-3.16000000e-02  1.94882331e+00 -3.16000000e-02  2.30008930e+00 -3.16000000e-02  1.62444749e+00 -3.16000000e-02  1.96948371e+00 -3.16000000e-02 -2.63227513e-03 
-3.14000000e-02  1.94933429e+00 -3.14000000e-02  2.29957474e+00 -3.14000000e-02  1.62494829e+00 -3.14000000e-02  1.96897737e+00 -3.14000000e-02 -2.63228838e-03 
-3.12000000e-02  1.94984556e+00 -3.12000000e-02  2.29905987e+00 -3.12000000e-02  1.62544948e+00 -3.12000000e-02  1.96847059e+00 -3.12000000e-02 -2.63230164e-03 
-3.10000000e-02  1.95035713e+00 -3.10000000e-02  2.29854471e+00 -3.10000000e-02  1.62595083e+00 -3.10000000e-02  1.96796371e+00 -3.10000000e-02 -2.63231491e-03 
-3.08000000e-02  1.95086900e+00 -3.08000000e-02  2.29802925e+00 -3.08000000e-02  1.62645256e+00 -3.08000000e-02  1.96745643e+00 -3.08000000e-02 -2.63232820e-03 
-3.06000000e-02  1.95138116e+00 -3.06000000e-02  2.29751349e+00 -3.06000000e-02  1.62695442e+00 -3.06000000e-02  1.96694888e+00 -3.06000000e-02 -2.63234150e-03 
-3.04000000e-02  1.95189360e+00 -3.04000000e-02  2.29699744e+00 -3.04000000e-02  1.62745684e+00 -3.04000000e-02  1.96644100e+00 -3.04000000e-02 -2.63235482e-03 
-3.02000000e-02  1.95240634e+00 -3.02000000e-02  2.29648110e+00 -3.02000000e-02  1.62795948e+00 -3.02000000e-02  1.96593298e+00 -3.02000000e-02 -2.63236815e-03 
-3.00000000e-02  1.95291935e+00 -3.00000000e-02  2.29596447e+00 -3.00000000e-02  1.62846227e+00 -3.00000000e-02  1.96542460e+00 -3.00000000e-02 -2.63238149e-03 
-2.98000000e-02  1.95343266e+00 -2.98000000e-02  2.29544755e+00 -2.98000000e-02  1.62896547e+00 -2.98000000e-02  1.96491586e+00 -2.98000000e-02 -2.63239485e-03 
-2.96000000e-02  1.95394624e+00 -2.96000000e-02  2.29493034e+00 -2.96000000e-02  1.62946883e+00 -2.96000000e-02  1.96440693e+00 -2.96000000e-02 -2.63240822e-03 
-2.94000000e-02  1.95446010e+00 -2.94000000e-02  2.29441285e+00 -2.94000000e-02  1.62997257e+00 -2.94000000e-02  1.96389765e+00 -2.94000000e-02 -2.63242161e-03 
-2.92000000e-02  1.95497423e+00 -2.92000000e-02  2.29389508e+00 -2.92000000e-02  1.63047652e+00 -2.92000000e-02  1.96338822e+00 -2.92000000e-02 -2.63243501e-03 
-2.90000000e-02  1.95548865e+00 -2.90000000e-02  2.29337704e+00 -2.90000000e-02  1.63098076e+00 -2.90000000e-02  1.96287831e+00 -2.90000000e-02 -2.63244843e-03 
-2.88000000e-02  1.95600333e+00 -2.88000000e-02  2.29285871e+00 -2.88000000e-02  1.63148525e+00 -2.88000000e-02  1.96236833e+00 -2.88000000e-02 -2.63246186e-03 
-2.86000000e-02  1.95651828e+00 -2.86000000e-02  2.29234011e+00 -2.86000000e-02  1.63199005e+00 -2.86000000e-02  1.96185801e+00 -2.86000000e-02 -2.63247531e-03 
-2.84000000e-02  1.95703350e+00 -2.84000000e-02  2.29182124e+00 -2.84000000e-02  1.63249510e+00 -2.84000000e-02  1.96134737e+00 -2.84000000e-02 -2.63248877e-03 
-2.82000000e-02  1.95754899e+00 -2.82000000e-02  2.29130210e+00 -2.82000000e-02  1.63300044e+00 -2.82000000e-02  1.96083655e+00 -2.82000000e-02 -2.63250224e-03 
-2.80000000e-02  1.95806474e+00 -2.80000000e-02  2.29078269e+00 -2.80000000e-02  1.63350612e+00 -2.80000000e-02  1.96032542e+00 -2.80000000e-02 -2.63251573e-03 
-2.78000000e-02  1.95858075e+00 -2.78000000e-02  2.29026301e+00 -2.78000000e-02  1.63401172e+00 -2.78000000e-02  1.95981416e+00 -2.78000000e-02 -2.63252923e-03 
-2.76000000e-02  1.95909702e+00 -2.76000000e-02  2.28974307e+00 -2.76000000e-02  1.63451784e+00 -2.76000000e-02  1.95930249e+00 -2.76000000e-02 -2.63254275e-03 
-2.74000000e-02  1.95961355e+00 -2.74000000e-02  2.28922287e+00 -2.74000000e-02  1.63502413e+00 -2.74000000e-02  1.95879056e+00 -2.74000000e-02 -2.63255629e-03 
-2.72000000e-02  1.96013034e+00 -2.72000000e-02  2.28870241e+00 -2.72000000e-02  1.63553097e+00 -2.72000000e-02  1.95827842e+00 -2.72000000e-02 -2.63256983e-03 
-2.70000000e-02  1.96064737e+00 -2.70000000e-02  2.28818169e+00 -2.70000000e-02  1.63603765e+00 -2.70000000e-02  1.95776609e+00 -2.70000000e-02 -2.63258340e-03 
-2.68000000e-02  1.96116466e+00 -2.68000000e-02  2.28766071e+00 -2.68000000e-02  1.63654478e+00 -2.68000000e-02  1.95725341e+00 -2.68000000e-02 -2.63259697e-03 
-2.66000000e-02  1.96168220e+00 -2.66000000e-02  2.28713948e+00 -2.66000000e-02  1.63705213e+00 -2.66000000e-02  1.95674048e+00 -2.66000000e-02 -2.63261056e-03 
-2.64000000e-02  1.96219998e+00 -2.64000000e-02  2.28661800e+00 -2.64000000e-02  1.63755975e+00 -2.64000000e-02  1.95622754e+00 -2.64000000e-02 -2.63262417e-03 
-2.62000000e-02  1.96271801e+00 -2.62000000e-02  2.28609627e+00 -2.62000000e-02  1.63806757e+00 -2.62000000e-02  1.95571406e+00 -2.62000000e-02 -2.63263779e-03 
-2.60000000e-02  1.96323628e+00 -2.60000000e-02  2.28557429e+00 -2.60000000e-02  1.63857562e+00 -2.60000000e-02  1.95520042e+00 -2.60000000e-02 -2.63265143e-03 
-2.58000000e-02  1.96375479e+00 -2.58000000e-02  2.28505207e+00 -2.58000000e-02  1.63908399e+00 -2.58000000e-02  1.95468658e+00 -2.58000000e-02 -2.63266508e-03 
-2.56000000e-02  1.96427354e+00 -2.56000000e-02  2.28452961e+00 -2.56000000e-02  1.63959247e+00 -2.56000000e-02  1.95417253e+00 -2.56000000e-02 -2.63267874e-03 
-2.54000000e-02  1.96479253e+00 -2.54000000e-02  2.28400690e+00 -2.54000000e-02  1.64010128e+00 -2.54000000e-02  1.95365814e+00 -2.54000000e-02 -2.63269242e-03 
-2.52000000e-02  1.96531175e+00 -2.52000000e-02  2.28348395e+00 -2.52000000e-02  1.64061044e+00 -2.52000000e-02  1.95314366e+00 -2.52000000e-02 -2.63270612e-03 
-2.50000000e-02  1.96583120e+00 -2.50000000e-02  2.28296077e+00 -2.50000000e-02  1.64111961e+00 -2.50000000e-02  1.95262879e+00 -2.50000000e-02 -2.63271983e-03 
-2.48000000e-02  1.96635088e+00 -2.48000000e-02  2.28243736e+00 -2.48000000e-02  1.64162909e+00 -2.48000000e-02  1.95211381e+00 -2.48000000e-02 -2.63273356e-03 
-2.46000000e-02  1.96687079e+00 -2.46000000e-02  2.28191371e+00 -2.46000000e-02  1.64213872e+00 -2.46000000e-02  1.95159863e+00 -2.46000000e-02 -2.63274730e-03 
-2.44000000e-02  1.96739093e+00 -2.44000000e-02  2.28138983e+00 -2.44000000e-02  1.64264877e+00 -2.44000000e-02  1.95108307e+00 -2.44000000e-02 -2.63276105e-03 
-2.42000000e-02  1.96791129e+00 -2.42000000e-02  2.28086572e+00 -2.42000000e-02  1.64315884e+00 -2.42000000e-02  1.95056747e+00 -2.42000000e-02 -2.63277482e-03 
-2.40000000e-02  1.96843187e+00 -2.40000000e-02  2.28034138e+00 -2.40000000e-02  1.64366924e+00 -2.40000000e-02  1.95005156e+00 -2.40000000e-02 -2.63278861e-03 
-2.38000000e-02  1.96895267e+00 -2.38000000e-02  2.27981683e+00 -2.38000000e-02  1.64417984e+00 -2.38000000e-02  1.94953556e+00 -2.38000000e-02 -2.63280241e-03 
-2.36000000e-02  1.96947369e+00 -2.36000000e-02  2.27929204e+00 -2.36000000e-02  1.64469062e+00 -2.36000000e-02  1.94901905e+00 -2.36000000e-02 -2.63281622e-03 
-2.34000000e-02  1.96999492e+00 -2.34000000e-02  2.27876704e+00 -2.34000000e-02  1.64520181e+00 -2.34000000e-02  1.94850249e+00 -2.34000000e-02 -2.63283005e-03 
-2.32000000e-02  1.97051636e+00 -2.32000000e-02  2.27824182e+00 -2.32000000e-02  1.64571290e+00 -2.32000000e-02  1.94798579e+00 -2.32000000e-02 -2.63284390e-03 
-2.30000000e-02  1.97103802e+00 -2.30000000e-02  2.27771639e+00 -2.30000000e-02  1.64622442e+00 -2.30000000e-02  1.94746881e+00 -2.30000000e-02 -2.63285776e-03 
-2.28000000e-02  1.97155989e+00 -2.28000000e-02  2.27719074e+00 -2.28000000e-02  1.64673603e+00 -2.28000000e-02  1.94695159e+00 -2.28000000e-02 -2.63287164e-03 
-2.26000000e-02  1.97208196e+00 -2.26000000e-02  2.27666488e+00 -2.26000000e-02  1.64724799e+00 -2.26000000e-02  1.94643408e+00 -2.26000000e-02 -2.63288553e-03 
-2.24000000e-02  1.97260424e+00 -2.24000000e-02  2.27613881e+00 -2.24000000e-02  1.64775997e+00 -2.24000000e-02  1.94591656e+00 -2.24000000e-02 -2.63289943e-03 
-2.22000000e-02  1.97312672e+00 -2.22000000e-02  2.27561253e+00 -2.22000000e-02  1.64827224e+00 -2.22000000e-02  1.94539884e+00 -2.22000000e-02 -2.63291336e-03 
-2.20000000e-02  1.97364940e+00 -2.20000000e-02  2.27508605e+00 -2.20000000e-02  1.64878477e+00 -2.20000000e-02  1.94488087e+00 -2.20000000e-02 -2.63292729e-03 
-2.18000000e-02  1.97417228e+00 -2.18000000e-02  2.27455936e+00 -2.18000000e-02  1.64929742e+00 -2.18000000e-02  1.94436267e+00 -2.18000000e-02 -2.63294125e-03 
-2.16000000e-02  1.97469536e+00 -2.16000000e-02  2.27403247e+00 -2.16000000e-02  1.64981029e+00 -2.16000000e-02  1.94384423e+00 -2.16000000e-02 -2.63295521e-03 
-2.14000000e-02  1.97521863e+00 -2.14000000e-02  2.27350538e+00 -2.14000000e-02  1.65032349e+00 -2.14000000e-02  1.94332564e+00 -2.14000000e-02 -2.63296920e-03 
-2.12000000e-02  1.97574209e+00 -2.12000000e-02  2.27297810e+00 -2.12000000e-02  1.65083663e+00 -2.12000000e-02  1.94280685e+00 -2.12000000e-02 -2.63298319e-03 
-2.10000000e-02  1.97626575e+00 -2.10000000e-02  2.27245062e+00 -2.10000000e-02  1.65135011e+00 -2.10000000e-02  1.94228799e+00 -2.10000000e-02 -2.63299721e-03 
-2.08000000e-02  1.97678959e+00 -2.08000000e-02  2.27192294e+00 -2.08000000e-02  1.65186377e+00 -2.08000000e-02  1.94176881e+00 -2.08000000e-02 -2.63301124e-03 
-2.06000000e-02  1.97731362e+00 -2.06000000e-02  2.27139508e+00 -2.06000000e-02  1.65237769e+00 -2.06000000e-02  1.94124950e+00 -2.06000000e-02 -2.63302528e-03 
-2.04000000e-02  1.97783783e+00 -2.04000000e-02  2.27086702e+00 -2.04000000e-02  1.65289161e+00 -2.04000000e-02  1.94072988e+00 -2.04000000e-02 -2.63303934e-03 
-2.02000000e-02  1.97836223e+00 -2.02000000e-02  2.27033878e+00 -2.02000000e-02  1.65340563e+00 -2.02000000e-02  1.94021026e+00 -2.02000000e-02 -2.63305342e-03 
-2.00000000e-02  1.97888680e+00 -2.00000000e-02  2.26981036e+00 -2.00000000e-02  1.65392013e+00 -2.00000000e-02  1.93969037e+00 -2.00000000e-02 -2.63306751e-03 
-1.98000000e-02  1.97941155e+00 -1.98000000e-02  2.26928175e+00 -1.98000000e-02  1.65443469e+00 -1.98000000e-02  1.93917031e+00 -1.98000000e-02 -2.63308161e-03 
-1.96000000e-02  1.97993648e+00 -1.96000000e-02  2.26875296e+00 -1.96000000e-02  1.65494936e+00 -1.96000000e-02  1.93865011e+00 -1.96000000e-02 -2.63309573e-03 
-1.94000000e-02  1.98046158e+00 -1.94000000e-02  2.26822399e+00 -1.94000000e-02  1.65546430e+00 -1.94000000e-02  1.93812969e+00 -1.94000000e-02 -2.63310987e-03 
-1.92000000e-02  1.98098686e+00 -1.92000000e-02  2.26769485e+00 -1.92000000e-02  1.65597937e+00 -1.92000000e-02  1.93760902e+00 -1.92000000e-02 -2.63312402e-03 
-1.90000000e-02  1.98151230e+00 -1.90000000e-02  2.26716553e+00 -1.90000000e-02  1.65649456e+00 -1.90000000e-02  1.93708836e+00 -1.90000000e-02 -2.63313819e-03 
-1.88000000e-02  1.98203791e+00 -1.88000000e-02  2.26663603e+00 -1.88000000e-02  1.65701015e+00 -1.88000000e-02  1.93656748e+00 -1.88000000e-02 -2.63315238e-03 
-1.86000000e-02  1.98256369e+00 -1.86000000e-02  2.26610637e+00 -1.86000000e-02  1.65752559e+00 -1.86000000e-02  1.93604638e+00 -1.86000000e-02 -2.63316657e-03 
-1.84000000e-02  1.98308963e+00 -1.84000000e-02  2.26557654e+00 -1.84000000e-02  1.65804139e+00 -1.84000000e-02  1.93552516e+00 -1.84000000e-02 -2.63318079e-03 
-1.82000000e-02  1.98361574e+00 -1.82000000e-02  2.26504654e+00 -1.82000000e-02  1.65855737e+00 -1.82000000e-02  1.93500383e+00 -1.82000000e-02 -2.63319502e-03 
-1.80000000e-02  1.98414200e+00 -1.80000000e-02  2.26451638e+00 -1.80000000e-02  1.65907329e+00 -1.80000000e-02  1.93448227e+00 -1.80000000e-02 -2.63320927e-03 
-1.78000000e-02  1.98466842e+00 -1.78000000e-02  2.26398605e+00 -1.78000000e-02  1.65958952e+00 -1.78000000e-02  1.93396032e+00 -1.78000000e-02 -2.63322353e-03 
-1.76000000e-02  1.98519499e+00 -1.76000000e-02  2.26345557e+00 -1.76000000e-02  1.66010584e+00 -1.76000000e-02  1.93343861e+00 -1.76000000e-02 -2.63323780e-03 
-1.74000000e-02  1.98572172e+00 -1.74000000e-02  2.26292492e+00 -1.74000000e-02  1.66062240e+00 -1.74000000e-02  1.93291649e+00 -1.74000000e-02 -2.63325210e-03 
-1.72000000e-02  1.98624860e+00 -1.72000000e-02  2.26239412e+00 -1.72000000e-02  1.66113911e+00 -1.72000000e-02  1.93239439e+00 -1.72000000e-02 -2.63326641e-03 
-1.70000000e-02  1.98677563e+00 -1.70000000e-02  2.26186317e+00 -1.70000000e-02  1.66165589e+00 -1.70000000e-02  1.93187201e+00 -1.70000000e-02 -2.63328073e-03 
-1.68000000e-02  1.98730280e+00 -1.68000000e-02  2.26133206e+00 -1.68000000e-02  1.66217296e+00 -1.68000000e-02  1.93134963e+00 -1.68000000e-02 -2.63329507e-03 
-1.66000000e-02  1.98783012e+00 -1.66000000e-02  2.26080080e+00 -1.66000000e-02  1.66269007e+00 -1.66000000e-02  1.93082689e+00 -1.66000000e-02 -2.63330943e-03 
-1.64000000e-02  1.98835759e+00 -1.64000000e-02  2.26026940e+00 -1.64000000e-02  1.66320745e+00 -1.64000000e-02  1.93030421e+00 -1.64000000e-02 -2.63332380e-03 
-1.62000000e-02  1.98888519e+00 -1.62000000e-02  2.25973785e+00 -1.62000000e-02  1.66372474e+00 -1.62000000e-02  1.92978122e+00 -1.62000000e-02 -2.63333818e-03 
-1.60000000e-02  1.98941294e+00 -1.60000000e-02  2.25920615e+00 -1.60000000e-02  1.66424227e+00 -1.60000000e-02  1.92925825e+00 -1.60000000e-02 -2.63335259e-03 
-1.58000000e-02  1.98994082e+00 -1.58000000e-02  2.25867432e+00 -1.58000000e-02  1.66476014e+00 -1.58000000e-02  1.92873518e+00 -1.58000000e-02 -2.63336701e-03 
-1.56000000e-02  1.99046883e+00 -1.56000000e-02  2.25814234e+00 -1.56000000e-02  1.66527778e+00 -1.56000000e-02  1.92821178e+00 -1.56000000e-02 -2.63338144e-03 
-1.54000000e-02  1.99099698e+00 -1.54000000e-02  2.25761022e+00 -1.54000000e-02  1.66579576e+00 -1.54000000e-02  1.92768825e+00 -1.54000000e-02 -2.63339589e-03 
-1.52000000e-02  1.99152526e+00 -1.52000000e-02  2.25707797e+00 -1.52000000e-02  1.66631388e+00 -1.52000000e-02  1.92716466e+00 -1.52000000e-02 -2.63341036e-03 
-1.50000000e-02  1.99205367e+00 -1.50000000e-02  2.25654559e+00 -1.50000000e-02  1.66683205e+00 -1.50000000e-02  1.92664104e+00 -1.50000000e-02 -2.63342484e-03 
-1.48000000e-02  1.99258220e+00 -1.48000000e-02  2.25601307e+00 -1.48000000e-02  1.66735041e+00 -1.48000000e-02  1.92611729e+00 -1.48000000e-02 -2.63343934e-03 
-1.46000000e-02  1.99311086e+00 -1.46000000e-02  2.25548043e+00 -1.46000000e-02  1.66786887e+00 -1.46000000e-02  1.92559316e+00 -1.46000000e-02 -2.63345385e-03 
-1.44000000e-02  1.99363965e+00 -1.44000000e-02  2.25494765e+00 -1.44000000e-02  1.66838756e+00 -1.44000000e-02  1.92506913e+00 -1.44000000e-02 -2.63346838e-03 
-1.42000000e-02  1.99416855e+00 -1.42000000e-02  2.25441475e+00 -1.42000000e-02  1.66890619e+00 -1.42000000e-02  1.92454497e+00 -1.42000000e-02 -2.63348292e-03 
-1.40000000e-02  1.99469757e+00 -1.40000000e-02  2.25388173e+00 -1.40000000e-02  1.66942511e+00 -1.40000000e-02  1.92402063e+00 -1.40000000e-02 -2.63349748e-03 
-1.38000000e-02  1.99522671e+00 -1.38000000e-02  2.25334858e+00 -1.38000000e-02  1.66994399e+00 -1.38000000e-02  1.92349617e+00 -1.38000000e-02 -2.63351206e-03 
-1.36000000e-02  1.99575596e+00 -1.36000000e-02  2.25281532e+00 -1.36000000e-02  1.67046314e+00 -1.36000000e-02  1.92297158e+00 -1.36000000e-02 -2.63352665e-03 
-1.34000000e-02  1.99628533e+00 -1.34000000e-02  2.25228193e+00 -1.34000000e-02  1.67098235e+00 -1.34000000e-02  1.92244691e+00 -1.34000000e-02 -2.63354126e-03 
-1.32000000e-02  1.99681481e+00 -1.32000000e-02  2.25174843e+00 -1.32000000e-02  1.67150166e+00 -1.32000000e-02  1.92192216e+00 -1.32000000e-02 -2.63355589e-03 
-1.30000000e-02  1.99734439e+00 -1.30000000e-02  2.25121482e+00 -1.30000000e-02  1.67202097e+00 -1.30000000e-02  1.92139728e+00 -1.30000000e-02 -2.63357053e-03 
-1.28000000e-02  1.99787408e+00 -1.28000000e-02  2.25068110e+00 -1.28000000e-02  1.67254053e+00 -1.28000000e-02  1.92087223e+00 -1.28000000e-02 -2.63358518e-03 
-1.26000000e-02  1.99840388e+00 -1.26000000e-02  2.25014726e+00 -1.26000000e-02  1.67306013e+00 -1.26000000e-02  1.92034719e+00 -1.26000000e-02 -2.63359985e-03 
-1.24000000e-02  1.99893378e+00 -1.24000000e-02  2.24961332e+00 -1.24000000e-02  1.67357995e+00 -1.24000000e-02  1.91982200e+00 -1.24000000e-02 -2.63361454e-03 
-1.22000000e-02  1.99946378e+00 -1.22000000e-02  2.24907928e+00 -1.22000000e-02  1.67409972e+00 -1.22000000e-02  1.91929667e+00 -1.22000000e-02 -2.63362924e-03 
-1.20000000e-02  1.99999388e+00 -1.20000000e-02  2.24854513e+00 -1.20000000e-02  1.67461973e+00 -1.20000000e-02  1.91877124e+00 -1.20000000e-02 -2.63364396e-03 
-1.18000000e-02  2.00052407e+00 -1.18000000e-02  2.24801087e+00 -1.18000000e-02  1.67513966e+00 -1.18000000e-02  1.91824580e+00 -1.18000000e-02 -2.63365870e-03 
-1.16000000e-02  2.00105436e+00 -1.16000000e-02  2.24747652e+00 -1.16000000e-02  1.67565988e+00 -1.16000000e-02  1.91772016e+00 -1.16000000e-02 -2.63367345e-03 
-1.14000000e-02  2.00158474e+00 -1.14000000e-02  2.24694207e+00 -1.14000000e-02  1.67618012e+00 -1.14000000e-02  1.91719455e+00 -1.14000000e-02 -2.63368822e-03 
-1.12000000e-02  2.00211521e+00 -1.12000000e-02  2.24640753e+00 -1.12000000e-02  1.67670043e+00 -1.12000000e-02  1.91666867e+00 -1.12000000e-02 -2.63370300e-03 
-1.10000000e-02  2.00264577e+00 -1.10000000e-02  2.24587289e+00 -1.10000000e-02  1.67722075e+00 -1.10000000e-02  1.91614285e+00 -1.10000000e-02 -2.63371780e-03 
-1.08000000e-02  2.00317641e+00 -1.08000000e-02  2.24533816e+00 -1.08000000e-02  1.67774124e+00 -1.08000000e-02  1.91561687e+00 -1.08000000e-02 -2.63373261e-03 
-1.06000000e-02  2.00370714e+00 -1.06000000e-02  2.24480334e+00 -1.06000000e-02  1.67826195e+00 -1.06000000e-02  1.91509085e+00 -1.06000000e-02 -2.63374745e-03 
-1.04000000e-02  2.00423796e+00 -1.04000000e-02  2.24426844e+00 -1.04000000e-02  1.67878247e+00 -1.04000000e-02  1.91456468e+00 -1.04000000e-02 -2.63376229e-03 
-1.02000000e-02  2.00476885e+00 -1.02000000e-02  2.24373344e+00 -1.02000000e-02  1.67930328e+00 -1.02000000e-02  1.91403850e+00 -1.02000000e-02 -2.63377715e-03 
-1.00000000e-02  2.00529982e+00 -1.00000000e-02  2.24319837e+00 -1.00000000e-02  1.67982415e+00 -1.00000000e-02  1.91351239e+00 -1.00000000e-02 -2.63379203e-03 
-9.80000000e-03  2.00583087e+00 -9.80000000e-03  2.24266321e+00 -9.80000000e-03  1.68034501e+00 -9.80000000e-03  1.91298585e+00 -9.80000000e-03 -2.63380693e-03 
-9.60000000e-03  2.00636199e+00 -9.60000000e-03  2.24212798e+00 -9.60000000e-03  1.68086604e+00 -9.60000000e-03  1.91245941e+00 -9.60000000e-03 -2.63382184e-03 
-9.40000000e-03  2.00689318e+00 -9.40000000e-03  2.24159266e+00 -9.40000000e-03  1.68138708e+00 -9.40000000e-03  1.91193303e+00 -9.40000000e-03 -2.63383676e-03 
-9.20000000e-03  2.00742445e+00 -9.20000000e-03  2.24105728e+00 -9.20000000e-03  1.68190820e+00 -9.20000000e-03  1.91140637e+00 -9.20000000e-03 -2.63385171e-03 
-9.00000000e-03  2.00795578e+00 -9.00000000e-03  2.24052181e+00 -9.00000000e-03  1.68242948e+00 -9.00000000e-03  1.91087967e+00 -9.00000000e-03 -2.63386666e-03 
-8.80000000e-03  2.00848718e+00 -8.80000000e-03  2.23998628e+00 -8.80000000e-03  1.68295064e+00 -8.80000000e-03  1.91035314e+00 -8.80000000e-03 -2.63388164e-03 
-8.60000000e-03  2.00901864e+00 -8.60000000e-03  2.23945068e+00 -8.60000000e-03  1.68347195e+00 -8.60000000e-03  1.90982622e+00 -8.60000000e-03 -2.63389663e-03 
-8.40000000e-03  2.00955016e+00 -8.40000000e-03  2.23891501e+00 -8.40000000e-03  1.68399339e+00 -8.40000000e-03  1.90929930e+00 -8.40000000e-03 -2.63391163e-03 
-8.20000000e-03  2.01008175e+00 -8.20000000e-03  2.23837927e+00 -8.20000000e-03  1.68451480e+00 -8.20000000e-03  1.90877241e+00 -8.20000000e-03 -2.63392666e-03 
-8.00000000e-03  2.01061339e+00 -8.00000000e-03  2.23784347e+00 -8.00000000e-03  1.68503635e+00 -8.00000000e-03  1.90824540e+00 -8.00000000e-03 -2.63394169e-03 
-7.80000000e-03  2.01114509e+00 -7.80000000e-03  2.23730761e+00 -7.80000000e-03  1.68555794e+00 -7.80000000e-03  1.90771847e+00 -7.80000000e-03 -2.63395675e-03 
-7.60000000e-03  2.01167684e+00 -7.60000000e-03  2.23677170e+00 -7.60000000e-03  1.68607969e+00 -7.60000000e-03  1.90719139e+00 -7.60000000e-03 -2.63397182e-03 
-7.40000000e-03  2.01220865e+00 -7.40000000e-03  2.23623572e+00 -7.40000000e-03  1.68660126e+00 -7.40000000e-03  1.90666423e+00 -7.40000000e-03 -2.63398690e-03 
-7.20000000e-03  2.01274050e+00 -7.20000000e-03  2.23569969e+00 -7.20000000e-03  1.68712304e+00 -7.20000000e-03  1.90613706e+00 -7.20000000e-03 -2.63400200e-03 
-7.00000000e-03  2.01327241e+00 -7.00000000e-03  2.23516360e+00 -7.00000000e-03  1.68764480e+00 -7.00000000e-03  1.90560978e+00 -7.00000000e-03 -2.63401712e-03 
-6.80000000e-03  2.01380436e+00 -6.80000000e-03  2.23462747e+00 -6.80000000e-03  1.68816660e+00 -6.80000000e-03  1.90508247e+00 -6.80000000e-03 -2.63403225e-03 
-6.60000000e-03  2.01433635e+00 -6.60000000e-03  2.23409128e+00 -6.60000000e-03  1.68868869e+00 -6.60000000e-03  1.90455519e+00 -6.60000000e-03 -2.63404740e-03 
-6.40000000e-03  2.01486839e+00 -6.40000000e-03  2.23355505e+00 -6.40000000e-03  1.68921048e+00 -6.40000000e-03  1.90402780e+00 -6.40000000e-03 -2.63406256e-03 
-6.20000000e-03  2.01540046e+00 -6.20000000e-03  2.23301877e+00 -6.20000000e-03  1.68973245e+00 -6.20000000e-03  1.90350042e+00 -6.20000000e-03 -2.63407774e-03 
-6.00000000e-03  2.01593258e+00 -6.00000000e-03  2.23248245e+00 -6.00000000e-03  1.69025457e+00 -6.00000000e-03  1.90297293e+00 -6.00000000e-03 -2.63409294e-03 
-5.80000000e-03  2.01646473e+00 -5.80000000e-03  2.23194609e+00 -5.80000000e-03  1.69077657e+00 -5.80000000e-03  1.90244540e+00 -5.80000000e-03 -2.63410815e-03 
-5.60000000e-03  2.01699691e+00 -5.60000000e-03  2.23140968e+00 -5.60000000e-03  1.69129878e+00 -5.60000000e-03  1.90191788e+00 -5.60000000e-03 -2.63412338e-03 
-5.40000000e-03  2.01752913e+00 -5.40000000e-03  2.23087325e+00 -5.40000000e-03  1.69182086e+00 -5.40000000e-03  1.90139035e+00 -5.40000000e-03 -2.63413862e-03 
-5.20000000e-03  2.01806138e+00 -5.20000000e-03  2.23033677e+00 -5.20000000e-03  1.69234304e+00 -5.20000000e-03  1.90086272e+00 -5.20000000e-03 -2.63415388e-03 
-5.00000000e-03  2.01859365e+00 -5.00000000e-03  2.22980026e+00 -5.00000000e-03  1.69286532e+00 -5.00000000e-03  1.90033511e+00 -5.00000000e-03 -2.63416916e-03 
-4.80000000e-03  2.01912595e+00 -4.80000000e-03  2.22926373e+00 -4.80000000e-03  1.69338741e+00 -4.80000000e-03  1.89980751e+00 -4.80000000e-03 -2.63418445e-03 
-4.60000000e-03  2.01965828e+00 -4.60000000e-03  2.22872716e+00 -4.60000000e-03  1.69390975e+00 -4.60000000e-03  1.89927988e+00 -4.60000000e-03 -2.63419975e-03 
-4.40000000e-03  2.02019063e+00 -4.40000000e-03  2.22819056e+00 -4.40000000e-03  1.69443199e+00 -4.40000000e-03  1.89875216e+00 -4.40000000e-03 -2.63421508e-03 
-4.20000000e-03  2.02072299e+00 -4.20000000e-03  2.22765394e+00 -4.20000000e-03  1.69495430e+00 -4.20000000e-03  1.89822444e+00 -4.20000000e-03 -2.63423041e-03 
-4.00000000e-03  2.02125538e+00 -4.00000000e-03  2.22711730e+00 -4.00000000e-03  1.69547661e+00 -4.00000000e-03  1.89769662e+00 -4.00000000e-03 -2.63424577e-03 
-3.80000000e-03  2.02178778e+00 -3.80000000e-03  2.22658063e+00 -3.80000000e-03  1.69599898e+00 -3.80000000e-03  1.89716886e+00 -3.80000000e-03 -2.63426114e-03 
-3.60000000e-03  2.02232020e+00 -3.60000000e-03  2.22604395e+00 -3.60000000e-03  1.69652133e+00 -3.60000000e-03  1.89664107e+00 -3.60000000e-03 -2.63427652e-03 
-3.40000000e-03  2.02285263e+00 -3.40000000e-03  2.22550725e+00 -3.40000000e-03  1.69704367e+00 -3.40000000e-03  1.89611333e+00 -3.40000000e-03 -2.63429192e-03 
-3.20000000e-03  2.02338506e+00 -3.20000000e-03  2.22497053e+00 -3.20000000e-03  1.69756611e+00 -3.20000000e-03  1.89558553e+00 -3.20000000e-03 -2.63430734e-03 
-3.00000000e-03  2.02391751e+00 -3.00000000e-03  2.22443380e+00 -3.00000000e-03  1.69808843e+00 -3.00000000e-03  1.89505772e+00 -3.00000000e-03 -2.63432277e-03 
-2.80000000e-03  2.02444996e+00 -2.80000000e-03  2.22389706e+00 -2.80000000e-03  1.69861094e+00 -2.80000000e-03  1.89452987e+00 -2.80000000e-03 -2.63433821e-03 
-2.60000000e-03  2.02498242e+00 -2.60000000e-03  2.22336031e+00 -2.60000000e-03  1.69913329e+00 -2.60000000e-03  1.89400205e+00 -2.60000000e-03 -2.63435368e-03 
-2.40000000e-03  2.02551488e+00 -2.40000000e-03  2.22282355e+00 -2.40000000e-03  1.69965574e+00 -2.40000000e-03  1.89347425e+00 -2.40000000e-03 -2.63436915e-03 
-2.20000000e-03  2.02599053e+00 -2.20000000e-03  2.22234408e+00 -2.20000000e-03  1.70012242e+00 -2.20000000e-03  1.89300275e+00 -2.20000000e-03 -2.63438293e-03 
-2.00000000e-03  2.02652345e+00 -2.00000000e-03  2.22180686e+00 -2.00000000e-03  1.70064528e+00 -2.00000000e-03  1.89247447e+00 -2.00000000e-03 -2.63439843e-03 
-1.80000000e-03  2.02710704e+00 -1.80000000e-03  2.22121852e+00 -1.80000000e-03  1.70121788e+00 -1.80000000e-03  1.89189593e+00 -1.80000000e-03 -2.63441552e-03 
-1.60000000e-03  2.02763948e+00 -1.60000000e-03  2.22068175e+00 -1.60000000e-03  1.70174035e+00 -1.60000000e-03  1.89136810e+00 -1.60000000e-03 -2.63443106e-03 
-1.40000000e-03  2.02817666e+00 -1.40000000e-03  2.22014021e+00 -1.40000000e-03  1.70226737e+00 -1.40000000e-03  1.89083558e+00 -1.40000000e-03 -2.63444676e-03 
-1.20000000e-03  2.02870908e+00 -1.20000000e-03  2.21960346e+00 -1.20000000e-03  1.70278981e+00 -1.20000000e-03  1.89030770e+00 -1.20000000e-03 -2.63446233e-03 
-1.00000000e-03  2.02918502e+00 -1.00000000e-03  2.21912366e+00 -1.00000000e-03  1.70325677e+00 -1.00000000e-03  1.88983589e+00 -1.00000000e-03 -2.63447621e-03 
-8.00000000e-04  2.02971793e+00 -8.00000000e-04  2.21858642e+00 -8.00000000e-04  1.70377968e+00 -8.00000000e-04  1.88930748e+00 -8.00000000e-04 -2.63449180e-03 
-6.00000000e-04  2.03030154e+00 -6.00000000e-04  2.21799802e+00 -6.00000000e-04  1.70435239e+00 -6.00000000e-04  1.88872912e+00 -6.00000000e-04 -2.63450899e-03 
-4.00000000e-04  2.03083392e+00 -4.00000000e-04  2.21746129e+00 -4.00000000e-04  1.70487473e+00 -4.00000000e-04  1.88820127e+00 -4.00000000e-04 -2.63452462e-03 
-2.00000000e-04  2.03137102e+00 -2.00000000e-04  2.21691980e+00 -2.00000000e-04  1.70540179e+00 -2.00000000e-04  1.88766876e+00 -2.00000000e-04 -2.63454042e-03 
-2.50288072e-16  2.03190334e+00 -2.50288072e-16  2.21638312e+00 -2.50288072e-16  1.70592406e+00 -2.50288072e-16  1.88714113e+00 -2.50288072e-16 -2.63455608e-03 
 2.00000000e-04  2.03237917e+00  2.00000000e-04  2.21590340e+00  2.00000000e-04  1.70639103e+00  2.00000000e-04  1.88666939e+00  2.00000000e-04 -2.63457004e-03 
 4.00000000e-04  2.03291201e+00  4.00000000e-04  2.21536620e+00  4.00000000e-04  1.70691383e+00  4.00000000e-04  1.88614120e+00  4.00000000e-04 -2.63458572e-03 
 6.00000000e-04  2.03349542e+00  6.00000000e-04  2.21477798e+00  6.00000000e-04  1.70748630e+00  6.00000000e-04  1.88556272e+00  6.00000000e-04 -2.63460301e-03 
 8.00000000e-04  2.03402767e+00  8.00000000e-04  2.21424135e+00  8.00000000e-04  1.70800854e+00  8.00000000e-04  1.88503513e+00  8.00000000e-04 -2.63461874e-03 
 1.00000000e-03  2.03456460e+00  1.00000000e-03  2.21369999e+00  1.00000000e-03  1.70853549e+00  1.00000000e-03  1.88450294e+00  1.00000000e-03 -2.63463462e-03 
 1.20000000e-03  2.03509675e+00  1.20000000e-03  2.21316346e+00  1.20000000e-03  1.70905769e+00  1.20000000e-03  1.88397509e+00  1.20000000e-03 -2.63465038e-03 
 1.40000000e-03  2.03557242e+00  1.40000000e-03  2.21268387e+00  1.40000000e-03  1.70952447e+00  1.40000000e-03  1.88350367e+00  1.40000000e-03 -2.63466443e-03 
 1.60000000e-03  2.03616157e+00  1.60000000e-03  2.21208983e+00  1.60000000e-03  1.71010252e+00  1.60000000e-03  1.88291962e+00  1.60000000e-03 -2.63468195e-03 
 1.80000000e-03  2.03668812e+00  1.80000000e-03  2.21155893e+00  1.80000000e-03  1.71061925e+00  1.80000000e-03  1.88239770e+00  1.80000000e-03 -2.63469758e-03 
 2.00000000e-03  2.03716878e+00  2.00000000e-03  2.21107430e+00  2.00000000e-03  1.71109097e+00  2.00000000e-03  1.88192100e+00  2.00000000e-03 -2.63471183e-03 
 2.20000000e-03  2.03775713e+00  2.20000000e-03  2.21048106e+00  2.20000000e-03  1.71166829e+00  2.20000000e-03  1.88133770e+00  2.20000000e-03 -2.63472938e-03 
 2.40000000e-03  2.03828401e+00  2.40000000e-03  2.20994980e+00  2.40000000e-03  1.71218538e+00  2.40000000e-03  1.88081539e+00  2.40000000e-03 -2.63474507e-03 
 2.60000000e-03  2.03876439e+00  2.60000000e-03  2.20946543e+00  2.60000000e-03  1.71265669e+00  2.60000000e-03  1.88033907e+00  2.60000000e-03 -2.63475936e-03 
 2.80000000e-03  2.03935273e+00  2.80000000e-03  2.20887219e+00  2.80000000e-03  1.71323413e+00  2.80000000e-03  1.87975585e+00  2.80000000e-03 -2.63477696e-03 
 3.00000000e-03  2.03987944e+00  3.00000000e-03  2.20834109e+00  3.00000000e-03  1.71375101e+00  3.00000000e-03  1.87923369e+00  3.00000000e-03 -2.63479269e-03 
 3.20000000e-03  2.04035971e+00  3.20000000e-03  2.20785682e+00  3.20000000e-03  1.71422225e+00  3.20000000e-03  1.87875736e+00  3.20000000e-03 -2.63480702e-03 
 3.40000000e-03  2.04094786e+00  3.40000000e-03  2.20726375e+00  3.40000000e-03  1.71479949e+00  3.40000000e-03  1.87817433e+00  3.40000000e-03 -2.63482467e-03 
 3.60000000e-03  2.04147439e+00  3.60000000e-03  2.20673281e+00  3.60000000e-03  1.71531623e+00  3.60000000e-03  1.87765239e+00  3.60000000e-03 -2.63484044e-03 
 3.80000000e-03  2.04195453e+00  3.80000000e-03  2.20624866e+00  3.80000000e-03  1.71578733e+00  3.80000000e-03  1.87717632e+00  3.80000000e-03 -2.63485482e-03 
 4.00000000e-03  2.04254247e+00  4.00000000e-03  2.20565578e+00  4.00000000e-03  1.71636431e+00  4.00000000e-03  1.87659339e+00  4.00000000e-03 -2.63487251e-03 
 4.20000000e-03  2.04306881e+00  4.20000000e-03  2.20512502e+00  4.20000000e-03  1.71688090e+00  4.20000000e-03  1.87607153e+00  4.20000000e-03 -2.63488833e-03 
 4.40000000e-03  2.04354879e+00  4.40000000e-03  2.20464101e+00  4.40000000e-03  1.71735189e+00  4.40000000e-03  1.87559568e+00  4.40000000e-03 -2.63490275e-03 
 4.60000000e-03  2.04413651e+00  4.60000000e-03  2.20404834e+00  4.60000000e-03  1.71792875e+00  4.60000000e-03  1.87501297e+00  4.60000000e-03 -2.63492048e-03 
 4.80000000e-03  2.04466264e+00  4.80000000e-03  2.20351778e+00  4.80000000e-03  1.71844511e+00  4.80000000e-03  1.87449134e+00  4.80000000e-03 -2.63493634e-03 
 5.00000000e-03  2.04514245e+00  5.00000000e-03  2.20303392e+00  5.00000000e-03  1.71891600e+00  5.00000000e-03  1.87401568e+00  5.00000000e-03 -2.63495081e-03 
 5.20000000e-03  2.04572992e+00  5.20000000e-03  2.20244148e+00  5.20000000e-03  1.71949250e+00  5.20000000e-03  1.87343321e+00  5.20000000e-03 -2.63496859e-03 
 5.40000000e-03  2.04625582e+00  5.40000000e-03  2.20191114e+00  5.40000000e-03  1.72000874e+00  5.40000000e-03  1.87291172e+00  5.40000000e-03 -2.63498449e-03 
 5.60000000e-03  2.04673546e+00  5.60000000e-03  2.20142745e+00  5.60000000e-03  1.72047935e+00  5.60000000e-03  1.87243622e+00  5.60000000e-03 -2.63499900e-03 
 5.80000000e-03  2.04732265e+00  5.80000000e-03  2.20083527e+00  5.80000000e-03  1.72105566e+00  5.80000000e-03  1.87185398e+00  5.80000000e-03 -2.63501682e-03 
 6.00000000e-03  2.04784830e+00  6.00000000e-03  2.20030515e+00  6.00000000e-03  1.72157154e+00  6.00000000e-03  1.87133284e+00  6.00000000e-03 -2.63503277e-03 
 6.20000000e-03  2.04832774e+00  6.20000000e-03  2.19982164e+00  6.20000000e-03  1.72204210e+00  6.20000000e-03  1.87085758e+00  6.20000000e-03 -2.63504732e-03 
 6.40000000e-03  2.04891465e+00  6.40000000e-03  2.19922975e+00  6.40000000e-03  1.72261809e+00  6.40000000e-03  1.87027550e+00  6.40000000e-03 -2.63506518e-03 
 6.60000000e-03  2.04944003e+00  6.60000000e-03  2.19869988e+00  6.60000000e-03  1.72313371e+00  6.60000000e-03  1.86975467e+00  6.60000000e-03 -2.63508117e-03 
 6.80000000e-03  2.04991926e+00  6.80000000e-03  2.19821657e+00  6.80000000e-03  1.72360406e+00  6.80000000e-03  1.86927947e+00  6.80000000e-03 -2.63509577e-03 
 7.00000000e-03  2.05050585e+00  7.00000000e-03  2.19762497e+00  7.00000000e-03  1.72417979e+00  7.00000000e-03  1.86869785e+00  7.00000000e-03 -2.63511367e-03 
 7.20000000e-03  2.05103096e+00  7.20000000e-03  2.19709538e+00  7.20000000e-03  1.72469518e+00  7.20000000e-03  1.86817719e+00  7.20000000e-03 -2.63512970e-03 
 7.40000000e-03  2.05150996e+00  7.40000000e-03  2.19661227e+00  7.40000000e-03  1.72516523e+00  7.40000000e-03  1.86770228e+00  7.40000000e-03 -2.63514434e-03 
 7.60000000e-03  2.05209621e+00  7.60000000e-03  2.19602100e+00  7.60000000e-03  1.72574073e+00  7.60000000e-03  1.86712097e+00  7.60000000e-03 -2.63516229e-03 
 7.80000000e-03  2.05262102e+00  7.80000000e-03  2.19549169e+00  7.80000000e-03  1.72625581e+00  7.80000000e-03  1.86660059e+00  7.80000000e-03 -2.63517835e-03 
 8.00000000e-03  2.05309979e+00  8.00000000e-03  2.19500881e+00  8.00000000e-03  1.72672569e+00  8.00000000e-03  1.86612586e+00  8.00000000e-03 -2.63519304e-03 
 8.20000000e-03  2.05368568e+00  8.20000000e-03  2.19441788e+00  8.20000000e-03  1.72730073e+00  8.20000000e-03  1.86554496e+00  8.20000000e-03 -2.63521103e-03 
 8.40000000e-03  2.05421016e+00  8.40000000e-03  2.19388888e+00  8.40000000e-03  1.72781559e+00  8.40000000e-03  1.86502481e+00  8.40000000e-03 -2.63522713e-03 
 8.60000000e-03  2.05468868e+00  8.60000000e-03  2.19340623e+00  8.60000000e-03  1.72828522e+00  8.60000000e-03  1.86455046e+00  8.60000000e-03 -2.63524186e-03 
 8.80000000e-03  2.05527419e+00  8.80000000e-03  2.19281567e+00  8.80000000e-03  1.72885991e+00  8.80000000e-03  1.86396990e+00  8.80000000e-03 -2.63525989e-03 
 9.00000000e-03  2.05579834e+00  9.00000000e-03  2.19228699e+00  9.00000000e-03  1.72937439e+00  9.00000000e-03  1.86345013e+00  9.00000000e-03 -2.63527604e-03 
 9.20000000e-03  2.05627659e+00  9.20000000e-03  2.19180460e+00  9.20000000e-03  1.72984383e+00  9.20000000e-03  1.86297588e+00  9.20000000e-03 -2.63529080e-03 
 9.40000000e-03  2.05686169e+00  9.40000000e-03  2.19121444e+00  9.40000000e-03  1.73041809e+00  9.40000000e-03  1.86239575e+00  9.40000000e-03 -2.63530887e-03 
 9.60000000e-03  2.05738549e+00  9.60000000e-03  2.19068609e+00  9.60000000e-03  1.73093218e+00  9.60000000e-03  1.86187644e+00  9.60000000e-03 -2.63532506e-03 
 9.80000000e-03  2.05786347e+00  9.80000000e-03  2.19020397e+00  9.80000000e-03  1.73140145e+00  9.80000000e-03  1.86140245e+00  9.80000000e-03 -2.63533987e-03 
 1.00000000e-02  2.05844814e+00  1.00000000e-02  2.18961422e+00  1.00000000e-02  1.73197528e+00  1.00000000e-02  1.86082255e+00  1.00000000e-02 -2.63535798e-03 
 1.02000000e-02  2.05897157e+00  1.02000000e-02  2.18908623e+00  1.02000000e-02  1.73248907e+00  1.02000000e-02  1.86030350e+00  1.02000000e-02 -2.63537420e-03 
 1.04000000e-02  2.05944925e+00  1.04000000e-02  2.18860439e+00  1.04000000e-02  1.73295797e+00  1.04000000e-02  1.85982997e+00  1.04000000e-02 -2.63538905e-03 
 1.06000000e-02  2.06003347e+00  1.06000000e-02  2.18801507e+00  1.06000000e-02  1.73353145e+00  1.06000000e-02  1.85925068e+00  1.06000000e-02 -2.63540720e-03 
 1.08000000e-02  2.06055651e+00  1.08000000e-02  2.18748746e+00  1.08000000e-02  1.73404489e+00  1.08000000e-02  1.85873199e+00  1.08000000e-02 -2.63542347e-03 
 1.10000000e-02  2.06103388e+00  1.10000000e-02  2.18700591e+00  1.10000000e-02  1.73451338e+00  1.10000000e-02  1.85825861e+00  1.10000000e-02 -2.63543835e-03 
 1.12000000e-02  2.06161763e+00  1.12000000e-02  2.18641706e+00  1.12000000e-02  1.73508644e+00  1.12000000e-02  1.85767984e+00  1.12000000e-02 -2.63545654e-03 
 1.14000000e-02  2.06214026e+00  1.14000000e-02  2.18588984e+00  1.14000000e-02  1.73559934e+00  1.14000000e-02  1.85716153e+00  1.14000000e-02 -2.63547285e-03 
 1.16000000e-02  2.06261731e+00  1.16000000e-02  2.18540860e+00  1.16000000e-02  1.73606779e+00  1.16000000e-02  1.85668851e+00  1.16000000e-02 -2.63548777e-03 
 1.18000000e-02  2.06320056e+00  1.18000000e-02  2.18482023e+00  1.18000000e-02  1.73664027e+00  1.18000000e-02  1.85611019e+00  1.18000000e-02 -2.63550600e-03 
 1.20000000e-02  2.06372278e+00  1.20000000e-02  2.18429342e+00  1.20000000e-02  1.73715283e+00  1.20000000e-02  1.85559231e+00  1.20000000e-02 -2.63552234e-03 
 1.22000000e-02  2.06419948e+00  1.22000000e-02  2.18381251e+00  1.22000000e-02  1.73762087e+00  1.22000000e-02  1.85511952e+00  1.22000000e-02 -2.63553731e-03 
 1.24000000e-02  2.06478222e+00  1.24000000e-02  2.18322464e+00  1.24000000e-02  1.73819279e+00  1.24000000e-02  1.85454167e+00  1.24000000e-02 -2.63555557e-03 
 1.26000000e-02  2.06530399e+00  1.26000000e-02  2.18269826e+00  1.26000000e-02  1.73870510e+00  1.26000000e-02  1.85402432e+00  1.26000000e-02 -2.63557195e-03 
 1.28000000e-02  2.06578035e+00  1.28000000e-02  2.18221769e+00  1.28000000e-02  1.73917277e+00  1.28000000e-02  1.85355188e+00  1.28000000e-02 -2.63558695e-03 
 1.30000000e-02  2.06636255e+00  1.30000000e-02  2.18163035e+00  1.30000000e-02  1.73974421e+00  1.30000000e-02  1.85297453e+00  1.30000000e-02 -2.63560525e-03 
 1.32000000e-02  2.06688386e+00  1.32000000e-02  2.18110442e+00  1.32000000e-02  1.74025599e+00  1.32000000e-02  1.85245760e+00  1.32000000e-02 -2.63562167e-03 
 1.34000000e-02  2.06735985e+00  1.34000000e-02  2.18062420e+00  1.34000000e-02  1.74072330e+00  1.34000000e-02  1.85198563e+00  1.34000000e-02 -2.63563671e-03 
 1.36000000e-02  2.06794148e+00  1.36000000e-02  2.18003740e+00  1.36000000e-02  1.74129423e+00  1.36000000e-02  1.85140883e+00  1.36000000e-02 -2.63565505e-03 
 1.38000000e-02  2.06846232e+00  1.38000000e-02  2.17951194e+00  1.38000000e-02  1.74180554e+00  1.38000000e-02  1.85089226e+00  1.38000000e-02 -2.63567150e-03 
 1.40000000e-02  2.06893793e+00  1.40000000e-02  2.17903208e+00  1.40000000e-02  1.74227239e+00  1.40000000e-02  1.85042063e+00  1.40000000e-02 -2.63568658e-03 
 1.42000000e-02  2.06951898e+00  1.42000000e-02  2.17844586e+00  1.42000000e-02  1.74284286e+00  1.42000000e-02  1.84984447e+00  1.42000000e-02 -2.63570495e-03 
 1.44000000e-02  2.07003932e+00  1.44000000e-02  2.17792088e+00  1.44000000e-02  1.74335365e+00  1.44000000e-02  1.84932844e+00  1.44000000e-02 -2.63572144e-03 
 1.46000000e-02  2.07051453e+00  1.46000000e-02  2.17744141e+00  1.46000000e-02  1.74382025e+00  1.46000000e-02  1.84885710e+00  1.46000000e-02 -2.63573655e-03 
 1.48000000e-02  2.07109498e+00  1.48000000e-02  2.17685578e+00  1.48000000e-02  1.74439012e+00  1.48000000e-02  1.84828143e+00  1.48000000e-02 -2.63575496e-03 
 1.50000000e-02  2.07161480e+00  1.50000000e-02  2.17633130e+00  1.50000000e-02  1.74490052e+00  1.50000000e-02  1.84776607e+00  1.50000000e-02 -2.63577148e-03 
 1.52000000e-02  2.07208961e+00  1.52000000e-02  2.17585223e+00  1.52000000e-02  1.74536648e+00  1.52000000e-02  1.84729519e+00  1.52000000e-02 -2.63578664e-03 
 1.54000000e-02  2.07266942e+00  1.54000000e-02  2.17526722e+00  1.54000000e-02  1.74593569e+00  1.54000000e-02  1.84672010e+00  1.54000000e-02 -2.63580507e-03 
 1.56000000e-02  2.07318872e+00  1.56000000e-02  2.17474326e+00  1.56000000e-02  1.74644559e+00  1.56000000e-02  1.84620510e+00  1.56000000e-02 -2.63582163e-03 
 1.58000000e-02  2.07366310e+00  1.58000000e-02  2.17426460e+00  1.58000000e-02  1.74691124e+00  1.58000000e-02  1.84573472e+00  1.58000000e-02 -2.63583682e-03 
 1.60000000e-02  2.07424226e+00  1.60000000e-02  2.17368023e+00  1.60000000e-02  1.74747982e+00  1.60000000e-02  1.84516034e+00  1.60000000e-02 -2.63585529e-03 
 1.62000000e-02  2.07476101e+00  1.62000000e-02  2.17315681e+00  1.62000000e-02  1.74798918e+00  1.62000000e-02  1.84464590e+00  1.62000000e-02 -2.63587188e-03 
 1.64000000e-02  2.07523495e+00  1.64000000e-02  2.17267858e+00  1.64000000e-02  1.74845444e+00  1.64000000e-02  1.84417588e+00  1.64000000e-02 -2.63588711e-03 
 1.66000000e-02  2.07581344e+00  1.66000000e-02  2.17209487e+00  1.66000000e-02  1.74902235e+00  1.66000000e-02  1.84360199e+00  1.66000000e-02 -2.63590561e-03 
 1.68000000e-02  2.07633162e+00  1.68000000e-02  2.17157200e+00  1.68000000e-02  1.74953117e+00  1.68000000e-02  1.84308819e+00  1.68000000e-02 -2.63592224e-03 
 1.70000000e-02  2.07680511e+00  1.70000000e-02  2.17109421e+00  1.70000000e-02  1.74999601e+00  1.70000000e-02  1.84261865e+00  1.70000000e-02 -2.63593750e-03 
 1.72000000e-02  2.07738290e+00  1.72000000e-02  2.17051119e+00  1.72000000e-02  1.75056323e+00  1.72000000e-02  1.84204560e+00  1.72000000e-02 -2.63595603e-03 
 1.74000000e-02  2.07790050e+00  1.74000000e-02  2.16998889e+00  1.74000000e-02  1.75107149e+00  1.74000000e-02  1.84153230e+00  1.74000000e-02 -2.63597269e-03 
 1.76000000e-02  2.07837351e+00  1.76000000e-02  2.16951156e+00  1.76000000e-02  1.75153586e+00  1.76000000e-02  1.84106302e+00  1.76000000e-02 -2.63598799e-03 
 1.78000000e-02  2.07895059e+00  1.78000000e-02  2.16892925e+00  1.78000000e-02  1.75210238e+00  1.78000000e-02  1.84049079e+00  1.78000000e-02 -2.63600655e-03 
 1.80000000e-02  2.07946758e+00  1.80000000e-02  2.16840754e+00  1.80000000e-02  1.75261006e+00  1.80000000e-02  1.83997814e+00  1.80000000e-02 -2.63602324e-03 
 1.82000000e-02  2.07994012e+00  1.82000000e-02  2.16793068e+00  1.82000000e-02  1.75307402e+00  1.82000000e-02  1.83950929e+00  1.82000000e-02 -2.63603857e-03 
 1.84000000e-02  2.08051645e+00  1.84000000e-02  2.16734910e+00  1.84000000e-02  1.75363982e+00  1.84000000e-02  1.83893784e+00  1.84000000e-02 -2.63605716e-03 
 1.86000000e-02  2.08103282e+00  1.86000000e-02  2.16682801e+00  1.86000000e-02  1.75414686e+00  1.86000000e-02  1.83842570e+00  1.86000000e-02 -2.63607388e-03 
 1.88000000e-02  2.08150486e+00  1.88000000e-02  2.16635163e+00  1.88000000e-02  1.75461025e+00  1.88000000e-02  1.83795755e+00  1.88000000e-02 -2.63608925e-03 
 1.90000000e-02  2.08208043e+00  1.90000000e-02  2.16577081e+00  1.90000000e-02  1.75517536e+00  1.90000000e-02  1.83738675e+00  1.90000000e-02 -2.63610787e-03 
 1.92000000e-02  2.08259616e+00  1.92000000e-02  2.16525034e+00  1.92000000e-02  1.75568181e+00  1.92000000e-02  1.83687517e+00  1.92000000e-02 -2.63612462e-03 
 1.94000000e-02  2.08306768e+00  1.94000000e-02  2.16477447e+00  1.94000000e-02  1.75614480e+00  1.94000000e-02  1.83640755e+00  1.94000000e-02 -2.63614001e-03 
 1.96000000e-02  2.08364246e+00  1.96000000e-02  2.16419442e+00  1.96000000e-02  1.75670911e+00  1.96000000e-02  1.83583755e+00  1.96000000e-02 -2.63615867e-03 
 1.98000000e-02  2.08415754e+00  1.98000000e-02  2.16367460e+00  1.98000000e-02  1.75721484e+00  1.98000000e-02  1.83532664e+00  1.98000000e-02 -2.63617544e-03 
 2.00000000e-02  2.08462854e+00  2.00000000e-02  2.16319924e+00  2.00000000e-02  1.75767727e+00  2.00000000e-02  1.83485943e+00  2.00000000e-02 -2.63619087e-03 
 2.02000000e-02  2.08520251e+00  2.02000000e-02  2.16261999e+00  2.02000000e-02  1.75824090e+00  2.02000000e-02  1.83429018e+00  2.02000000e-02 -2.63620955e-03 
 2.04000000e-02  2.08571692e+00  2.04000000e-02  2.16210083e+00  2.04000000e-02  1.75874593e+00  2.04000000e-02  1.83378005e+00  2.04000000e-02 -2.63622636e-03 
 2.06000000e-02  2.08618736e+00  2.06000000e-02  2.16162601e+00  2.06000000e-02  1.75920788e+00  2.06000000e-02  1.83331339e+00  2.06000000e-02 -2.63624182e-03 
 2.08000000e-02  2.08676050e+00  2.08000000e-02  2.16104758e+00  2.08000000e-02  1.75977062e+00  2.08000000e-02  1.83274491e+00  2.08000000e-02 -2.63626052e-03 
 2.10000000e-02  2.08727422e+00  2.10000000e-02  2.16052911e+00  2.10000000e-02  1.76027507e+00  2.10000000e-02  1.83223536e+00  2.10000000e-02 -2.63627735e-03 
 2.12000000e-02  2.08774411e+00  2.12000000e-02  2.16005484e+00  2.12000000e-02  1.76073652e+00  2.12000000e-02  1.83176931e+00  2.12000000e-02 -2.63629285e-03 
 2.14000000e-02  2.08831639e+00  2.14000000e-02  2.15947725e+00  2.14000000e-02  1.76129854e+00  2.14000000e-02  1.83120185e+00  2.14000000e-02 -2.63631158e-03 
 2.16000000e-02  2.08882940e+00  2.16000000e-02  2.15895948e+00  2.16000000e-02  1.76180214e+00  2.16000000e-02  1.83069305e+00  2.16000000e-02 -2.63632844e-03 
 2.18000000e-02  2.08929871e+00  2.18000000e-02  2.15848577e+00  2.18000000e-02  1.76226315e+00  2.18000000e-02  1.83022737e+00  2.18000000e-02 -2.63634396e-03 
 2.20000000e-02  2.08987012e+00  2.20000000e-02  2.15790905e+00  2.20000000e-02  1.76282408e+00  2.20000000e-02  1.82966066e+00  2.20000000e-02 -2.63636271e-03 
 2.22000000e-02  2.09038240e+00  2.22000000e-02  2.15739200e+00  2.22000000e-02  1.76332710e+00  2.22000000e-02  1.82915251e+00  2.22000000e-02 -2.63637960e-03 
 2.24000000e-02  2.09085112e+00  2.24000000e-02  2.15691887e+00  2.24000000e-02  1.76378741e+00  2.24000000e-02  1.82868753e+00  2.24000000e-02 -2.63639515e-03 
 2.26000000e-02  2.09142163e+00  2.26000000e-02  2.15634305e+00  2.26000000e-02  1.76434762e+00  2.26000000e-02  1.82812172e+00  2.26000000e-02 -2.63641393e-03 
 2.28000000e-02  2.09193316e+00  2.28000000e-02  2.15582673e+00  2.28000000e-02  1.76484980e+00  2.28000000e-02  1.82761448e+00  2.28000000e-02 -2.63643084e-03 
 2.30000000e-02  2.09240128e+00  2.30000000e-02  2.15535419e+00  2.30000000e-02  1.76530943e+00  2.30000000e-02  1.82715000e+00  2.30000000e-02 -2.63644642e-03 
 2.32000000e-02  2.09297087e+00  2.32000000e-02  2.15477928e+00  2.32000000e-02  1.76586893e+00  2.32000000e-02  1.82658508e+00  2.32000000e-02 -2.63646522e-03 
 2.34000000e-02  2.09348163e+00  2.34000000e-02  2.15426372e+00  2.34000000e-02  1.76637051e+00  2.34000000e-02  1.82607841e+00  2.34000000e-02 -2.63648216e-03 
 2.36000000e-02  2.09394914e+00  2.36000000e-02  2.15379180e+00  2.36000000e-02  1.76682959e+00  2.36000000e-02  1.82561468e+00  2.36000000e-02 -2.63649777e-03 
 2.38000000e-02  2.09451778e+00  2.38000000e-02  2.15321782e+00  2.38000000e-02  1.76738794e+00  2.38000000e-02  1.82505061e+00  2.38000000e-02 -2.63651659e-03 
 2.40000000e-02  2.09502775e+00  2.40000000e-02  2.15270304e+00  2.40000000e-02  1.76788858e+00  2.40000000e-02  1.82454473e+00  2.40000000e-02 -2.63653355e-03 
 2.42000000e-02  2.09549463e+00  2.42000000e-02  2.15223173e+00  2.42000000e-02  1.76834718e+00  2.42000000e-02  1.82408173e+00  2.42000000e-02 -2.63654919e-03 
 2.44000000e-02  2.09606230e+00  2.44000000e-02  2.15165872e+00  2.44000000e-02  1.76890462e+00  2.44000000e-02  1.82351858e+00  2.44000000e-02 -2.63656803e-03 
 2.46000000e-02  2.09657147e+00  2.46000000e-02  2.15114473e+00  2.46000000e-02  1.76940480e+00  2.46000000e-02  1.82301353e+00  2.46000000e-02 -2.63658501e-03 
 2.48000000e-02  2.09703770e+00  2.48000000e-02  2.15067407e+00  2.48000000e-02  1.76986268e+00  2.48000000e-02  1.82255103e+00  2.48000000e-02 -2.63660068e-03 
 2.50000000e-02  2.09760438e+00  2.50000000e-02  2.15010204e+00  2.50000000e-02  1.77041900e+00  2.50000000e-02  1.82198908e+00  2.50000000e-02 -2.63661954e-03 
 2.52000000e-02  2.09811273e+00  2.52000000e-02  2.14958886e+00  2.52000000e-02  1.77091830e+00  2.52000000e-02  1.82148475e+00  2.52000000e-02 -2.63663654e-03 
 2.54000000e-02  2.09857829e+00  2.54000000e-02  2.14911885e+00  2.54000000e-02  1.77137546e+00  2.54000000e-02  1.82102293e+00  2.54000000e-02 -2.63665223e-03 
 2.56000000e-02  2.09914396e+00  2.56000000e-02  2.14854783e+00  2.56000000e-02  1.77193094e+00  2.56000000e-02  1.82046176e+00  2.56000000e-02 -2.63667111e-03 
 2.58000000e-02  2.09965148e+00  2.58000000e-02  2.14803548e+00  2.58000000e-02  1.77242942e+00  2.58000000e-02  1.81995839e+00  2.58000000e-02 -2.63668814e-03 
 2.60000000e-02  2.10011635e+00  2.60000000e-02  2.14756614e+00  2.60000000e-02  1.77288591e+00  2.60000000e-02  1.81949718e+00  2.60000000e-02 -2.63670385e-03 
 2.62000000e-02  2.10068099e+00  2.62000000e-02  2.14699615e+00  2.62000000e-02  1.77344042e+00  2.62000000e-02  1.81893715e+00  2.62000000e-02 -2.63672275e-03 
 2.64000000e-02  2.10118764e+00  2.64000000e-02  2.14648465e+00  2.64000000e-02  1.77393794e+00  2.64000000e-02  1.81843466e+00  2.64000000e-02 -2.63673980e-03 
 2.66000000e-02  2.10165183e+00  2.66000000e-02  2.14601600e+00  2.66000000e-02  1.77439387e+00  2.66000000e-02  1.81797402e+00  2.66000000e-02 -2.63675554e-03 
 2.68000000e-02  2.10221540e+00  2.68000000e-02  2.14544706e+00  2.68000000e-02  1.77494728e+00  2.68000000e-02  1.81741508e+00  2.68000000e-02 -2.63677445e-03 
 2.70000000e-02  2.10272118e+00  2.70000000e-02  2.14493643e+00  2.70000000e-02  1.77544405e+00  2.70000000e-02  1.81691334e+00  2.70000000e-02 -2.63679151e-03 
 2.72000000e-02  2.10318465e+00  2.72000000e-02  2.14446849e+00  2.72000000e-02  1.77589925e+00  2.72000000e-02  1.81645353e+00  2.72000000e-02 -2.63680728e-03 
 2.74000000e-02  2.10374714e+00  2.74000000e-02  2.14390062e+00  2.74000000e-02  1.77645164e+00  2.74000000e-02  1.81589559e+00  2.74000000e-02 -2.63682620e-03 
 2.76000000e-02  2.10425203e+00  2.76000000e-02  2.14339088e+00  2.76000000e-02  1.77694751e+00  2.76000000e-02  1.81539469e+00  2.76000000e-02 -2.63684329e-03 
 2.78000000e-02  2.10471477e+00  2.78000000e-02  2.14292365e+00  2.78000000e-02  1.77740198e+00  2.78000000e-02  1.81493567e+00  2.78000000e-02 -2.63685907e-03 
 2.80000000e-02  2.10527616e+00  2.80000000e-02  2.14235688e+00  2.80000000e-02  1.77795329e+00  2.80000000e-02  1.81437881e+00  2.80000000e-02 -2.63687801e-03 
 2.82000000e-02  2.10578014e+00  2.82000000e-02  2.14184805e+00  2.82000000e-02  1.77844831e+00  2.82000000e-02  1.81387879e+00  2.82000000e-02 -2.63689512e-03 
 2.84000000e-02  2.10624214e+00  2.84000000e-02  2.14138156e+00  2.84000000e-02  1.77890202e+00  2.84000000e-02  1.81342047e+00  2.84000000e-02 -2.63691092e-03 
 2.86000000e-02  2.10680240e+00  2.86000000e-02  2.14081591e+00  2.86000000e-02  1.77945234e+00  2.86000000e-02  1.81286484e+00  2.86000000e-02 -2.63692988e-03 
 2.88000000e-02  2.10730544e+00  2.88000000e-02  2.14030800e+00  2.88000000e-02  1.77994631e+00  2.88000000e-02  1.81236570e+00  2.88000000e-02 -2.63694700e-03 
 2.90000000e-02  2.10776668e+00  2.90000000e-02  2.13984226e+00  2.90000000e-02  1.78039930e+00  2.90000000e-02  1.81190807e+00  2.90000000e-02 -2.63696283e-03 
 2.92000000e-02  2.10832579e+00  2.92000000e-02  2.13927776e+00  2.92000000e-02  1.78094844e+00  2.92000000e-02  1.81135354e+00  2.92000000e-02 -2.63698179e-03 
 2.94000000e-02  2.10882788e+00  2.94000000e-02  2.13877079e+00  2.94000000e-02  1.78144155e+00  2.94000000e-02  1.81085537e+00  2.94000000e-02 -2.63699892e-03 
 2.96000000e-02  2.10928835e+00  2.96000000e-02  2.13830581e+00  2.96000000e-02  1.78189384e+00  2.96000000e-02  1.81039857e+00  2.96000000e-02 -2.63701477e-03 
 2.98000000e-02  2.10984629e+00  2.98000000e-02  2.13774248e+00  2.98000000e-02  1.78244189e+00  2.98000000e-02  1.80984505e+00  2.98000000e-02 -2.63703375e-03 
 3.00000000e-02  2.11034741e+00  3.00000000e-02  2.13723648e+00  3.00000000e-02  1.78293404e+00  3.00000000e-02  1.80934791e+00  3.00000000e-02 -2.63705090e-03 
 3.02000000e-02  2.11080709e+00  3.02000000e-02  2.13677229e+00  3.02000000e-02  1.78338568e+00  3.02000000e-02  1.80889190e+00  3.02000000e-02 -2.63706677e-03 
 3.04000000e-02  2.11136383e+00  3.04000000e-02  2.13621014e+00  3.04000000e-02  1.78393237e+00  3.04000000e-02  1.80833958e+00  3.04000000e-02 -2.63708575e-03 
 3.06000000e-02  2.11186397e+00  3.06000000e-02  2.13570513e+00  3.06000000e-02  1.78442355e+00  3.06000000e-02  1.80784344e+00  3.06000000e-02 -2.63710291e-03 
 3.08000000e-02  2.11232284e+00  3.08000000e-02  2.13524173e+00  3.08000000e-02  1.78487441e+00  3.08000000e-02  1.80738806e+00  3.08000000e-02 -2.63711880e-03 
 3.10000000e-02  2.11287836e+00  3.10000000e-02  2.13468080e+00  3.10000000e-02  1.78541994e+00  3.10000000e-02  1.80683705e+00  3.10000000e-02 -2.63713779e-03 
 3.12000000e-02  2.11337749e+00  3.12000000e-02  2.13417679e+00  3.12000000e-02  1.78591024e+00  3.12000000e-02  1.80634187e+00  3.12000000e-02 -2.63715497e-03 
 3.14000000e-02  2.11383554e+00  3.14000000e-02  2.13371420e+00  3.14000000e-02  1.78636010e+00  3.14000000e-02  1.80588746e+00  3.14000000e-02 -2.63717087e-03 
 3.16000000e-02  2.11438982e+00  3.16000000e-02  2.13315452e+00  3.16000000e-02  1.78690447e+00  3.16000000e-02  1.80533764e+00  3.16000000e-02 -2.63718987e-03 
 3.18000000e-02  2.11488792e+00  3.18000000e-02  2.13265152e+00  3.18000000e-02  1.78739378e+00  3.18000000e-02  1.80484342e+00  3.18000000e-02 -2.63720706e-03 
 3.20000000e-02  2.11534514e+00  3.20000000e-02  2.13218977e+00  3.20000000e-02  1.78784285e+00  3.20000000e-02  1.80438988e+00  3.20000000e-02 -2.63722298e-03 
 3.22000000e-02  2.11589815e+00  3.22000000e-02  2.13163134e+00  3.22000000e-02  1.78838604e+00  3.22000000e-02  1.80384118e+00  3.22000000e-02 -2.63724198e-03 
 3.24000000e-02  2.11639521e+00  3.24000000e-02  2.13112939e+00  3.24000000e-02  1.78887429e+00  3.24000000e-02  1.80334807e+00  3.24000000e-02 -2.63725918e-03 
 3.26000000e-02  2.11685157e+00  3.26000000e-02  2.13066848e+00  3.26000000e-02  1.78932247e+00  3.26000000e-02  1.80289523e+00  3.26000000e-02 -2.63727512e-03 
 3.28000000e-02  2.11740330e+00  3.28000000e-02  2.13011134e+00  3.28000000e-02  1.78986443e+00  3.28000000e-02  1.80234789e+00  3.28000000e-02 -2.63729413e-03 
 3.30000000e-02  2.11789929e+00  3.30000000e-02  2.12961044e+00  3.30000000e-02  1.79035164e+00  3.30000000e-02  1.80185589e+00  3.30000000e-02 -2.63731134e-03 
 3.32000000e-02  2.11835479e+00  3.32000000e-02  2.12915040e+00  3.32000000e-02  1.79079909e+00  3.32000000e-02  1.80140392e+00  3.32000000e-02 -2.63732729e-03 
 3.34000000e-02  2.11890520e+00  3.34000000e-02  2.12859457e+00  3.34000000e-02  1.79133967e+00  3.34000000e-02  1.80085791e+00  3.34000000e-02 -2.63734630e-03 
 3.36000000e-02  2.11940011e+00  3.36000000e-02  2.12809475e+00  3.36000000e-02  1.79182590e+00  3.36000000e-02  1.80036696e+00  3.36000000e-02 -2.63736352e-03 
 3.38000000e-02  2.11985472e+00  3.38000000e-02  2.12763559e+00  3.38000000e-02  1.79227241e+00  3.38000000e-02  1.79991577e+00  3.38000000e-02 -2.63737948e-03 
 3.40000000e-02  2.12040380e+00  3.40000000e-02  2.12708109e+00  3.40000000e-02  1.79281165e+00  3.40000000e-02  1.79937123e+00  3.40000000e-02 -2.63739850e-03 
 3.42000000e-02  2.12089761e+00  3.42000000e-02  2.12658237e+00  3.42000000e-02  1.79329688e+00  3.42000000e-02  1.79888117e+00  3.42000000e-02 -2.63741572e-03 
 3.44000000e-02  2.12135132e+00  3.44000000e-02  2.12612410e+00  3.44000000e-02  1.79374256e+00  3.44000000e-02  1.79843094e+00  3.44000000e-02 -2.63743170e-03 
 3.46000000e-02  2.12189904e+00  3.46000000e-02  2.12557096e+00  3.46000000e-02  1.79428055e+00  3.46000000e-02  1.79788759e+00  3.46000000e-02 -2.63745071e-03 
 3.48000000e-02  2.12239173e+00  3.48000000e-02  2.12507335e+00  3.48000000e-02  1.79476457e+00  3.48000000e-02  1.79739871e+00  3.48000000e-02 -2.63746794e-03 
 3.50000000e-02  2.12284452e+00  3.50000000e-02  2.12461600e+00  3.50000000e-02  1.79520933e+00  3.50000000e-02  1.79694953e+00  3.50000000e-02 -2.63748393e-03 
 3.52000000e-02  2.12339086e+00  3.52000000e-02  2.12406423e+00  3.52000000e-02  1.79574604e+00  3.52000000e-02  1.79640749e+00  3.52000000e-02 -2.63750295e-03 
 3.54000000e-02  2.12388241e+00  3.54000000e-02  2.12356777e+00  3.54000000e-02  1.79622880e+00  3.54000000e-02  1.79591981e+00  3.54000000e-02 -2.63752018e-03 
 3.56000000e-02  2.12433427e+00  3.56000000e-02  2.12311135e+00  3.56000000e-02  1.79667273e+00  3.56000000e-02  1.79547138e+00  3.56000000e-02 -2.63753618e-03 
 3.58000000e-02  2.12487920e+00  3.58000000e-02  2.12256098e+00  3.58000000e-02  1.79720798e+00  3.58000000e-02  1.79493082e+00  3.58000000e-02 -2.63755520e-03 
 3.60000000e-02  2.12536960e+00  3.60000000e-02  2.12206567e+00  3.60000000e-02  1.79768973e+00  3.60000000e-02  1.79444424e+00  3.60000000e-02 -2.63757243e-03 
 3.62000000e-02  2.12582050e+00  3.62000000e-02  2.12161019e+00  3.62000000e-02  1.79813269e+00  3.62000000e-02  1.79399676e+00  3.62000000e-02 -2.63758845e-03 
 3.64000000e-02  2.12636401e+00  3.64000000e-02  2.12106125e+00  3.64000000e-02  1.79866664e+00  3.64000000e-02  1.79345764e+00  3.64000000e-02 -2.63760746e-03 
 3.66000000e-02  2.12685323e+00  3.66000000e-02  2.12056712e+00  3.66000000e-02  1.79914718e+00  3.66000000e-02  1.79297212e+00  3.66000000e-02 -2.63762470e-03 
 3.68000000e-02  2.12730316e+00  3.68000000e-02  2.12011260e+00  3.68000000e-02  1.79958932e+00  3.68000000e-02  1.79252571e+00  3.68000000e-02 -2.63764072e-03 
 3.70000000e-02  2.12784523e+00  3.70000000e-02  2.11956511e+00  3.70000000e-02  1.80012173e+00  3.70000000e-02  1.79198791e+00  3.70000000e-02 -2.63765972e-03 
 3.72000000e-02  2.12833324e+00  3.72000000e-02  2.11907217e+00  3.72000000e-02  1.80060120e+00  3.72000000e-02  1.79150373e+00  3.72000000e-02 -2.63767697e-03 
 3.74000000e-02  2.12878219e+00  3.74000000e-02  2.11861864e+00  3.74000000e-02  1.80104217e+00  3.74000000e-02  1.79105827e+00  3.74000000e-02 -2.63769300e-03 
 3.76000000e-02  2.12932279e+00  3.76000000e-02  2.11807262e+00  3.76000000e-02  1.80157327e+00  3.76000000e-02  1.79052186e+00  3.76000000e-02 -2.63771199e-03 
 3.78000000e-02  2.12980959e+00  3.78000000e-02  2.11758089e+00  3.78000000e-02  1.80205164e+00  3.78000000e-02  1.79003886e+00  3.78000000e-02 -2.63772924e-03 
 3.80000000e-02  2.13025754e+00  3.80000000e-02  2.11712836e+00  3.80000000e-02  1.80249154e+00  3.80000000e-02  1.78959443e+00  3.80000000e-02 -2.63774527e-03 
 3.82000000e-02  2.13079663e+00  3.82000000e-02  2.11658383e+00  3.82000000e-02  1.80302119e+00  3.82000000e-02  1.78905954e+00  3.82000000e-02 -2.63776426e-03 
 3.84000000e-02  2.13128220e+00  3.84000000e-02  2.11609334e+00  3.84000000e-02  1.80349824e+00  3.84000000e-02  1.78857775e+00  3.84000000e-02 -2.63778151e-03 
 3.86000000e-02  2.13172913e+00  3.86000000e-02  2.11564182e+00  3.86000000e-02  1.80393731e+00  3.86000000e-02  1.78813422e+00  3.86000000e-02 -2.63779755e-03 
 3.88000000e-02  2.13226671e+00  3.88000000e-02  2.11509881e+00  3.88000000e-02  1.80446542e+00  3.88000000e-02  1.78760087e+00  3.88000000e-02 -2.63781653e-03 
 3.90000000e-02  2.13275102e+00  3.90000000e-02  2.11460957e+00  3.90000000e-02  1.80494115e+00  3.90000000e-02  1.78712040e+00  3.90000000e-02 -2.63783377e-03 
 3.92000000e-02  2.13319692e+00  3.92000000e-02  2.11415909e+00  3.92000000e-02  1.80537921e+00  3.92000000e-02  1.78667787e+00  3.92000000e-02 -2.63784982e-03 
 3.94000000e-02  2.13373296e+00  3.94000000e-02  2.11361762e+00  3.94000000e-02  1.80590586e+00  3.94000000e-02  1.78614605e+00  3.94000000e-02 -2.63786879e-03 
 3.96000000e-02  2.13421599e+00  3.96000000e-02  2.11312966e+00  3.96000000e-02  1.80638043e+00  3.96000000e-02  1.78566683e+00  3.96000000e-02 -2.63788603e-03 
 3.98000000e-02  2.13466084e+00  3.98000000e-02  2.11268022e+00  3.98000000e-02  1.80681749e+00  3.98000000e-02  1.78522534e+00  3.98000000e-02 -2.63790208e-03 
 4.00000000e-02  2.13519531e+00  4.00000000e-02  2.11214032e+00  4.00000000e-02  1.80734254e+00  4.00000000e-02  1.78469500e+00  4.00000000e-02 -2.63792104e-03 
 4.02000000e-02  2.13567705e+00  4.02000000e-02  2.11165365e+00  4.02000000e-02  1.80781575e+00  4.02000000e-02  1.78421704e+00  4.02000000e-02 -2.63793828e-03 
 4.04000000e-02  2.13612084e+00  4.04000000e-02  2.11120527e+00  4.04000000e-02  1.80825181e+00  4.04000000e-02  1.78377662e+00  4.04000000e-02 -2.63795433e-03 
 4.06000000e-02  2.13665372e+00  4.06000000e-02  2.11066697e+00  4.06000000e-02  1.80877546e+00  4.06000000e-02  1.78324786e+00  4.06000000e-02 -2.63797328e-03 
 4.08000000e-02  2.13713415e+00  4.08000000e-02  2.11018160e+00  4.08000000e-02  1.80924747e+00  4.08000000e-02  1.78277116e+00  4.08000000e-02 -2.63799051e-03 
 4.10000000e-02  2.13757685e+00  4.10000000e-02  2.10973431e+00  4.10000000e-02  1.80968232e+00  4.10000000e-02  1.78233191e+00  4.10000000e-02 -2.63800656e-03 
 4.12000000e-02  2.13810812e+00  4.12000000e-02  2.10919762e+00  4.12000000e-02  1.81020433e+00  4.12000000e-02  1.78180472e+00  4.12000000e-02 -2.63802550e-03 
 4.14000000e-02  2.13858722e+00  4.14000000e-02  2.10871359e+00  4.14000000e-02  1.81067504e+00  4.14000000e-02  1.78132927e+00  4.14000000e-02 -2.63804272e-03 
 4.16000000e-02  2.13902881e+00  4.16000000e-02  2.10826740e+00  4.16000000e-02  1.81110887e+00  4.16000000e-02  1.78089126e+00  4.16000000e-02 -2.63805878e-03 
 4.18000000e-02  2.13955845e+00  4.18000000e-02  2.10773234e+00  4.18000000e-02  1.81162936e+00  4.18000000e-02  1.78036562e+00  4.18000000e-02 -2.63807770e-03 
 4.20000000e-02  2.14003620e+00  4.20000000e-02  2.10724967e+00  4.20000000e-02  1.81209870e+00  4.20000000e-02  1.77989156e+00  4.20000000e-02 -2.63809491e-03 
 4.22000000e-02  2.14047667e+00  4.22000000e-02  2.10680459e+00  4.22000000e-02  1.81253140e+00  4.22000000e-02  1.77945447e+00  4.22000000e-02 -2.63811097e-03 
 4.24000000e-02  2.14100465e+00  4.24000000e-02  2.10627119e+00  4.24000000e-02  1.81305022e+00  4.24000000e-02  1.77893059e+00  4.24000000e-02 -2.63812987e-03 
 4.26000000e-02  2.14148103e+00  4.26000000e-02  2.10578989e+00  4.26000000e-02  1.81351831e+00  4.26000000e-02  1.77845785e+00  4.26000000e-02 -2.63814708e-03 
 4.28000000e-02  2.14192037e+00  4.28000000e-02  2.10534595e+00  4.28000000e-02  1.81394993e+00  4.28000000e-02  1.77802180e+00  4.28000000e-02 -2.63816313e-03 
 4.30000000e-02  2.14244667e+00  4.30000000e-02  2.10481424e+00  4.30000000e-02  1.81446695e+00  4.30000000e-02  1.77749968e+00  4.30000000e-02 -2.63818201e-03 
 4.32000000e-02  2.14292166e+00  4.32000000e-02  2.10433433e+00  4.32000000e-02  1.81493366e+00  4.32000000e-02  1.77702834e+00  4.32000000e-02 -2.63819921e-03 
 4.34000000e-02  2.14335984e+00  4.34000000e-02  2.10389154e+00  4.34000000e-02  1.81536427e+00  4.34000000e-02  1.77659346e+00  4.34000000e-02 -2.63821526e-03 
 4.36000000e-02  2.14388444e+00  4.36000000e-02  2.10336153e+00  4.36000000e-02  1.81587965e+00  4.36000000e-02  1.77607292e+00  4.36000000e-02 -2.63823412e-03 
 4.38000000e-02  2.14435802e+00  4.38000000e-02  2.10288303e+00  4.38000000e-02  1.81634504e+00  4.38000000e-02  1.77560296e+00  4.38000000e-02 -2.63825131e-03 
 4.40000000e-02  2.14479503e+00  4.40000000e-02  2.10244142e+00  4.40000000e-02  1.81677438e+00  4.40000000e-02  1.77516928e+00  4.40000000e-02 -2.63826735e-03 
 4.42000000e-02  2.14531790e+00  4.42000000e-02  2.10191314e+00  4.42000000e-02  1.81728819e+00  4.42000000e-02  1.77465053e+00  4.42000000e-02 -2.63828620e-03 
 4.44000000e-02  2.14579005e+00  4.44000000e-02  2.10143607e+00  4.44000000e-02  1.81775207e+00  4.44000000e-02  1.77418201e+00  4.44000000e-02 -2.63830337e-03 
 4.46000000e-02  2.14622588e+00  4.46000000e-02  2.10099564e+00  4.46000000e-02  1.81818025e+00  4.46000000e-02  1.77374930e+00  4.46000000e-02 -2.63831941e-03 
 4.48000000e-02  2.14674700e+00  4.48000000e-02  2.10046912e+00  4.48000000e-02  1.81869231e+00  4.48000000e-02  1.77323230e+00  4.48000000e-02 -2.63833823e-03 
 4.50000000e-02  2.14721770e+00  4.50000000e-02  2.09999351e+00  4.50000000e-02  1.81915477e+00  4.50000000e-02  1.77276530e+00  4.50000000e-02 -2.63835539e-03 
 4.52000000e-02  2.14765232e+00  4.52000000e-02  2.09955428e+00  4.52000000e-02  1.81958190e+00  4.52000000e-02  1.77233406e+00  4.52000000e-02 -2.63837142e-03 
 4.54000000e-02  2.14817167e+00  4.54000000e-02  2.09902954e+00  4.54000000e-02  1.82009210e+00  4.54000000e-02  1.77181858e+00  4.54000000e-02 -2.63839022e-03 
 4.56000000e-02  2.14864090e+00  4.56000000e-02  2.09855539e+00  4.56000000e-02  1.82055325e+00  4.56000000e-02  1.77135301e+00  4.56000000e-02 -2.63840736e-03 
 4.58000000e-02  2.14907430e+00  4.58000000e-02  2.09811739e+00  4.58000000e-02  1.82097906e+00  4.58000000e-02  1.77092288e+00  4.58000000e-02 -2.63842339e-03 
 4.60000000e-02  2.14959186e+00  4.60000000e-02  2.09759445e+00  4.60000000e-02  1.82148766e+00  4.60000000e-02  1.77040925e+00  4.60000000e-02 -2.63844216e-03 
 4.62000000e-02  2.15005959e+00  4.62000000e-02  2.09712180e+00  4.62000000e-02  1.82194731e+00  4.62000000e-02  1.76994517e+00  4.62000000e-02 -2.63845929e-03 
 4.64000000e-02  2.15049175e+00  4.64000000e-02  2.09668504e+00  4.64000000e-02  1.82237188e+00  4.64000000e-02  1.76951620e+00  4.64000000e-02 -2.63847531e-03 
 4.66000000e-02  2.15100749e+00  4.66000000e-02  2.09616392e+00  4.66000000e-02  1.82287874e+00  4.66000000e-02  1.76900456e+00  4.66000000e-02 -2.63849405e-03 
 4.68000000e-02  2.15147372e+00  4.68000000e-02  2.09569278e+00  4.68000000e-02  1.82333679e+00  4.68000000e-02  1.76854184e+00  4.68000000e-02 -2.63851116e-03 
 4.70000000e-02  2.15190462e+00  4.70000000e-02  2.09525728e+00  4.70000000e-02  1.82376028e+00  4.70000000e-02  1.76811413e+00  4.70000000e-02 -2.63852717e-03 
 4.72000000e-02  2.15241852e+00  4.72000000e-02  2.09473801e+00  4.72000000e-02  1.82426525e+00  4.72000000e-02  1.76760416e+00  4.72000000e-02 -2.63854589e-03 
 4.74000000e-02  2.15288322e+00  4.74000000e-02  2.09426840e+00  4.74000000e-02  1.82472191e+00  4.74000000e-02  1.76714304e+00  4.74000000e-02 -2.63856297e-03 
 4.76000000e-02  2.15331285e+00  4.76000000e-02  2.09383418e+00  4.76000000e-02  1.82514399e+00  4.76000000e-02  1.76671667e+00  4.76000000e-02 -2.63857897e-03 
 4.78000000e-02  2.15382489e+00  4.78000000e-02  2.09331677e+00  4.78000000e-02  1.82564716e+00  4.78000000e-02  1.76620852e+00  4.78000000e-02 -2.63859766e-03 
 4.80000000e-02  2.15428804e+00  4.80000000e-02  2.09284872e+00  4.80000000e-02  1.82610235e+00  4.80000000e-02  1.76574894e+00  4.80000000e-02 -2.63861473e-03 
 4.82000000e-02  2.15471637e+00  4.82000000e-02  2.09241579e+00  4.82000000e-02  1.82652323e+00  4.82000000e-02  1.76532375e+00  4.82000000e-02 -2.63863071e-03 
 4.84000000e-02  2.15522652e+00  4.84000000e-02  2.09190028e+00  4.84000000e-02  1.82702451e+00  4.84000000e-02  1.76481758e+00  4.84000000e-02 -2.63864937e-03 
 4.86000000e-02  2.15568811e+00  4.86000000e-02  2.09143380e+00  4.86000000e-02  1.82747810e+00  4.86000000e-02  1.76435953e+00  4.86000000e-02 -2.63866642e-03 
 4.88000000e-02  2.15611513e+00  4.88000000e-02  2.09100219e+00  4.88000000e-02  1.82789771e+00  4.88000000e-02  1.76393574e+00  4.88000000e-02 -2.63868239e-03 
 4.90000000e-02  2.15662337e+00  4.90000000e-02  2.09048859e+00  4.90000000e-02  1.82839724e+00  4.90000000e-02  1.76343146e+00  4.90000000e-02 -2.63870101e-03 
 4.92000000e-02  2.15708337e+00  4.92000000e-02  2.09002370e+00  4.92000000e-02  1.82884927e+00  4.92000000e-02  1.76297487e+00  4.92000000e-02 -2.63871803e-03 
 4.94000000e-02  2.15750907e+00  4.94000000e-02  2.08959342e+00  4.94000000e-02  1.82926760e+00  4.94000000e-02  1.76255241e+00  4.94000000e-02 -2.63873399e-03 
 4.96000000e-02  2.15801537e+00  4.96000000e-02  2.08908177e+00  4.96000000e-02  1.82976516e+00  4.96000000e-02  1.76204984e+00  4.96000000e-02 -2.63875258e-03 
 4.98000000e-02  2.15847376e+00  4.98000000e-02  2.08861849e+00  4.98000000e-02  1.83021557e+00  4.98000000e-02  1.76159502e+00  4.98000000e-02 -2.63876958e-03 
 5.00000000e-02  2.15889811e+00  5.00000000e-02  2.08818956e+00  5.00000000e-02  1.83063262e+00  5.00000000e-02  1.76117382e+00  5.00000000e-02 -2.63878552e-03 
 5.02000000e-02  2.15940246e+00  5.02000000e-02  2.08767987e+00  5.02000000e-02  1.83112825e+00  5.02000000e-02  1.76067347e+00  5.02000000e-02 -2.63880408e-03 
 5.04000000e-02  2.15985923e+00  5.04000000e-02  2.08721822e+00  5.04000000e-02  1.83157714e+00  5.04000000e-02  1.76022016e+00  5.04000000e-02 -2.63882105e-03 
 5.06000000e-02  2.16028222e+00  5.06000000e-02  2.08679066e+00  5.06000000e-02  1.83199293e+00  5.06000000e-02  1.75980032e+00  5.06000000e-02 -2.63883697e-03 
 5.08000000e-02  2.16078459e+00  5.08000000e-02  2.08628296e+00  5.08000000e-02  1.83248645e+00  5.08000000e-02  1.75930176e+00  5.08000000e-02 -2.63885549e-03 
 5.10000000e-02  2.16123971e+00  5.10000000e-02  2.08582297e+00  5.10000000e-02  1.83293383e+00  5.10000000e-02  1.75885015e+00  5.10000000e-02 -2.63887244e-03 
 5.12000000e-02  2.16166131e+00  5.12000000e-02  2.08539679e+00  5.12000000e-02  1.83334807e+00  5.12000000e-02  1.75843170e+00  5.12000000e-02 -2.63888834e-03 
 5.14000000e-02  2.16216169e+00  5.14000000e-02  2.08489110e+00  5.14000000e-02  1.83383984e+00  5.14000000e-02  1.75793513e+00  5.14000000e-02 -2.63890682e-03 
 5.16000000e-02  2.16261514e+00  5.16000000e-02  2.08443277e+00  5.16000000e-02  1.83428544e+00  5.16000000e-02  1.75748504e+00  5.16000000e-02 -2.63892374e-03 
 5.18000000e-02  2.16303534e+00  5.18000000e-02  2.08400800e+00  5.18000000e-02  1.83469835e+00  5.18000000e-02  1.75706802e+00  5.18000000e-02 -2.63893962e-03 
 5.20000000e-02  2.16353369e+00  5.20000000e-02  2.08350434e+00  5.20000000e-02  1.83518816e+00  5.20000000e-02  1.75657345e+00  5.20000000e-02 -2.63895806e-03 
 5.22000000e-02  2.16398546e+00  5.22000000e-02  2.08304771e+00  5.22000000e-02  1.83563208e+00  5.22000000e-02  1.75612514e+00  5.22000000e-02 -2.63897495e-03 
 5.24000000e-02  2.16440425e+00  5.24000000e-02  2.08262436e+00  5.24000000e-02  1.83604373e+00  5.24000000e-02  1.75570947e+00  5.24000000e-02 -2.63899081e-03 
 5.26000000e-02  2.16490055e+00  5.26000000e-02  2.08212276e+00  5.26000000e-02  1.83653148e+00  5.26000000e-02  1.75521700e+00  5.26000000e-02 -2.63900921e-03 
 5.28000000e-02  2.16535061e+00  5.28000000e-02  2.08166785e+00  5.28000000e-02  1.83697379e+00  5.28000000e-02  1.75477030e+00  5.28000000e-02 -2.63902607e-03 
 5.30000000e-02  2.16576797e+00  5.30000000e-02  2.08124593e+00  5.30000000e-02  1.83738397e+00  5.30000000e-02  1.75435606e+00  5.30000000e-02 -2.63904191e-03 
 5.32000000e-02  2.16626220e+00  5.32000000e-02  2.08074641e+00  5.32000000e-02  1.83786969e+00  5.32000000e-02  1.75386556e+00  5.32000000e-02 -2.63906027e-03 
 5.34000000e-02  2.16671054e+00  5.34000000e-02  2.08029323e+00  5.34000000e-02  1.83831028e+00  5.34000000e-02  1.75342063e+00  5.34000000e-02 -2.63907709e-03 
 5.36000000e-02  2.16712644e+00  5.36000000e-02  2.07987278e+00  5.36000000e-02  1.83871905e+00  5.36000000e-02  1.75300785e+00  5.36000000e-02 -2.63909291e-03 
 5.38000000e-02  2.16761858e+00  5.38000000e-02  2.07937536e+00  5.38000000e-02  1.83920269e+00  5.38000000e-02  1.75251937e+00  5.38000000e-02 -2.63911122e-03 
 5.40000000e-02  2.16806517e+00  5.40000000e-02  2.07892393e+00  5.40000000e-02  1.83964163e+00  5.40000000e-02  1.75207628e+00  5.40000000e-02 -2.63912801e-03 
 5.42000000e-02  2.16847960e+00  5.42000000e-02  2.07850495e+00  5.42000000e-02  1.84004894e+00  5.42000000e-02  1.75166493e+00  5.42000000e-02 -2.63914381e-03 
 5.44000000e-02  2.16896963e+00  5.44000000e-02  2.07800966e+00  5.44000000e-02  1.84053054e+00  5.44000000e-02  1.75117858e+00  5.44000000e-02 -2.63916207e-03 
 5.46000000e-02  2.16941446e+00  5.46000000e-02  2.07756000e+00  5.46000000e-02  1.84096772e+00  5.46000000e-02  1.75073718e+00  5.46000000e-02 -2.63917883e-03 
 5.48000000e-02  2.16982740e+00  5.48000000e-02  2.07714252e+00  5.48000000e-02  1.84137358e+00  5.48000000e-02  1.75032732e+00  5.48000000e-02 -2.63919459e-03 
 5.50000000e-02  2.17031529e+00  5.50000000e-02  2.07664938e+00  5.50000000e-02  1.84185309e+00  5.50000000e-02  1.74984324e+00  5.50000000e-02 -2.63921281e-03 
 5.52000000e-02  2.17075834e+00  5.52000000e-02  2.07620151e+00  5.52000000e-02  1.84228864e+00  5.52000000e-02  1.74940342e+00  5.52000000e-02 -2.63922953e-03 
 5.54000000e-02  2.17116976e+00  5.54000000e-02  2.07578555e+00  5.54000000e-02  1.84269295e+00  5.54000000e-02  1.74899501e+00  5.54000000e-02 -2.63924527e-03 
 5.56000000e-02  2.17165550e+00  5.56000000e-02  2.07529457e+00  5.56000000e-02  1.84317030e+00  5.56000000e-02  1.74851302e+00  5.56000000e-02 -2.63926344e-03 
 5.58000000e-02  2.17209674e+00  5.58000000e-02  2.07484852e+00  5.58000000e-02  1.84360400e+00  5.58000000e-02  1.74807505e+00  5.58000000e-02 -2.63928012e-03 
 5.60000000e-02  2.17250665e+00  5.60000000e-02  2.07443409e+00  5.60000000e-02  1.84400670e+00  5.60000000e-02  1.74766821e+00  5.60000000e-02 -2.63929583e-03 
 5.62000000e-02  2.17299021e+00  5.62000000e-02  2.07394531e+00  5.62000000e-02  1.84448218e+00  5.62000000e-02  1.74718848e+00  5.62000000e-02 -2.63931395e-03 
 5.64000000e-02  2.17342962e+00  5.64000000e-02  2.07350109e+00  5.64000000e-02  1.84491404e+00  5.64000000e-02  1.74675213e+00  5.64000000e-02 -2.63933060e-03 
 5.66000000e-02  2.17383798e+00  5.66000000e-02  2.07308821e+00  5.66000000e-02  1.84531542e+00  5.66000000e-02  1.74634691e+00  5.66000000e-02 -2.63934628e-03 
 5.68000000e-02  2.17431934e+00  5.68000000e-02  2.07260164e+00  5.68000000e-02  1.84578851e+00  5.68000000e-02  1.74586912e+00  5.68000000e-02 -2.63936434e-03 
 5.70000000e-02  2.17475691e+00  5.70000000e-02  2.07215928e+00  5.70000000e-02  1.84621862e+00  5.70000000e-02  1.74543492e+00  5.70000000e-02 -2.63938095e-03 
 5.72000000e-02  2.17516371e+00  5.72000000e-02  2.07174797e+00  5.72000000e-02  1.84661838e+00  5.72000000e-02  1.74503105e+00  5.72000000e-02 -2.63939660e-03 
 5.74000000e-02  2.17564284e+00  5.74000000e-02  2.07126364e+00  5.74000000e-02  1.84708934e+00  5.74000000e-02  1.74455562e+00  5.74000000e-02 -2.63941461e-03 
 5.76000000e-02  2.17607855e+00  5.76000000e-02  2.07082315e+00  5.76000000e-02  1.84751754e+00  5.76000000e-02  1.74412316e+00  5.76000000e-02 -2.63943117e-03 
 5.78000000e-02  2.17648377e+00  5.78000000e-02  2.07041343e+00  5.78000000e-02  1.84791584e+00  5.78000000e-02  1.74372096e+00  5.78000000e-02 -2.63944679e-03 
 5.80000000e-02  2.17696066e+00  5.80000000e-02  2.06993136e+00  5.80000000e-02  1.84838465e+00  5.80000000e-02  1.74324774e+00  5.80000000e-02 -2.63946475e-03 
 5.82000000e-02  2.17739449e+00  5.82000000e-02  2.06949276e+00  5.82000000e-02  1.84881107e+00  5.82000000e-02  1.74281710e+00  5.82000000e-02 -2.63948127e-03 
 5.84000000e-02  2.17779810e+00  5.84000000e-02  2.06908465e+00  5.84000000e-02  1.84920771e+00  5.84000000e-02  1.74241644e+00  5.84000000e-02 -2.63949685e-03 
 5.86000000e-02  2.17827272e+00  5.86000000e-02  2.06860486e+00  5.86000000e-02  1.84967422e+00  5.86000000e-02  1.74194549e+00  5.86000000e-02 -2.63951475e-03 
 5.88000000e-02  2.17870465e+00  5.88000000e-02  2.06816818e+00  5.88000000e-02  1.85009880e+00  5.88000000e-02  1.74151676e+00  5.88000000e-02 -2.63953123e-03 
 5.90000000e-02  2.17910665e+00  5.90000000e-02  2.06776169e+00  5.90000000e-02  1.85049394e+00  5.90000000e-02  1.74111779e+00  5.90000000e-02 -2.63954678e-03 
 5.92000000e-02  2.17957898e+00  5.92000000e-02  2.06728421e+00  5.92000000e-02  1.85095814e+00  5.92000000e-02  1.74064902e+00  5.92000000e-02 -2.63956462e-03 
 5.94000000e-02  2.18000899e+00  5.94000000e-02  2.06684945e+00  5.94000000e-02  1.85138085e+00  5.94000000e-02  1.74022217e+00  5.94000000e-02 -2.63958105e-03 
 5.96000000e-02  2.18040935e+00  5.96000000e-02  2.06644461e+00  5.96000000e-02  1.85177440e+00  5.96000000e-02  1.73982479e+00  5.96000000e-02 -2.63959656e-03 
 5.98000000e-02  2.18087938e+00  5.98000000e-02  2.06596945e+00  5.98000000e-02  1.85223643e+00  5.98000000e-02  1.73935837e+00  5.98000000e-02 -2.63961435e-03 
 6.00000000e-02  2.18130744e+00  6.00000000e-02  2.06553665e+00  6.00000000e-02  1.85265720e+00  6.00000000e-02  1.73893356e+00  6.00000000e-02 -2.63963073e-03 
