-6.00000000e-02  1.87968404e+00 -6.00000000e-02  2.36898290e+00 -6.00000000e-02  1.55671572e+00 -6.00000000e-02  2.03730288e+00 -6.00000000e-02 -2.63302624e-03 
-5.98000000e-02  1.88012054e+00 -5.98000000e-02  2.36854267e+00 -5.98000000e-02  1.55714365e+00 -5.98000000e-02  2.03686939e+00 -5.98000000e-02 -2.63304009e-03 
-5.96000000e-02  1.88056268e+00 -5.96000000e-02  2.36809675e+00 -5.96000000e-02  1.55757658e+00 -5.96000000e-02  2.03643027e+00 -5.96000000e-02 -2.63305414e-03 
-5.94000000e-02  1.88100868e+00 -5.94000000e-02  2.36764693e+00 -5.94000000e-02  1.55801322e+00 -5.94000000e-02  2.03598720e+00 -5.94000000e-02 -2.63306833e-03 
-5.92000000e-02  1.88145567e+00 -5.92000000e-02  2.36719612e+00 -5.92000000e-02  1.55845102e+00 -5.92000000e-02  2.03554356e+00 -5.92000000e-02 -2.63308255e-03 
-5.90000000e-02  1.88190346e+00 -5.90000000e-02  2.36674449e+00 -5.90000000e-02  1.55888937e+00 -5.90000000e-02  2.03509876e+00 -5.90000000e-02 -2.63309679e-03 
-5.88000000e-02  1.88235189e+00 -5.88000000e-02  2.36629223e+00 -5.88000000e-02  1.55932846e+00 -5.88000000e-02  2.03465338e+00 -5.88000000e-02 -2.63311106e-03 
-5.86000000e-02  1.88280094e+00 -5.86000000e-02  2.36583934e+00 -5.86000000e-02  1.55976809e+00 -5.86000000e-02  2.03420747e+00 -5.86000000e-02 -2.63312533e-03 
-5.84000000e-02  1.88325058e+00 -5.84000000e-02  2.36538584e+00 -5.84000000e-02  1.56020849e+00 -5.84000000e-02  2.03376092e+00 -5.84000000e-02 -2.63313963e-03 
-5.82000000e-02  1.88370083e+00 -5.82000000e-02  2.36493174e+00 -5.82000000e-02  1.56064926e+00 -5.82000000e-02  2.03331375e+00 -5.82000000e-02 -2.63315394e-03 
-5.80000000e-02  1.88415167e+00 -5.80000000e-02  2.36447704e+00 -5.80000000e-02  1.56109074e+00 -5.80000000e-02  2.03286602e+00 -5.80000000e-02 -2.63316827e-03 
-5.78000000e-02  1.88460311e+00 -5.78000000e-02  2.36402174e+00 -5.78000000e-02  1.56153281e+00 -5.78000000e-02  2.03241776e+00 -5.78000000e-02 -2.63318262e-03 
-5.76000000e-02  1.88505514e+00 -5.76000000e-02  2.36356584e+00 -5.76000000e-02  1.56197544e+00 -5.76000000e-02  2.03196877e+00 -5.76000000e-02 -2.63319698e-03 
-5.74000000e-02  1.88550777e+00 -5.74000000e-02  2.36310935e+00 -5.74000000e-02  1.56241862e+00 -5.74000000e-02  2.03151931e+00 -5.74000000e-02 -2.63321136e-03 
-5.72000000e-02  1.88596097e+00 -5.72000000e-02  2.36265226e+00 -5.72000000e-02  1.56286239e+00 -5.72000000e-02  2.03106927e+00 -5.72000000e-02 -2.63322576e-03 
-5.70000000e-02  1.88641477e+00 -5.70000000e-02  2.36219459e+00 -5.70000000e-02  1.56330675e+00 -5.70000000e-02  2.03061860e+00 -5.70000000e-02 -2.63324017e-03 
-5.68000000e-02  1.88687975e+00 -5.68000000e-02  2.36172562e+00 -5.68000000e-02  1.56376211e+00 -5.68000000e-02  2.03015679e+00 -5.68000000e-02 -2.63325499e-03 
-5.66000000e-02  1.88733478e+00 -5.66000000e-02  2.36126669e+00 -5.66000000e-02  1.56420766e+00 -5.66000000e-02  2.02970499e+00 -5.66000000e-02 -2.63326944e-03 
-5.64000000e-02  1.88779055e+00 -5.64000000e-02  2.36080702e+00 -5.64000000e-02  1.56465398e+00 -5.64000000e-02  2.02925226e+00 -5.64000000e-02 -2.63328392e-03 
-5.62000000e-02  1.88824671e+00 -5.62000000e-02  2.36034696e+00 -5.62000000e-02  1.56510068e+00 -5.62000000e-02  2.02879941e+00 -5.62000000e-02 -2.63329840e-03 
-5.60000000e-02  1.88870344e+00 -5.60000000e-02  2.35988632e+00 -5.60000000e-02  1.56554794e+00 -5.60000000e-02  2.02834565e+00 -5.60000000e-02 -2.63331290e-03 
-5.58000000e-02  1.88916074e+00 -5.58000000e-02  2.35942511e+00 -5.58000000e-02  1.56599572e+00 -5.58000000e-02  2.02789164e+00 -5.58000000e-02 -2.63332742e-03 
-5.56000000e-02  1.88961861e+00 -5.56000000e-02  2.35896332e+00 -5.56000000e-02  1.56644409e+00 -5.56000000e-02  2.02743703e+00 -5.56000000e-02 -2.63334195e-03 
-5.54000000e-02  1.89007705e+00 -5.54000000e-02  2.35850096e+00 -5.54000000e-02  1.56689298e+00 -5.54000000e-02  2.02698174e+00 -5.54000000e-02 -2.63335650e-03 
-5.52000000e-02  1.89053605e+00 -5.52000000e-02  2.35803803e+00 -5.52000000e-02  1.56734253e+00 -5.52000000e-02  2.02652599e+00 -5.52000000e-02 -2.63337107e-03 
-5.50000000e-02  1.89099562e+00 -5.50000000e-02  2.35757453e+00 -5.50000000e-02  1.56779258e+00 -5.50000000e-02  2.02606955e+00 -5.50000000e-02 -2.63338565e-03 
-5.48000000e-02  1.89145575e+00 -5.48000000e-02  2.35711047e+00 -5.48000000e-02  1.56824320e+00 -5.48000000e-02  2.02561270e+00 -5.48000000e-02 -2.63340025e-03 
-5.46000000e-02  1.89191643e+00 -5.46000000e-02  2.35664585e+00 -5.46000000e-02  1.56869436e+00 -5.46000000e-02  2.02515524e+00 -5.46000000e-02 -2.63341487e-03 
-5.44000000e-02  1.89237767e+00 -5.44000000e-02  2.35618066e+00 -5.44000000e-02  1.56914602e+00 -5.44000000e-02  2.02469720e+00 -5.44000000e-02 -2.63342950e-03 
-5.42000000e-02  1.89283946e+00 -5.42000000e-02  2.35571491e+00 -5.42000000e-02  1.56959834e+00 -5.42000000e-02  2.02423865e+00 -5.42000000e-02 -2.63344415e-03 
-5.40000000e-02  1.89330181e+00 -5.40000000e-02  2.35524861e+00 -5.40000000e-02  1.57005101e+00 -5.40000000e-02  2.02377953e+00 -5.40000000e-02 -2.63345882e-03 
-5.38000000e-02  1.89376470e+00 -5.38000000e-02  2.35478176e+00 -5.38000000e-02  1.57050434e+00 -5.38000000e-02  2.02331988e+00 -5.38000000e-02 -2.63347351e-03 
-5.36000000e-02  1.89423110e+00 -5.36000000e-02  2.35431136e+00 -5.36000000e-02  1.57096112e+00 -5.36000000e-02  2.02285666e+00 -5.36000000e-02 -2.63348832e-03 
-5.34000000e-02  1.89469510e+00 -5.34000000e-02  2.35384339e+00 -5.34000000e-02  1.57141559e+00 -5.34000000e-02  2.02239596e+00 -5.34000000e-02 -2.63350303e-03 
-5.32000000e-02  1.89515966e+00 -5.32000000e-02  2.35337486e+00 -5.32000000e-02  1.57187046e+00 -5.32000000e-02  2.02193466e+00 -5.32000000e-02 -2.63351777e-03 
-5.30000000e-02  1.89562473e+00 -5.30000000e-02  2.35290580e+00 -5.30000000e-02  1.57232603e+00 -5.30000000e-02  2.02147284e+00 -5.30000000e-02 -2.63353252e-03 
-5.28000000e-02  1.89609118e+00 -5.28000000e-02  2.35243536e+00 -5.28000000e-02  1.57278281e+00 -5.28000000e-02  2.02100962e+00 -5.28000000e-02 -2.63354732e-03 
-5.26000000e-02  1.89655757e+00 -5.26000000e-02  2.35196498e+00 -5.26000000e-02  1.57323952e+00 -5.26000000e-02  2.02054651e+00 -5.26000000e-02 -2.63356212e-03 
-5.24000000e-02  1.89702402e+00 -5.24000000e-02  2.35149454e+00 -5.24000000e-02  1.57369631e+00 -5.24000000e-02  2.02008338e+00 -5.24000000e-02 -2.63357691e-03 
-5.22000000e-02  1.89749040e+00 -5.22000000e-02  2.35102416e+00 -5.22000000e-02  1.57415322e+00 -5.22000000e-02  2.01962020e+00 -5.22000000e-02 -2.63359170e-03 
-5.20000000e-02  1.89795814e+00 -5.20000000e-02  2.35055242e+00 -5.20000000e-02  1.57461124e+00 -5.20000000e-02  2.01915583e+00 -5.20000000e-02 -2.63360654e-03 
-5.18000000e-02  1.89842640e+00 -5.18000000e-02  2.35008015e+00 -5.18000000e-02  1.57506992e+00 -5.18000000e-02  2.01869082e+00 -5.18000000e-02 -2.63362139e-03 
-5.16000000e-02  1.89889520e+00 -5.16000000e-02  2.34960734e+00 -5.16000000e-02  1.57552897e+00 -5.16000000e-02  2.01822534e+00 -5.16000000e-02 -2.63363626e-03 
-5.14000000e-02  1.89936451e+00 -5.14000000e-02  2.34913401e+00 -5.14000000e-02  1.57598866e+00 -5.14000000e-02  2.01775929e+00 -5.14000000e-02 -2.63365115e-03 
-5.12000000e-02  1.89983128e+00 -5.12000000e-02  2.34866324e+00 -5.12000000e-02  1.57644574e+00 -5.12000000e-02  2.01729581e+00 -5.12000000e-02 -2.63366594e-03 
-5.10000000e-02  1.90030161e+00 -5.10000000e-02  2.34818888e+00 -5.10000000e-02  1.57690647e+00 -5.10000000e-02  2.01682881e+00 -5.10000000e-02 -2.63368086e-03 
-5.08000000e-02  1.90077240e+00 -5.08000000e-02  2.34771406e+00 -5.08000000e-02  1.57736776e+00 -5.08000000e-02  2.01636135e+00 -5.08000000e-02 -2.63369579e-03 
-5.06000000e-02  1.90124376e+00 -5.06000000e-02  2.34723866e+00 -5.06000000e-02  1.57782922e+00 -5.06000000e-02  2.01589331e+00 -5.06000000e-02 -2.63371075e-03 
-5.04000000e-02  1.90171563e+00 -5.04000000e-02  2.34676274e+00 -5.04000000e-02  1.57829143e+00 -5.04000000e-02  2.01542475e+00 -5.04000000e-02 -2.63372572e-03 
-5.02000000e-02  1.90218801e+00 -5.02000000e-02  2.34628631e+00 -5.02000000e-02  1.57875416e+00 -5.02000000e-02  2.01495575e+00 -5.02000000e-02 -2.63374070e-03 
-5.00000000e-02  1.90266089e+00 -5.00000000e-02  2.34580937e+00 -5.00000000e-02  1.57921731e+00 -5.00000000e-02  2.01448612e+00 -5.00000000e-02 -2.63375571e-03 
-4.98000000e-02  1.90313428e+00 -4.98000000e-02  2.34533192e+00 -4.98000000e-02  1.57968113e+00 -4.98000000e-02  2.01401608e+00 -4.98000000e-02 -2.63377073e-03 
-4.96000000e-02  1.90360817e+00 -4.96000000e-02  2.34485397e+00 -4.96000000e-02  1.58014513e+00 -4.96000000e-02  2.01354556e+00 -4.96000000e-02 -2.63378577e-03 
-4.94000000e-02  1.90408256e+00 -4.94000000e-02  2.34437551e+00 -4.94000000e-02  1.58060978e+00 -4.94000000e-02  2.01307441e+00 -4.94000000e-02 -2.63380082e-03 
-4.92000000e-02  1.90455744e+00 -4.92000000e-02  2.34389655e+00 -4.92000000e-02  1.58107493e+00 -4.92000000e-02  2.01260301e+00 -4.92000000e-02 -2.63381589e-03 
-4.90000000e-02  1.90503281e+00 -4.90000000e-02  2.34341710e+00 -4.90000000e-02  1.58154051e+00 -4.90000000e-02  2.01213096e+00 -4.90000000e-02 -2.63383098e-03 
-4.88000000e-02  1.90550868e+00 -4.88000000e-02  2.34293714e+00 -4.88000000e-02  1.58200670e+00 -4.88000000e-02  2.01165844e+00 -4.88000000e-02 -2.63384609e-03 
-4.86000000e-02  1.90598504e+00 -4.86000000e-02  2.34245670e+00 -4.86000000e-02  1.58247323e+00 -4.86000000e-02  2.01118558e+00 -4.86000000e-02 -2.63386121e-03 
-4.84000000e-02  1.90646189e+00 -4.84000000e-02  2.34197576e+00 -4.84000000e-02  1.58294030e+00 -4.84000000e-02  2.01071211e+00 -4.84000000e-02 -2.63387635e-03 
-4.82000000e-02  1.90693921e+00 -4.82000000e-02  2.34149433e+00 -4.82000000e-02  1.58340788e+00 -4.82000000e-02  2.01023812e+00 -4.82000000e-02 -2.63389150e-03 
-4.80000000e-02  1.90741703e+00 -4.80000000e-02  2.34101241e+00 -4.80000000e-02  1.58387594e+00 -4.80000000e-02  2.00976366e+00 -4.80000000e-02 -2.63390668e-03 
-4.78000000e-02  1.90789532e+00 -4.78000000e-02  2.34053001e+00 -4.78000000e-02  1.58434447e+00 -4.78000000e-02  2.00928870e+00 -4.78000000e-02 -2.63392187e-03 
-4.76000000e-02  1.90837409e+00 -4.76000000e-02  2.34004712e+00 -4.76000000e-02  1.58481347e+00 -4.76000000e-02  2.00881343e+00 -4.76000000e-02 -2.63393707e-03 
-4.74000000e-02  1.90885333e+00 -4.74000000e-02  2.33956375e+00 -4.74000000e-02  1.58528290e+00 -4.74000000e-02  2.00833747e+00 -4.74000000e-02 -2.63395230e-03 
-4.72000000e-02  1.90933305e+00 -4.72000000e-02  2.33907991e+00 -4.72000000e-02  1.58575282e+00 -4.72000000e-02  2.00786114e+00 -4.72000000e-02 -2.63396754e-03 
-4.70000000e-02  1.90980147e+00 -4.70000000e-02  2.33860747e+00 -4.70000000e-02  1.58621175e+00 -4.70000000e-02  2.00739599e+00 -4.70000000e-02 -2.63398237e-03 
-4.68000000e-02  1.91028200e+00 -4.68000000e-02  2.33812281e+00 -4.68000000e-02  1.58668240e+00 -4.68000000e-02  2.00691899e+00 -4.68000000e-02 -2.63399764e-03 
-4.66000000e-02  1.91076223e+00 -4.66000000e-02  2.33763845e+00 -4.66000000e-02  1.58715281e+00 -4.66000000e-02  2.00644214e+00 -4.66000000e-02 -2.63401290e-03 
-4.64000000e-02  1.91124377e+00 -4.64000000e-02  2.33715277e+00 -4.64000000e-02  1.58762445e+00 -4.64000000e-02  2.00596398e+00 -4.64000000e-02 -2.63402821e-03 
-4.62000000e-02  1.91172572e+00 -4.62000000e-02  2.33666667e+00 -4.62000000e-02  1.58809663e+00 -4.62000000e-02  2.00548544e+00 -4.62000000e-02 -2.63404353e-03 
-4.60000000e-02  1.91220819e+00 -4.60000000e-02  2.33618004e+00 -4.60000000e-02  1.58856924e+00 -4.60000000e-02  2.00500644e+00 -4.60000000e-02 -2.63405887e-03 
-4.58000000e-02  1.91269111e+00 -4.58000000e-02  2.33569295e+00 -4.58000000e-02  1.58904227e+00 -4.58000000e-02  2.00452692e+00 -4.58000000e-02 -2.63407423e-03 
-4.56000000e-02  1.91317450e+00 -4.56000000e-02  2.33520540e+00 -4.56000000e-02  1.58951584e+00 -4.56000000e-02  2.00404703e+00 -4.56000000e-02 -2.63408960e-03 
-4.54000000e-02  1.91365834e+00 -4.54000000e-02  2.33471739e+00 -4.54000000e-02  1.58998986e+00 -4.54000000e-02  2.00356660e+00 -4.54000000e-02 -2.63410500e-03 
-4.52000000e-02  1.91414263e+00 -4.52000000e-02  2.33422892e+00 -4.52000000e-02  1.59046427e+00 -4.52000000e-02  2.00308577e+00 -4.52000000e-02 -2.63412041e-03 
-4.50000000e-02  1.91462737e+00 -4.50000000e-02  2.33374000e+00 -4.50000000e-02  1.59093913e+00 -4.50000000e-02  2.00260458e+00 -4.50000000e-02 -2.63413583e-03 
-4.48000000e-02  1.91511255e+00 -4.48000000e-02  2.33325063e+00 -4.48000000e-02  1.59141448e+00 -4.48000000e-02  2.00212272e+00 -4.48000000e-02 -2.63415128e-03 
-4.46000000e-02  1.91559818e+00 -4.46000000e-02  2.33276081e+00 -4.46000000e-02  1.59189016e+00 -4.46000000e-02  2.00164048e+00 -4.46000000e-02 -2.63416674e-03 
-4.44000000e-02  1.91608425e+00 -4.44000000e-02  2.33227054e+00 -4.44000000e-02  1.59236638e+00 -4.44000000e-02  2.00115796e+00 -4.44000000e-02 -2.63418222e-03 
-4.42000000e-02  1.91657077e+00 -4.42000000e-02  2.33177983e+00 -4.42000000e-02  1.59284303e+00 -4.42000000e-02  2.00067486e+00 -4.42000000e-02 -2.63419771e-03 
-4.40000000e-02  1.91705771e+00 -4.40000000e-02  2.33128867e+00 -4.40000000e-02  1.59332004e+00 -4.40000000e-02  2.00019135e+00 -4.40000000e-02 -2.63421322e-03 
-4.38000000e-02  1.91754510e+00 -4.38000000e-02  2.33079708e+00 -4.38000000e-02  1.59379753e+00 -4.38000000e-02  1.99970741e+00 -4.38000000e-02 -2.63422875e-03 
-4.36000000e-02  1.91803291e+00 -4.36000000e-02  2.33030505e+00 -4.36000000e-02  1.59427559e+00 -4.36000000e-02  1.99922316e+00 -4.36000000e-02 -2.63424430e-03 
-4.34000000e-02  1.91852116e+00 -4.34000000e-02  2.32981258e+00 -4.34000000e-02  1.59475376e+00 -4.34000000e-02  1.99873836e+00 -4.34000000e-02 -2.63425986e-03 
-4.32000000e-02  1.91900983e+00 -4.32000000e-02  2.32931967e+00 -4.32000000e-02  1.59523249e+00 -4.32000000e-02  1.99825311e+00 -4.32000000e-02 -2.63427544e-03 
-4.30000000e-02  1.91949893e+00 -4.30000000e-02  2.32882634e+00 -4.30000000e-02  1.59571175e+00 -4.30000000e-02  1.99776754e+00 -4.30000000e-02 -2.63429104e-03 
-4.28000000e-02  1.91998846e+00 -4.28000000e-02  2.32833258e+00 -4.28000000e-02  1.59619132e+00 -4.28000000e-02  1.99728146e+00 -4.28000000e-02 -2.63430666e-03 
-4.26000000e-02  1.92047840e+00 -4.26000000e-02  2.32783839e+00 -4.26000000e-02  1.59667148e+00 -4.26000000e-02  1.99679514e+00 -4.26000000e-02 -2.63432229e-03 
-4.24000000e-02  1.92096877e+00 -4.24000000e-02  2.32734377e+00 -4.24000000e-02  1.59715182e+00 -4.24000000e-02  1.99630805e+00 -4.24000000e-02 -2.63433794e-03 
-4.22000000e-02  1.92145955e+00 -4.22000000e-02  2.32684874e+00 -4.22000000e-02  1.59763258e+00 -4.22000000e-02  1.99582096e+00 -4.22000000e-02 -2.63435361e-03 
-4.20000000e-02  1.92195075e+00 -4.20000000e-02  2.32635328e+00 -4.20000000e-02  1.59811384e+00 -4.20000000e-02  1.99533314e+00 -4.20000000e-02 -2.63436929e-03 
-4.18000000e-02  1.92244236e+00 -4.18000000e-02  2.32585741e+00 -4.18000000e-02  1.59859546e+00 -4.18000000e-02  1.99484508e+00 -4.18000000e-02 -2.63438499e-03 
-4.16000000e-02  1.92293438e+00 -4.16000000e-02  2.32536112e+00 -4.16000000e-02  1.59907758e+00 -4.16000000e-02  1.99435660e+00 -4.16000000e-02 -2.63440071e-03 
-4.14000000e-02  1.92342681e+00 -4.14000000e-02  2.32486441e+00 -4.14000000e-02  1.59956010e+00 -4.14000000e-02  1.99386769e+00 -4.14000000e-02 -2.63441645e-03 
-4.12000000e-02  1.92391964e+00 -4.12000000e-02  2.32436730e+00 -4.12000000e-02  1.60004286e+00 -4.12000000e-02  1.99337831e+00 -4.12000000e-02 -2.63443220e-03 
-4.10000000e-02  1.92441288e+00 -4.10000000e-02  2.32386978e+00 -4.10000000e-02  1.60052618e+00 -4.10000000e-02  1.99288857e+00 -4.10000000e-02 -2.63444797e-03 
-4.08000000e-02  1.92490652e+00 -4.08000000e-02  2.32337185e+00 -4.08000000e-02  1.60100987e+00 -4.08000000e-02  1.99239847e+00 -4.08000000e-02 -2.63446376e-03 
-4.06000000e-02  1.92540056e+00 -4.06000000e-02  2.32287351e+00 -4.06000000e-02  1.60149387e+00 -4.06000000e-02  1.99190793e+00 -4.06000000e-02 -2.63447957e-03 
-4.04000000e-02  1.92589499e+00 -4.04000000e-02  2.32237477e+00 -4.04000000e-02  1.60197836e+00 -4.04000000e-02  1.99141713e+00 -4.04000000e-02 -2.63449539e-03 
-4.02000000e-02  1.92638982e+00 -4.02000000e-02  2.32187564e+00 -4.02000000e-02  1.60246317e+00 -4.02000000e-02  1.99092578e+00 -4.02000000e-02 -2.63451123e-03 
-4.00000000e-02  1.92688504e+00 -4.00000000e-02  2.32137610e+00 -4.00000000e-02  1.60294844e+00 -4.00000000e-02  1.99043405e+00 -4.00000000e-02 -2.63452709e-03 
-3.98000000e-02  1.92738066e+00 -3.98000000e-02  2.32087617e+00 -3.98000000e-02  1.60343404e+00 -3.98000000e-02  1.98994199e+00 -3.98000000e-02 -2.63454297e-03 
-3.96000000e-02  1.92787666e+00 -3.96000000e-02  2.32037585e+00 -3.96000000e-02  1.60391999e+00 -3.96000000e-02  1.98944960e+00 -3.96000000e-02 -2.63455886e-03 
-3.94000000e-02  1.92837305e+00 -3.94000000e-02  2.31987513e+00 -3.94000000e-02  1.60440635e+00 -3.94000000e-02  1.98895669e+00 -3.94000000e-02 -2.63457477e-03 
-3.92000000e-02  1.92886982e+00 -3.92000000e-02  2.31937403e+00 -3.92000000e-02  1.60489318e+00 -3.92000000e-02  1.98846348e+00 -3.92000000e-02 -2.63459070e-03 
-3.90000000e-02  1.92936697e+00 -3.90000000e-02  2.31887254e+00 -3.90000000e-02  1.60538024e+00 -3.90000000e-02  1.98796984e+00 -3.90000000e-02 -2.63460664e-03 
-3.88000000e-02  1.92986450e+00 -3.88000000e-02  2.31837066e+00 -3.88000000e-02  1.60586780e+00 -3.88000000e-02  1.98747586e+00 -3.88000000e-02 -2.63462261e-03 
-3.86000000e-02  1.93036241e+00 -3.86000000e-02  2.31786840e+00 -3.86000000e-02  1.60635570e+00 -3.86000000e-02  1.98698155e+00 -3.86000000e-02 -2.63463859e-03 
-3.84000000e-02  1.93086069e+00 -3.84000000e-02  2.31736577e+00 -3.84000000e-02  1.60684390e+00 -3.84000000e-02  1.98648679e+00 -3.84000000e-02 -2.63465459e-03 
-3.82000000e-02  1.93135935e+00 -3.82000000e-02  2.31686275e+00 -3.82000000e-02  1.60733260e+00 -3.82000000e-02  1.98599172e+00 -3.82000000e-02 -2.63467060e-03 
-3.80000000e-02  1.93185838e+00 -3.80000000e-02  2.31635936e+00 -3.80000000e-02  1.60782162e+00 -3.80000000e-02  1.98549629e+00 -3.80000000e-02 -2.63468663e-03 
-3.78000000e-02  1.93235777e+00 -3.78000000e-02  2.31585559e+00 -3.78000000e-02  1.60831098e+00 -3.78000000e-02  1.98500050e+00 -3.78000000e-02 -2.63470269e-03 
-3.76000000e-02  1.93285753e+00 -3.76000000e-02  2.31535146e+00 -3.76000000e-02  1.60880054e+00 -3.76000000e-02  1.98450420e+00 -3.76000000e-02 -2.63471875e-03 
-3.74000000e-02  1.93335766e+00 -3.74000000e-02  2.31484695e+00 -3.74000000e-02  1.60929071e+00 -3.74000000e-02  1.98400774e+00 -3.74000000e-02 -2.63473484e-03 
-3.72000000e-02  1.93385814e+00 -3.72000000e-02  2.31434208e+00 -3.72000000e-02  1.60978124e+00 -3.72000000e-02  1.98351078e+00 -3.72000000e-02 -2.63475094e-03 
-3.70000000e-02  1.93435899e+00 -3.70000000e-02  2.31383684e+00 -3.70000000e-02  1.61027199e+00 -3.70000000e-02  1.98301355e+00 -3.70000000e-02 -2.63476707e-03 
-3.68000000e-02  1.93486019e+00 -3.68000000e-02  2.31333124e+00 -3.68000000e-02  1.61076315e+00 -3.68000000e-02  1.98251586e+00 -3.68000000e-02 -2.63478321e-03 
-3.66000000e-02  1.93536175e+00 -3.66000000e-02  2.31282527e+00 -3.66000000e-02  1.61125456e+00 -3.66000000e-02  1.98201792e+00 -3.66000000e-02 -2.63479936e-03 
-3.64000000e-02  1.93586366e+00 -3.64000000e-02  2.31231895e+00 -3.64000000e-02  1.61174642e+00 -3.64000000e-02  1.98151953e+00 -3.64000000e-02 -2.63481554e-03 
-3.62000000e-02  1.93636593e+00 -3.62000000e-02  2.31181228e+00 -3.62000000e-02  1.61223865e+00 -3.62000000e-02  1.98102091e+00 -3.62000000e-02 -2.63483173e-03 
-3.60000000e-02  1.93686854e+00 -3.60000000e-02  2.31130525e+00 -3.60000000e-02  1.61273113e+00 -3.60000000e-02  1.98052189e+00 -3.60000000e-02 -2.63484794e-03 
-3.58000000e-02  1.93737149e+00 -3.58000000e-02  2.31079787e+00 -3.58000000e-02  1.61322405e+00 -3.58000000e-02  1.98002257e+00 -3.58000000e-02 -2.63486417e-03 
-3.56000000e-02  1.93787479e+00 -3.56000000e-02  2.31029014e+00 -3.56000000e-02  1.61371727e+00 -3.56000000e-02  1.97952285e+00 -3.56000000e-02 -2.63488041e-03 
-3.54000000e-02  1.93837844e+00 -3.54000000e-02  2.30978206e+00 -3.54000000e-02  1.61421100e+00 -3.54000000e-02  1.97902264e+00 -3.54000000e-02 -2.63489668e-03 
-3.52000000e-02  1.93888242e+00 -3.52000000e-02  2.30927363e+00 -3.52000000e-02  1.61470471e+00 -3.52000000e-02  1.97852243e+00 -3.52000000e-02 -2.63491296e-03 
-3.50000000e-02  1.93938674e+00 -3.50000000e-02  2.30876487e+00 -3.50000000e-02  1.61519895e+00 -3.50000000e-02  1.97802171e+00 -3.50000000e-02 -2.63492926e-03 
-3.48000000e-02  1.93989139e+00 -3.48000000e-02  2.30825576e+00 -3.48000000e-02  1.61569349e+00 -3.48000000e-02  1.97752058e+00 -3.48000000e-02 -2.63494558e-03 
-3.46000000e-02  1.94039638e+00 -3.46000000e-02  2.30774631e+00 -3.46000000e-02  1.61618848e+00 -3.46000000e-02  1.97701922e+00 -3.46000000e-02 -2.63496191e-03 
-3.44000000e-02  1.94090170e+00 -3.44000000e-02  2.30723653e+00 -3.44000000e-02  1.61668359e+00 -3.44000000e-02  1.97651751e+00 -3.44000000e-02 -2.63497826e-03 
-3.42000000e-02  1.94140735e+00 -3.42000000e-02  2.30672641e+00 -3.42000000e-02  1.61717927e+00 -3.42000000e-02  1.97601553e+00 -3.42000000e-02 -2.63499464e-03 
-3.40000000e-02  1.94191333e+00 -3.40000000e-02  2.30621596e+00 -3.40000000e-02  1.61767512e+00 -3.40000000e-02  1.97551309e+00 -3.40000000e-02 -2.63501102e-03 
-3.38000000e-02  1.94241963e+00 -3.38000000e-02  2.30570518e+00 -3.38000000e-02  1.61817135e+00 -3.38000000e-02  1.97501039e+00 -3.38000000e-02 -2.63502743e-03 
-3.36000000e-02  1.94292625e+00 -3.36000000e-02  2.30519408e+00 -3.36000000e-02  1.61866782e+00 -3.36000000e-02  1.97450749e+00 -3.36000000e-02 -2.63504386e-03 
-3.34000000e-02  1.94343319e+00 -3.34000000e-02  2.30468264e+00 -3.34000000e-02  1.61916470e+00 -3.34000000e-02  1.97400413e+00 -3.34000000e-02 -2.63506030e-03 
-3.32000000e-02  1.94394045e+00 -3.32000000e-02  2.30417089e+00 -3.32000000e-02  1.61966177e+00 -3.32000000e-02  1.97350043e+00 -3.32000000e-02 -2.63507676e-03 
-3.30000000e-02  1.94444803e+00 -3.30000000e-02  2.30365881e+00 -3.30000000e-02  1.62015930e+00 -3.30000000e-02  1.97299654e+00 -3.30000000e-02 -2.63509324e-03 
-3.28000000e-02  1.94495592e+00 -3.28000000e-02  2.30314641e+00 -3.28000000e-02  1.62065708e+00 -3.28000000e-02  1.97249219e+00 -3.28000000e-02 -2.63510974e-03 
-3.26000000e-02  1.94546412e+00 -3.26000000e-02  2.30263370e+00 -3.26000000e-02  1.62115513e+00 -3.26000000e-02  1.97198772e+00 -3.26000000e-02 -2.63512625e-03 
-3.24000000e-02  1.94597263e+00 -3.24000000e-02  2.30212067e+00 -3.24000000e-02  1.62165348e+00 -3.24000000e-02  1.97148273e+00 -3.24000000e-02 -2.63514278e-03 
-3.22000000e-02  1.94648145e+00 -3.22000000e-02  2.30160732e+00 -3.22000000e-02  1.62215222e+00 -3.22000000e-02  1.97097761e+00 -3.22000000e-02 -2.63515934e-03 
-3.20000000e-02  1.94699057e+00 -3.20000000e-02  2.30109367e+00 -3.20000000e-02  1.62265118e+00 -3.20000000e-02  1.97047205e+00 -3.20000000e-02 -2.63517591e-03 
-3.18000000e-02  1.94750000e+00 -3.18000000e-02  2.30057971e+00 -3.18000000e-02  1.62315044e+00 -3.18000000e-02  1.96996634e+00 -3.18000000e-02 -2.63519249e-03 
-3.16000000e-02  1.94800973e+00 -3.16000000e-02  2.30006544e+00 -3.16000000e-02  1.62365004e+00 -3.16000000e-02  1.96946026e+00 -3.16000000e-02 -2.63520910e-03 
-3.14000000e-02  1.94851975e+00 -3.14000000e-02  2.29955087e+00 -3.14000000e-02  1.62414981e+00 -3.14000000e-02  1.96895385e+00 -3.14000000e-02 -2.63522572e-03 
-3.12000000e-02  1.94903008e+00 -3.12000000e-02  2.29903599e+00 -3.12000000e-02  1.62465029e+00 -3.12000000e-02  1.96844712e+00 -3.12000000e-02 -2.63524237e-03 
-3.10000000e-02  1.94954069e+00 -3.10000000e-02  2.29852082e+00 -3.10000000e-02  1.62515067e+00 -3.10000000e-02  1.96794014e+00 -3.10000000e-02 -2.63525903e-03 
-3.08000000e-02  1.95005160e+00 -3.08000000e-02  2.29800535e+00 -3.08000000e-02  1.62565137e+00 -3.08000000e-02  1.96743285e+00 -3.08000000e-02 -2.63527570e-03 
-3.06000000e-02  1.95056280e+00 -3.06000000e-02  2.29748958e+00 -3.06000000e-02  1.62615249e+00 -3.06000000e-02  1.96692530e+00 -3.06000000e-02 -2.63529240e-03 
-3.04000000e-02  1.95107429e+00 -3.04000000e-02  2.29697352e+00 -3.04000000e-02  1.62665385e+00 -3.04000000e-02  1.96641746e+00 -3.04000000e-02 -2.63530912e-03 
-3.02000000e-02  1.95158606e+00 -3.02000000e-02  2.29645716e+00 -3.02000000e-02  1.62715545e+00 -3.02000000e-02  1.96590939e+00 -3.02000000e-02 -2.63532585e-03 
-3.00000000e-02  1.95209812e+00 -3.00000000e-02  2.29594052e+00 -3.00000000e-02  1.62765728e+00 -3.00000000e-02  1.96540092e+00 -3.00000000e-02 -2.63534260e-03 
-2.98000000e-02  1.95261046e+00 -2.98000000e-02  2.29542359e+00 -2.98000000e-02  1.62815956e+00 -2.98000000e-02  1.96489225e+00 -2.98000000e-02 -2.63535937e-03 
-2.96000000e-02  1.95312307e+00 -2.96000000e-02  2.29490637e+00 -2.96000000e-02  1.62866211e+00 -2.96000000e-02  1.96438325e+00 -2.96000000e-02 -2.63537616e-03 
-2.94000000e-02  1.95363597e+00 -2.94000000e-02  2.29438888e+00 -2.94000000e-02  1.62916475e+00 -2.94000000e-02  1.96387407e+00 -2.94000000e-02 -2.63539296e-03 
-2.92000000e-02  1.95414914e+00 -2.92000000e-02  2.29387110e+00 -2.92000000e-02  1.62966771e+00 -2.92000000e-02  1.96336449e+00 -2.92000000e-02 -2.63540979e-03 
-2.90000000e-02  1.95466258e+00 -2.90000000e-02  2.29335304e+00 -2.90000000e-02  1.63017106e+00 -2.90000000e-02  1.96285477e+00 -2.90000000e-02 -2.63542663e-03 
-2.88000000e-02  1.95517630e+00 -2.88000000e-02  2.29283471e+00 -2.88000000e-02  1.63067454e+00 -2.88000000e-02  1.96234467e+00 -2.88000000e-02 -2.63544349e-03 
-2.86000000e-02  1.95569028e+00 -2.86000000e-02  2.29231610e+00 -2.86000000e-02  1.63117837e+00 -2.86000000e-02  1.96183431e+00 -2.86000000e-02 -2.63546037e-03 
-2.84000000e-02  1.95620453e+00 -2.84000000e-02  2.29179722e+00 -2.84000000e-02  1.63168252e+00 -2.84000000e-02  1.96132381e+00 -2.84000000e-02 -2.63547727e-03 
-2.82000000e-02  1.95671904e+00 -2.82000000e-02  2.29127807e+00 -2.82000000e-02  1.63218679e+00 -2.82000000e-02  1.96081290e+00 -2.82000000e-02 -2.63549419e-03 
-2.80000000e-02  1.95723382e+00 -2.80000000e-02  2.29075865e+00 -2.80000000e-02  1.63269142e+00 -2.80000000e-02  1.96030181e+00 -2.80000000e-02 -2.63551112e-03 
-2.78000000e-02  1.95774885e+00 -2.78000000e-02  2.29023896e+00 -2.78000000e-02  1.63319643e+00 -2.78000000e-02  1.95979045e+00 -2.78000000e-02 -2.63552808e-03 
-2.76000000e-02  1.95826415e+00 -2.76000000e-02  2.28971901e+00 -2.76000000e-02  1.63370153e+00 -2.76000000e-02  1.95927878e+00 -2.76000000e-02 -2.63554505e-03 
-2.74000000e-02  1.95877970e+00 -2.74000000e-02  2.28919880e+00 -2.74000000e-02  1.63420683e+00 -2.74000000e-02  1.95876693e+00 -2.74000000e-02 -2.63556204e-03 
-2.72000000e-02  1.95929550e+00 -2.72000000e-02  2.28867833e+00 -2.72000000e-02  1.63471247e+00 -2.72000000e-02  1.95825472e+00 -2.72000000e-02 -2.63557905e-03 
-2.70000000e-02  1.95981156e+00 -2.70000000e-02  2.28815761e+00 -2.70000000e-02  1.63521829e+00 -2.70000000e-02  1.95774234e+00 -2.70000000e-02 -2.63559608e-03 
-2.68000000e-02  1.96032787e+00 -2.68000000e-02  2.28763662e+00 -2.68000000e-02  1.63572449e+00 -2.68000000e-02  1.95722970e+00 -2.68000000e-02 -2.63561312e-03 
-2.66000000e-02  1.96084442e+00 -2.66000000e-02  2.28711539e+00 -2.66000000e-02  1.63623086e+00 -2.66000000e-02  1.95671693e+00 -2.66000000e-02 -2.63563019e-03 
-2.64000000e-02  1.96136122e+00 -2.64000000e-02  2.28659390e+00 -2.64000000e-02  1.63673752e+00 -2.64000000e-02  1.95620374e+00 -2.64000000e-02 -2.63564727e-03 
-2.62000000e-02  1.96187826e+00 -2.62000000e-02  2.28607216e+00 -2.62000000e-02  1.63724434e+00 -2.62000000e-02  1.95569043e+00 -2.62000000e-02 -2.63566437e-03 
-2.60000000e-02  1.96239555e+00 -2.60000000e-02  2.28555018e+00 -2.60000000e-02  1.63775149e+00 -2.60000000e-02  1.95517670e+00 -2.60000000e-02 -2.63568149e-03 
-2.58000000e-02  1.96291307e+00 -2.58000000e-02  2.28502795e+00 -2.58000000e-02  1.63825874e+00 -2.58000000e-02  1.95466286e+00 -2.58000000e-02 -2.63569863e-03 
-2.56000000e-02  1.96343083e+00 -2.56000000e-02  2.28450547e+00 -2.56000000e-02  1.63876637e+00 -2.56000000e-02  1.95414871e+00 -2.56000000e-02 -2.63571579e-03 
-2.54000000e-02  1.96394882e+00 -2.54000000e-02  2.28398276e+00 -2.54000000e-02  1.63927418e+00 -2.54000000e-02  1.95363446e+00 -2.54000000e-02 -2.63573297e-03 
-2.52000000e-02  1.96446705e+00 -2.52000000e-02  2.28345981e+00 -2.52000000e-02  1.63978218e+00 -2.52000000e-02  1.95311981e+00 -2.52000000e-02 -2.63575016e-03 
-2.50000000e-02  1.96498551e+00 -2.50000000e-02  2.28293662e+00 -2.50000000e-02  1.64029046e+00 -2.50000000e-02  1.95260504e+00 -2.50000000e-02 -2.63576737e-03 
-2.48000000e-02  1.96550420e+00 -2.48000000e-02  2.28241320e+00 -2.48000000e-02  1.64079899e+00 -2.48000000e-02  1.95209005e+00 -2.48000000e-02 -2.63578461e-03 
-2.46000000e-02  1.96602311e+00 -2.46000000e-02  2.28188954e+00 -2.46000000e-02  1.64130770e+00 -2.46000000e-02  1.95157478e+00 -2.46000000e-02 -2.63580186e-03 
-2.44000000e-02  1.96654225e+00 -2.44000000e-02  2.28136566e+00 -2.44000000e-02  1.64181673e+00 -2.44000000e-02  1.95105930e+00 -2.44000000e-02 -2.63581913e-03 
-2.42000000e-02  1.96706161e+00 -2.42000000e-02  2.28084154e+00 -2.42000000e-02  1.64232581e+00 -2.42000000e-02  1.95054359e+00 -2.42000000e-02 -2.63583641e-03 
-2.40000000e-02  1.96758119e+00 -2.40000000e-02  2.28031721e+00 -2.40000000e-02  1.64283528e+00 -2.40000000e-02  1.95002769e+00 -2.40000000e-02 -2.63585372e-03 
-2.38000000e-02  1.96810099e+00 -2.38000000e-02  2.27979264e+00 -2.38000000e-02  1.64334485e+00 -2.38000000e-02  1.94951158e+00 -2.38000000e-02 -2.63587105e-03 
-2.36000000e-02  1.96862101e+00 -2.36000000e-02  2.27926786e+00 -2.36000000e-02  1.64385468e+00 -2.36000000e-02  1.94899523e+00 -2.36000000e-02 -2.63588839e-03 
-2.34000000e-02  1.96914124e+00 -2.34000000e-02  2.27874285e+00 -2.34000000e-02  1.64436472e+00 -2.34000000e-02  1.94847872e+00 -2.34000000e-02 -2.63590575e-03 
-2.32000000e-02  1.96966168e+00 -2.32000000e-02  2.27821763e+00 -2.32000000e-02  1.64487499e+00 -2.32000000e-02  1.94796192e+00 -2.32000000e-02 -2.63592314e-03 
-2.30000000e-02  1.97018233e+00 -2.30000000e-02  2.27769219e+00 -2.30000000e-02  1.64538543e+00 -2.30000000e-02  1.94744494e+00 -2.30000000e-02 -2.63594054e-03 
-2.28000000e-02  1.97070319e+00 -2.28000000e-02  2.27716653e+00 -2.28000000e-02  1.64589628e+00 -2.28000000e-02  1.94692781e+00 -2.28000000e-02 -2.63595796e-03 
-2.26000000e-02  1.97122426e+00 -2.26000000e-02  2.27664067e+00 -2.26000000e-02  1.64640703e+00 -2.26000000e-02  1.94641043e+00 -2.26000000e-02 -2.63597539e-03 
-2.24000000e-02  1.97174553e+00 -2.24000000e-02  2.27611459e+00 -2.24000000e-02  1.64691809e+00 -2.24000000e-02  1.94589282e+00 -2.24000000e-02 -2.63599285e-03 
-2.22000000e-02  1.97226700e+00 -2.22000000e-02  2.27558831e+00 -2.22000000e-02  1.64742933e+00 -2.22000000e-02  1.94537500e+00 -2.22000000e-02 -2.63601033e-03 
-2.20000000e-02  1.97278867e+00 -2.20000000e-02  2.27506182e+00 -2.20000000e-02  1.64794086e+00 -2.20000000e-02  1.94485691e+00 -2.20000000e-02 -2.63602782e-03 
-2.18000000e-02  1.97331054e+00 -2.18000000e-02  2.27453513e+00 -2.18000000e-02  1.64845249e+00 -2.18000000e-02  1.94433878e+00 -2.18000000e-02 -2.63604533e-03 
-2.16000000e-02  1.97383260e+00 -2.16000000e-02  2.27400824e+00 -2.16000000e-02  1.64896448e+00 -2.16000000e-02  1.94382043e+00 -2.16000000e-02 -2.63606286e-03 
-2.14000000e-02  1.97435486e+00 -2.14000000e-02  2.27348115e+00 -2.14000000e-02  1.64947640e+00 -2.14000000e-02  1.94330181e+00 -2.14000000e-02 -2.63608042e-03 
-2.12000000e-02  1.97487731e+00 -2.12000000e-02  2.27295386e+00 -2.12000000e-02  1.64998874e+00 -2.12000000e-02  1.94278303e+00 -2.12000000e-02 -2.63609798e-03 
-2.10000000e-02  1.97539994e+00 -2.10000000e-02  2.27242638e+00 -2.10000000e-02  1.65050120e+00 -2.10000000e-02  1.94226412e+00 -2.10000000e-02 -2.63611557e-03 
-2.08000000e-02  1.97592277e+00 -2.08000000e-02  2.27189870e+00 -2.08000000e-02  1.65101380e+00 -2.08000000e-02  1.94174496e+00 -2.08000000e-02 -2.63613318e-03 
-2.06000000e-02  1.97644578e+00 -2.06000000e-02  2.27137083e+00 -2.06000000e-02  1.65152665e+00 -2.06000000e-02  1.94122563e+00 -2.06000000e-02 -2.63615081e-03 
-2.04000000e-02  1.97696897e+00 -2.04000000e-02  2.27084278e+00 -2.04000000e-02  1.65203960e+00 -2.04000000e-02  1.94070611e+00 -2.04000000e-02 -2.63616845e-03 
-2.02000000e-02  1.97749234e+00 -2.02000000e-02  2.27031453e+00 -2.02000000e-02  1.65255279e+00 -2.02000000e-02  1.94018639e+00 -2.02000000e-02 -2.63618611e-03 
-2.00000000e-02  1.97801590e+00 -2.00000000e-02  2.26978611e+00 -2.00000000e-02  1.65306616e+00 -2.00000000e-02  1.93966638e+00 -2.00000000e-02 -2.63620380e-03 
-1.98000000e-02  1.97853962e+00 -1.98000000e-02  2.26925750e+00 -1.98000000e-02  1.65357967e+00 -1.98000000e-02  1.93914640e+00 -1.98000000e-02 -2.63622150e-03 
-1.96000000e-02  1.97906353e+00 -1.96000000e-02  2.26872870e+00 -1.96000000e-02  1.65409337e+00 -1.96000000e-02  1.93862623e+00 -1.96000000e-02 -2.63623922e-03 
-1.94000000e-02  1.97958760e+00 -1.94000000e-02  2.26819973e+00 -1.94000000e-02  1.65460726e+00 -1.94000000e-02  1.93810582e+00 -1.94000000e-02 -2.63625696e-03 
-1.92000000e-02  1.98011185e+00 -1.92000000e-02  2.26767059e+00 -1.92000000e-02  1.65512138e+00 -1.92000000e-02  1.93758535e+00 -1.92000000e-02 -2.63627472e-03 
-1.90000000e-02  1.98063627e+00 -1.90000000e-02  2.26714127e+00 -1.90000000e-02  1.65563564e+00 -1.90000000e-02  1.93706443e+00 -1.90000000e-02 -2.63629249e-03 
-1.88000000e-02  1.98116085e+00 -1.88000000e-02  2.26661177e+00 -1.88000000e-02  1.65614995e+00 -1.88000000e-02  1.93654353e+00 -1.88000000e-02 -2.63631029e-03 
-1.86000000e-02  1.98168560e+00 -1.86000000e-02  2.26608211e+00 -1.86000000e-02  1.65666453e+00 -1.86000000e-02  1.93602250e+00 -1.86000000e-02 -2.63632810e-03 
-1.84000000e-02  1.98221051e+00 -1.84000000e-02  2.26555228e+00 -1.84000000e-02  1.65717926e+00 -1.84000000e-02  1.93550122e+00 -1.84000000e-02 -2.63634594e-03 
-1.82000000e-02  1.98273558e+00 -1.82000000e-02  2.26502228e+00 -1.82000000e-02  1.65769412e+00 -1.82000000e-02  1.93497983e+00 -1.82000000e-02 -2.63636379e-03 
-1.80000000e-02  1.98326080e+00 -1.80000000e-02  2.26449211e+00 -1.80000000e-02  1.65820924e+00 -1.80000000e-02  1.93445830e+00 -1.80000000e-02 -2.63638166e-03 
-1.78000000e-02  1.98378619e+00 -1.78000000e-02  2.26396179e+00 -1.78000000e-02  1.65872437e+00 -1.78000000e-02  1.93393660e+00 -1.78000000e-02 -2.63639955e-03 
-1.76000000e-02  1.98431173e+00 -1.76000000e-02  2.26343130e+00 -1.76000000e-02  1.65923973e+00 -1.76000000e-02  1.93341476e+00 -1.76000000e-02 -2.63641746e-03 
-1.74000000e-02  1.98483742e+00 -1.74000000e-02  2.26290066e+00 -1.74000000e-02  1.65975529e+00 -1.74000000e-02  1.93289259e+00 -1.74000000e-02 -2.63643539e-03 
-1.72000000e-02  1.98536326e+00 -1.72000000e-02  2.26236986e+00 -1.72000000e-02  1.66027089e+00 -1.72000000e-02  1.93237045e+00 -1.72000000e-02 -2.63645334e-03 
-1.70000000e-02  1.98588925e+00 -1.70000000e-02  2.26183890e+00 -1.70000000e-02  1.66078669e+00 -1.70000000e-02  1.93184815e+00 -1.70000000e-02 -2.63647130e-03 
-1.68000000e-02  1.98641538e+00 -1.68000000e-02  2.26130780e+00 -1.68000000e-02  1.66130261e+00 -1.68000000e-02  1.93132571e+00 -1.68000000e-02 -2.63648929e-03 
-1.66000000e-02  1.98694166e+00 -1.66000000e-02  2.26077654e+00 -1.66000000e-02  1.66181880e+00 -1.66000000e-02  1.93080309e+00 -1.66000000e-02 -2.63650729e-03 
-1.64000000e-02  1.98746808e+00 -1.64000000e-02  2.26024514e+00 -1.64000000e-02  1.66233507e+00 -1.64000000e-02  1.93028025e+00 -1.64000000e-02 -2.63652531e-03 
-1.62000000e-02  1.98799465e+00 -1.62000000e-02  2.25971359e+00 -1.62000000e-02  1.66285135e+00 -1.62000000e-02  1.92975728e+00 -1.62000000e-02 -2.63654335e-03 
-1.60000000e-02  1.98852135e+00 -1.60000000e-02  2.25918189e+00 -1.60000000e-02  1.66336789e+00 -1.60000000e-02  1.92923438e+00 -1.60000000e-02 -2.63656142e-03 
-1.58000000e-02  1.98904818e+00 -1.58000000e-02  2.25865006e+00 -1.58000000e-02  1.66388461e+00 -1.58000000e-02  1.92871123e+00 -1.58000000e-02 -2.63657949e-03 
-1.56000000e-02  1.98957515e+00 -1.56000000e-02  2.25811808e+00 -1.56000000e-02  1.66440142e+00 -1.56000000e-02  1.92818791e+00 -1.56000000e-02 -2.63659759e-03 
-1.54000000e-02  1.99010225e+00 -1.54000000e-02  2.25758597e+00 -1.54000000e-02  1.66491827e+00 -1.54000000e-02  1.92766447e+00 -1.54000000e-02 -2.63661571e-03 
-1.52000000e-02  1.99062948e+00 -1.52000000e-02  2.25705372e+00 -1.52000000e-02  1.66543538e+00 -1.52000000e-02  1.92714086e+00 -1.52000000e-02 -2.63663385e-03 
-1.50000000e-02  1.99115684e+00 -1.50000000e-02  2.25652134e+00 -1.50000000e-02  1.66595255e+00 -1.50000000e-02  1.92661711e+00 -1.50000000e-02 -2.63665200e-03 
-1.48000000e-02  1.99168432e+00 -1.48000000e-02  2.25598882e+00 -1.48000000e-02  1.66646990e+00 -1.48000000e-02  1.92609327e+00 -1.48000000e-02 -2.63667017e-03 
-1.46000000e-02  1.99221193e+00 -1.46000000e-02  2.25545618e+00 -1.46000000e-02  1.66698743e+00 -1.46000000e-02  1.92556940e+00 -1.46000000e-02 -2.63668837e-03 
-1.44000000e-02  1.99273966e+00 -1.44000000e-02  2.25492341e+00 -1.44000000e-02  1.66750489e+00 -1.44000000e-02  1.92504531e+00 -1.44000000e-02 -2.63670658e-03 
-1.42000000e-02  1.99326751e+00 -1.42000000e-02  2.25439051e+00 -1.42000000e-02  1.66802250e+00 -1.42000000e-02  1.92452113e+00 -1.42000000e-02 -2.63672481e-03 
-1.40000000e-02  1.99379548e+00 -1.40000000e-02  2.25385749e+00 -1.40000000e-02  1.66854037e+00 -1.40000000e-02  1.92399675e+00 -1.40000000e-02 -2.63674306e-03 
-1.38000000e-02  1.99432356e+00 -1.38000000e-02  2.25332435e+00 -1.38000000e-02  1.66905823e+00 -1.38000000e-02  1.92347238e+00 -1.38000000e-02 -2.63676133e-03 
-1.36000000e-02  1.99485176e+00 -1.36000000e-02  2.25279108e+00 -1.36000000e-02  1.66957639e+00 -1.36000000e-02  1.92294784e+00 -1.36000000e-02 -2.63677961e-03 
-1.34000000e-02  1.99538007e+00 -1.34000000e-02  2.25225770e+00 -1.34000000e-02  1.67009443e+00 -1.34000000e-02  1.92242306e+00 -1.34000000e-02 -2.63679792e-03 
-1.32000000e-02  1.99590848e+00 -1.32000000e-02  2.25172421e+00 -1.32000000e-02  1.67061275e+00 -1.32000000e-02  1.92189835e+00 -1.32000000e-02 -2.63681624e-03 
-1.30000000e-02  1.99643701e+00 -1.30000000e-02  2.25119060e+00 -1.30000000e-02  1.67113104e+00 -1.30000000e-02  1.92137343e+00 -1.30000000e-02 -2.63683459e-03 
-1.28000000e-02  1.99696564e+00 -1.28000000e-02  2.25065688e+00 -1.28000000e-02  1.67164950e+00 -1.28000000e-02  1.92084859e+00 -1.28000000e-02 -2.63685295e-03 
-1.26000000e-02  1.99749437e+00 -1.26000000e-02  2.25012305e+00 -1.26000000e-02  1.67216807e+00 -1.26000000e-02  1.92032333e+00 -1.26000000e-02 -2.63687133e-03 
-1.24000000e-02  1.99802321e+00 -1.24000000e-02  2.24958911e+00 -1.24000000e-02  1.67268684e+00 -1.24000000e-02  1.91979809e+00 -1.24000000e-02 -2.63688973e-03 
-1.22000000e-02  1.99855214e+00 -1.22000000e-02  2.24905507e+00 -1.22000000e-02  1.67320562e+00 -1.22000000e-02  1.91927285e+00 -1.22000000e-02 -2.63690815e-03 
-1.20000000e-02  1.99908117e+00 -1.20000000e-02  2.24852093e+00 -1.20000000e-02  1.67372450e+00 -1.20000000e-02  1.91874750e+00 -1.20000000e-02 -2.63692659e-03 
-1.18000000e-02  1.99961030e+00 -1.18000000e-02  2.24798668e+00 -1.18000000e-02  1.67424343e+00 -1.18000000e-02  1.91822198e+00 -1.18000000e-02 -2.63694504e-03 
-1.16000000e-02  2.00013952e+00 -1.16000000e-02  2.24745233e+00 -1.16000000e-02  1.67476242e+00 -1.16000000e-02  1.91769642e+00 -1.16000000e-02 -2.63696352e-03 
-1.14000000e-02  2.00066884e+00 -1.14000000e-02  2.24691789e+00 -1.14000000e-02  1.67528175e+00 -1.14000000e-02  1.91717066e+00 -1.14000000e-02 -2.63698201e-03 
-1.12000000e-02  2.00119824e+00 -1.12000000e-02  2.24638335e+00 -1.12000000e-02  1.67580095e+00 -1.12000000e-02  1.91664489e+00 -1.12000000e-02 -2.63700052e-03 
-1.10000000e-02  2.00172773e+00 -1.10000000e-02  2.24584872e+00 -1.10000000e-02  1.67632029e+00 -1.10000000e-02  1.91611911e+00 -1.10000000e-02 -2.63701906e-03 
-1.08000000e-02  2.00225730e+00 -1.08000000e-02  2.24531399e+00 -1.08000000e-02  1.67683967e+00 -1.08000000e-02  1.91559311e+00 -1.08000000e-02 -2.63703761e-03 
-1.06000000e-02  2.00278696e+00 -1.06000000e-02  2.24477918e+00 -1.06000000e-02  1.67735922e+00 -1.06000000e-02  1.91506705e+00 -1.06000000e-02 -2.63705618e-03 
-1.04000000e-02  2.00331670e+00 -1.04000000e-02  2.24424428e+00 -1.04000000e-02  1.67787892e+00 -1.04000000e-02  1.91454102e+00 -1.04000000e-02 -2.63707476e-03 
-1.02000000e-02  2.00384652e+00 -1.02000000e-02  2.24370929e+00 -1.02000000e-02  1.67839861e+00 -1.02000000e-02  1.91401473e+00 -1.02000000e-02 -2.63709337e-03 
-1.00000000e-02  2.00437641e+00 -1.00000000e-02  2.24317423e+00 -1.00000000e-02  1.67891850e+00 -1.00000000e-02  1.91348854e+00 -1.00000000e-02 -2.63711199e-03 
-9.80000000e-03  2.00490638e+00 -9.80000000e-03  2.24263908e+00 -9.80000000e-03  1.67943813e+00 -9.80000000e-03  1.91296199e+00 -9.80000000e-03 -2.63713064e-03 
-9.60000000e-03  2.00543643e+00 -9.60000000e-03  2.24210385e+00 -9.60000000e-03  1.67995816e+00 -9.60000000e-03  1.91243571e+00 -9.60000000e-03 -2.63714930e-03 
-9.40000000e-03  2.00596655e+00 -9.40000000e-03  2.24156854e+00 -9.40000000e-03  1.68047805e+00 -9.40000000e-03  1.91190923e+00 -9.40000000e-03 -2.63716798e-03 
-9.20000000e-03  2.00649673e+00 -9.20000000e-03  2.24103316e+00 -9.20000000e-03  1.68099824e+00 -9.20000000e-03  1.91138271e+00 -9.20000000e-03 -2.63718668e-03 
-9.00000000e-03  2.00702698e+00 -9.00000000e-03  2.24049770e+00 -9.00000000e-03  1.68151826e+00 -9.00000000e-03  1.91085597e+00 -9.00000000e-03 -2.63720540e-03 
-8.80000000e-03  2.00755730e+00 -8.80000000e-03  2.23996218e+00 -8.80000000e-03  1.68203844e+00 -8.80000000e-03  1.91032930e+00 -8.80000000e-03 -2.63722413e-03 
-8.60000000e-03  2.00808768e+00 -8.60000000e-03  2.23942658e+00 -8.60000000e-03  1.68255880e+00 -8.60000000e-03  1.90980249e+00 -8.60000000e-03 -2.63724289e-03 
-8.40000000e-03  2.00861812e+00 -8.40000000e-03  2.23889092e+00 -8.40000000e-03  1.68307910e+00 -8.40000000e-03  1.90927569e+00 -8.40000000e-03 -2.63726166e-03 
-8.20000000e-03  2.00914863e+00 -8.20000000e-03  2.23835519e+00 -8.20000000e-03  1.68359949e+00 -8.20000000e-03  1.90874879e+00 -8.20000000e-03 -2.63728045e-03 
-8.00000000e-03  2.00967918e+00 -8.00000000e-03  2.23781940e+00 -8.00000000e-03  1.68411999e+00 -8.00000000e-03  1.90822184e+00 -8.00000000e-03 -2.63729927e-03 
-7.80000000e-03  2.01020980e+00 -7.80000000e-03  2.23728355e+00 -7.80000000e-03  1.68464063e+00 -7.80000000e-03  1.90769476e+00 -7.80000000e-03 -2.63731809e-03 
-7.60000000e-03  2.01074047e+00 -7.60000000e-03  2.23674764e+00 -7.60000000e-03  1.68516099e+00 -7.60000000e-03  1.90716766e+00 -7.60000000e-03 -2.63733694e-03 
-7.40000000e-03  2.01127118e+00 -7.40000000e-03  2.23621167e+00 -7.40000000e-03  1.68568163e+00 -7.40000000e-03  1.90664061e+00 -7.40000000e-03 -2.63735581e-03 
-7.20000000e-03  2.01180195e+00 -7.20000000e-03  2.23567565e+00 -7.20000000e-03  1.68620229e+00 -7.20000000e-03  1.90611337e+00 -7.20000000e-03 -2.63737469e-03 
-7.00000000e-03  2.01233277e+00 -7.00000000e-03  2.23513957e+00 -7.00000000e-03  1.68672302e+00 -7.00000000e-03  1.90558616e+00 -7.00000000e-03 -2.63739360e-03 
-6.80000000e-03  2.01286363e+00 -6.80000000e-03  2.23460344e+00 -6.80000000e-03  1.68724380e+00 -6.80000000e-03  1.90505890e+00 -6.80000000e-03 -2.63741252e-03 
-6.60000000e-03  2.01339453e+00 -6.60000000e-03  2.23406727e+00 -6.60000000e-03  1.68776451e+00 -6.60000000e-03  1.90453158e+00 -6.60000000e-03 -2.63743146e-03 
-6.40000000e-03  2.01392548e+00 -6.40000000e-03  2.23353104e+00 -6.40000000e-03  1.68828553e+00 -6.40000000e-03  1.90400420e+00 -6.40000000e-03 -2.63745041e-03 
-6.20000000e-03  2.01445646e+00 -6.20000000e-03  2.23299478e+00 -6.20000000e-03  1.68880640e+00 -6.20000000e-03  1.90347679e+00 -6.20000000e-03 -2.63746939e-03 
-6.00000000e-03  2.01498748e+00 -6.00000000e-03  2.23245846e+00 -6.00000000e-03  1.68932739e+00 -6.00000000e-03  1.90294939e+00 -6.00000000e-03 -2.63748838e-03 
-5.80000000e-03  2.01551854e+00 -5.80000000e-03  2.23192211e+00 -5.80000000e-03  1.68984836e+00 -5.80000000e-03  1.90242186e+00 -5.80000000e-03 -2.63750740e-03 
-5.60000000e-03  2.01604963e+00 -5.60000000e-03  2.23138572e+00 -5.60000000e-03  1.69036935e+00 -5.60000000e-03  1.90189438e+00 -5.60000000e-03 -2.63752643e-03 
-5.40000000e-03  2.01658075e+00 -5.40000000e-03  2.23084929e+00 -5.40000000e-03  1.69089040e+00 -5.40000000e-03  1.90136685e+00 -5.40000000e-03 -2.63754548e-03 
-5.20000000e-03  2.01711190e+00 -5.20000000e-03  2.23031283e+00 -5.20000000e-03  1.69141153e+00 -5.20000000e-03  1.90083927e+00 -5.20000000e-03 -2.63756454e-03 
-5.00000000e-03  2.01764308e+00 -5.00000000e-03  2.22977633e+00 -5.00000000e-03  1.69193264e+00 -5.00000000e-03  1.90031173e+00 -5.00000000e-03 -2.63758363e-03 
-4.80000000e-03  2.01817428e+00 -4.80000000e-03  2.22923980e+00 -4.80000000e-03  1.69245375e+00 -4.80000000e-03  1.89978397e+00 -4.80000000e-03 -2.63760273e-03 
-4.60000000e-03  2.01870550e+00 -4.60000000e-03  2.22870324e+00 -4.60000000e-03  1.69297495e+00 -4.60000000e-03  1.89925627e+00 -4.60000000e-03 -2.63762186e-03 
-4.40000000e-03  2.01923675e+00 -4.40000000e-03  2.22816666e+00 -4.40000000e-03  1.69349609e+00 -4.40000000e-03  1.89872873e+00 -4.40000000e-03 -2.63764100e-03 
-4.20000000e-03  2.01976802e+00 -4.20000000e-03  2.22763005e+00 -4.20000000e-03  1.69401739e+00 -4.20000000e-03  1.89820086e+00 -4.20000000e-03 -2.63766015e-03 
-4.00000000e-03  2.02029930e+00 -4.00000000e-03  2.22709342e+00 -4.00000000e-03  1.69453863e+00 -4.00000000e-03  1.89767328e+00 -4.00000000e-03 -2.63767933e-03 
-3.80000000e-03  2.02083060e+00 -3.80000000e-03  2.22655677e+00 -3.80000000e-03  1.69505978e+00 -3.80000000e-03  1.89714545e+00 -3.80000000e-03 -2.63769852e-03 
-3.60000000e-03  2.02136192e+00 -3.60000000e-03  2.22602009e+00 -3.60000000e-03  1.69558115e+00 -3.60000000e-03  1.89661759e+00 -3.60000000e-03 -2.63771774e-03 
-3.40000000e-03  2.02189324e+00 -3.40000000e-03  2.22548340e+00 -3.40000000e-03  1.69610234e+00 -3.40000000e-03  1.89608983e+00 -3.40000000e-03 -2.63773697e-03 
-3.20000000e-03  2.02242457e+00 -3.20000000e-03  2.22494670e+00 -3.20000000e-03  1.69662380e+00 -3.20000000e-03  1.89556204e+00 -3.20000000e-03 -2.63775621e-03 
-3.00000000e-03  2.02295591e+00 -3.00000000e-03  2.22440998e+00 -3.00000000e-03  1.69714497e+00 -3.00000000e-03  1.89503424e+00 -3.00000000e-03 -2.63777548e-03 
-2.80000000e-03  2.02348726e+00 -2.80000000e-03  2.22387325e+00 -2.80000000e-03  1.69766636e+00 -2.80000000e-03  1.89450647e+00 -2.80000000e-03 -2.63779476e-03 
-2.60000000e-03  2.02401861e+00 -2.60000000e-03  2.22333651e+00 -2.60000000e-03  1.69818764e+00 -2.60000000e-03  1.89397861e+00 -2.60000000e-03 -2.63781406e-03 
-2.40000000e-03  2.02454996e+00 -2.40000000e-03  2.22279977e+00 -2.40000000e-03  1.69870894e+00 -2.40000000e-03  1.89345086e+00 -2.40000000e-03 -2.63783338e-03 
-2.20000000e-03  2.02502465e+00 -2.20000000e-03  2.22232029e+00 -2.20000000e-03  1.69917477e+00 -2.20000000e-03  1.89297937e+00 -2.20000000e-03 -2.63785055e-03 
-2.00000000e-03  2.02555644e+00 -2.00000000e-03  2.22178308e+00 -2.00000000e-03  1.69969638e+00 -2.00000000e-03  1.89245099e+00 -2.00000000e-03 -2.63786991e-03 
-1.80000000e-03  2.02613880e+00 -1.80000000e-03  2.22119477e+00 -1.80000000e-03  1.70026800e+00 -1.80000000e-03  1.89187250e+00 -1.80000000e-03 -2.63789124e-03 
-1.60000000e-03  2.02667014e+00 -1.60000000e-03  2.22065802e+00 -1.60000000e-03  1.70078916e+00 -1.60000000e-03  1.89134472e+00 -1.60000000e-03 -2.63791063e-03 
-1.40000000e-03  2.02720619e+00 -1.40000000e-03  2.22011649e+00 -1.40000000e-03  1.70131520e+00 -1.40000000e-03  1.89081210e+00 -1.40000000e-03 -2.63793022e-03 
-1.20000000e-03  2.02773750e+00 -1.20000000e-03  2.21957975e+00 -1.20000000e-03  1.70183645e+00 -1.20000000e-03  1.89028444e+00 -1.20000000e-03 -2.63794965e-03 
-1.00000000e-03  2.02821247e+00 -1.00000000e-03  2.21909995e+00 -1.00000000e-03  1.70230257e+00 -1.00000000e-03  1.88981270e+00 -1.00000000e-03 -2.63796693e-03 
-8.00000000e-04  2.02874426e+00 -8.00000000e-04  2.21856273e+00 -8.00000000e-04  1.70282431e+00 -8.00000000e-04  1.88928430e+00 -8.00000000e-04 -2.63798639e-03 
-6.00000000e-04  2.02932663e+00 -6.00000000e-04  2.21797436e+00 -6.00000000e-04  1.70339575e+00 -6.00000000e-04  1.88870579e+00 -6.00000000e-04 -2.63800784e-03 
-4.00000000e-04  2.02985789e+00 -4.00000000e-04  2.21743764e+00 -4.00000000e-04  1.70391699e+00 -4.00000000e-04  1.88817806e+00 -4.00000000e-04 -2.63802734e-03 
-2.00000000e-04  2.03039386e+00 -2.00000000e-04  2.21689616e+00 -2.00000000e-04  1.70444299e+00 -2.00000000e-04  1.88764561e+00 -2.00000000e-04 -2.63804703e-03 
-2.50288072e-16  2.03092507e+00 -2.50288072e-16  2.21635950e+00 -2.50288072e-16  1.70496421e+00 -2.50288072e-16  1.88711786e+00 -2.50288072e-16 -2.63806656e-03 
 2.00000000e-04  2.03139992e+00  2.00000000e-04  2.21587978e+00  2.00000000e-04  1.70543014e+00  2.00000000e-04  1.88664606e+00  2.00000000e-04 -2.63808394e-03 
 4.00000000e-04  2.03193164e+00  4.00000000e-04  2.21534259e+00  4.00000000e-04  1.70595192e+00  4.00000000e-04  1.88611792e+00  4.00000000e-04 -2.63810351e-03 
 6.00000000e-04  2.03251380e+00  6.00000000e-04  2.21475440e+00  6.00000000e-04  1.70652308e+00  6.00000000e-04  1.88553953e+00  6.00000000e-04 -2.63812507e-03 
 8.00000000e-04  2.03304493e+00  8.00000000e-04  2.21421779e+00  8.00000000e-04  1.70704431e+00  8.00000000e-04  1.88501201e+00  8.00000000e-04 -2.63814467e-03 
 1.00000000e-03  2.03358072e+00  1.00000000e-03  2.21367645e+00  1.00000000e-03  1.70756997e+00  1.00000000e-03  1.88447964e+00  1.00000000e-03 -2.63816447e-03 
 1.20000000e-03  2.03411175e+00  1.20000000e-03  2.21313993e+00  1.20000000e-03  1.70809106e+00  1.20000000e-03  1.88395208e+00  1.20000000e-03 -2.63818410e-03 
 1.40000000e-03  2.03458644e+00  1.40000000e-03  2.21266034e+00  1.40000000e-03  1.70855693e+00  1.40000000e-03  1.88348054e+00  1.40000000e-03 -2.63820158e-03 
 1.60000000e-03  2.03517433e+00  1.60000000e-03  2.21206634e+00  1.60000000e-03  1.70913394e+00  1.60000000e-03  1.88289650e+00  1.60000000e-03 -2.63822344e-03 
 1.80000000e-03  2.03569977e+00  1.80000000e-03  2.21153544e+00  1.80000000e-03  1.70964955e+00  1.80000000e-03  1.88237447e+00  1.80000000e-03 -2.63824291e-03 
 2.00000000e-03  2.03617943e+00  2.00000000e-03  2.21105082e+00  2.00000000e-03  1.71012003e+00  2.00000000e-03  1.88189794e+00  2.00000000e-03 -2.63826063e-03 
 2.20000000e-03  2.03676651e+00  2.20000000e-03  2.21045761e+00  2.20000000e-03  1.71069621e+00  2.20000000e-03  1.88131471e+00  2.20000000e-03 -2.63828252e-03 
 2.40000000e-03  2.03729229e+00  2.40000000e-03  2.20992636e+00  2.40000000e-03  1.71121208e+00  2.40000000e-03  1.88079229e+00  2.40000000e-03 -2.63830206e-03 
 2.60000000e-03  2.03777167e+00  2.60000000e-03  2.20944200e+00  2.60000000e-03  1.71168251e+00  2.60000000e-03  1.88031607e+00  2.60000000e-03 -2.63831983e-03 
 2.80000000e-03  2.03835873e+00  2.80000000e-03  2.20884879e+00  2.80000000e-03  1.71225866e+00  2.80000000e-03  1.87973277e+00  2.80000000e-03 -2.63834177e-03 
 3.00000000e-03  2.03888433e+00  3.00000000e-03  2.20831770e+00  3.00000000e-03  1.71277445e+00  3.00000000e-03  1.87921067e+00  3.00000000e-03 -2.63836136e-03 
 3.20000000e-03  2.03936360e+00  3.20000000e-03  2.20783344e+00  3.20000000e-03  1.71324475e+00  3.20000000e-03  1.87873455e+00  3.20000000e-03 -2.63837917e-03 
 3.40000000e-03  2.03995047e+00  3.40000000e-03  2.20724040e+00  3.40000000e-03  1.71382065e+00  3.40000000e-03  1.87815143e+00  3.40000000e-03 -2.63840117e-03 
 3.60000000e-03  2.04047590e+00  3.60000000e-03  2.20670947e+00  3.60000000e-03  1.71433642e+00  3.60000000e-03  1.87762930e+00  3.60000000e-03 -2.63842081e-03 
 3.80000000e-03  2.04095503e+00  3.80000000e-03  2.20622533e+00  3.80000000e-03  1.71480648e+00  3.80000000e-03  1.87715337e+00  3.80000000e-03 -2.63843867e-03 
 4.00000000e-03  2.04154169e+00  4.00000000e-03  2.20563248e+00  4.00000000e-03  1.71538222e+00  4.00000000e-03  1.87657052e+00  4.00000000e-03 -2.63846072e-03 
 4.20000000e-03  2.04206692e+00  4.20000000e-03  2.20510174e+00  4.20000000e-03  1.71589770e+00  4.20000000e-03  1.87604866e+00  4.20000000e-03 -2.63848040e-03 
 4.40000000e-03  2.04254590e+00  4.40000000e-03  2.20461773e+00  4.40000000e-03  1.71636771e+00  4.40000000e-03  1.87557282e+00  4.40000000e-03 -2.63849832e-03 
 4.60000000e-03  2.04313233e+00  4.60000000e-03  2.20402510e+00  4.60000000e-03  1.71694320e+00  4.60000000e-03  1.87499014e+00  4.60000000e-03 -2.63852042e-03 
 4.80000000e-03  2.04365735e+00  4.80000000e-03  2.20349455e+00  4.80000000e-03  1.71745853e+00  4.80000000e-03  1.87446854e+00  4.80000000e-03 -2.63854015e-03 
 5.00000000e-03  2.04413616e+00  5.00000000e-03  2.20301070e+00  5.00000000e-03  1.71792839e+00  5.00000000e-03  1.87399282e+00  5.00000000e-03 -2.63855811e-03 
 5.20000000e-03  2.04472234e+00  5.20000000e-03  2.20241830e+00  5.20000000e-03  1.71850361e+00  5.20000000e-03  1.87341025e+00  5.20000000e-03 -2.63858026e-03 
 5.40000000e-03  2.04524712e+00  5.40000000e-03  2.20188797e+00  5.40000000e-03  1.71901866e+00  5.40000000e-03  1.87288908e+00  5.40000000e-03 -2.63860003e-03 
 5.60000000e-03  2.04572575e+00  5.60000000e-03  2.20140429e+00  5.60000000e-03  1.71948839e+00  5.60000000e-03  1.87241351e+00  5.60000000e-03 -2.63861805e-03 
 5.80000000e-03  2.04631166e+00  5.80000000e-03  2.20081214e+00  5.80000000e-03  1.72006338e+00  5.80000000e-03  1.87183126e+00  5.80000000e-03 -2.63864024e-03 
 6.00000000e-03  2.04683619e+00  6.00000000e-03  2.20028205e+00  6.00000000e-03  1.72057823e+00  6.00000000e-03  1.87131026e+00  6.00000000e-03 -2.63866007e-03 
 6.20000000e-03  2.04731463e+00  6.20000000e-03  2.19979854e+00  6.20000000e-03  1.72104774e+00  6.20000000e-03  1.87083480e+00  6.20000000e-03 -2.63867812e-03 
 6.40000000e-03  2.04790024e+00  6.40000000e-03  2.19920668e+00  6.40000000e-03  1.72162258e+00  6.40000000e-03  1.87025288e+00  6.40000000e-03 -2.63870037e-03 
 6.60000000e-03  2.04842451e+00  6.60000000e-03  2.19867684e+00  6.60000000e-03  1.72213701e+00  6.60000000e-03  1.86973188e+00  6.60000000e-03 -2.63872024e-03 
 6.80000000e-03  2.04890273e+00  6.80000000e-03  2.19819352e+00  6.80000000e-03  1.72260643e+00  6.80000000e-03  1.86925686e+00  6.80000000e-03 -2.63873834e-03 
 7.00000000e-03  2.04948803e+00  7.00000000e-03  2.19760197e+00  7.00000000e-03  1.72318083e+00  7.00000000e-03  1.86867526e+00  7.00000000e-03 -2.63876064e-03 
 7.20000000e-03  2.05001201e+00  7.20000000e-03  2.19707239e+00  7.20000000e-03  1.72369506e+00  7.20000000e-03  1.86815462e+00  7.20000000e-03 -2.63878055e-03 
 7.40000000e-03  2.05049001e+00  7.40000000e-03  2.19658929e+00  7.40000000e-03  1.72416430e+00  7.40000000e-03  1.86767962e+00  7.40000000e-03 -2.63879870e-03 
 7.60000000e-03  2.05107496e+00  7.60000000e-03  2.19599805e+00  7.60000000e-03  1.72473839e+00  7.60000000e-03  1.86709842e+00  7.60000000e-03 -2.63882104e-03 
 7.80000000e-03  2.05159864e+00  7.80000000e-03  2.19546877e+00  7.80000000e-03  1.72525234e+00  7.80000000e-03  1.86657803e+00  7.80000000e-03 -2.63884101e-03 
 8.00000000e-03  2.05207640e+00  8.00000000e-03  2.19498589e+00  8.00000000e-03  1.72572133e+00  8.00000000e-03  1.86610340e+00  8.00000000e-03 -2.63885920e-03 
 8.20000000e-03  2.05266100e+00  8.20000000e-03  2.19439500e+00  8.20000000e-03  1.72629494e+00  8.20000000e-03  1.86552250e+00  8.20000000e-03 -2.63888159e-03 
 8.40000000e-03  2.05318436e+00  8.40000000e-03  2.19386602e+00  8.40000000e-03  1.72680872e+00  8.40000000e-03  1.86500249e+00  8.40000000e-03 -2.63890159e-03 
 8.60000000e-03  2.05366186e+00  8.60000000e-03  2.19338338e+00  8.60000000e-03  1.72727748e+00  8.60000000e-03  1.86452796e+00  8.60000000e-03 -2.63891984e-03 
 8.80000000e-03  2.05424607e+00  8.80000000e-03  2.19279286e+00  8.80000000e-03  1.72785081e+00  8.80000000e-03  1.86394740e+00  8.80000000e-03 -2.63894227e-03 
 9.00000000e-03  2.05476910e+00  9.00000000e-03  2.19226420e+00  9.00000000e-03  1.72836417e+00  9.00000000e-03  1.86342775e+00  9.00000000e-03 -2.63896232e-03 
 9.20000000e-03  2.05524634e+00  9.20000000e-03  2.19178181e+00  9.20000000e-03  1.72883263e+00  9.20000000e-03  1.86295362e+00  9.20000000e-03 -2.63898061e-03 
 9.40000000e-03  2.05583014e+00  9.40000000e-03  2.19119169e+00  9.40000000e-03  1.72940559e+00  9.40000000e-03  1.86237343e+00  9.40000000e-03 -2.63900308e-03 
 9.60000000e-03  2.05635281e+00  9.60000000e-03  2.19066337e+00  9.60000000e-03  1.72991861e+00  9.60000000e-03  1.86185405e+00  9.60000000e-03 -2.63902317e-03 
 9.80000000e-03  2.05682977e+00  9.80000000e-03  2.19018125e+00  9.80000000e-03  1.73038675e+00  9.80000000e-03  1.86138010e+00  9.80000000e-03 -2.63904151e-03 
 1.00000000e-02  2.05741314e+00  1.00000000e-02  2.18959154e+00  1.00000000e-02  1.73095942e+00  1.00000000e-02  1.86080034e+00  1.00000000e-02 -2.63906403e-03 
 1.02000000e-02  2.05793543e+00  1.02000000e-02  2.18906357e+00  1.02000000e-02  1.73147212e+00  1.02000000e-02  1.86028134e+00  1.02000000e-02 -2.63908416e-03 
 1.04000000e-02  2.05841210e+00  1.04000000e-02  2.18858173e+00  1.04000000e-02  1.73193996e+00  1.04000000e-02  1.85980774e+00  1.04000000e-02 -2.63910254e-03 
 1.06000000e-02  2.05899502e+00  1.06000000e-02  2.18799246e+00  1.06000000e-02  1.73251215e+00  1.06000000e-02  1.85922841e+00  1.06000000e-02 -2.63912510e-03 
 1.08000000e-02  2.05951692e+00  1.08000000e-02  2.18746487e+00  1.08000000e-02  1.73302445e+00  1.08000000e-02  1.85870977e+00  1.08000000e-02 -2.63914528e-03 
 1.10000000e-02  2.05999328e+00  1.10000000e-02  2.18698333e+00  1.10000000e-02  1.73349200e+00  1.10000000e-02  1.85823650e+00  1.10000000e-02 -2.63916370e-03 
 1.12000000e-02  2.06057572e+00  1.12000000e-02  2.18639452e+00  1.12000000e-02  1.73406357e+00  1.12000000e-02  1.85765765e+00  1.12000000e-02 -2.63918630e-03 
 1.14000000e-02  2.06109722e+00  1.14000000e-02  2.18586732e+00  1.14000000e-02  1.73457564e+00  1.14000000e-02  1.85713939e+00  1.14000000e-02 -2.63920652e-03 
 1.16000000e-02  2.06157325e+00  1.16000000e-02  2.18538609e+00  1.16000000e-02  1.73504288e+00  1.16000000e-02  1.85666633e+00  1.16000000e-02 -2.63922499e-03 
 1.18000000e-02  2.06215520e+00  1.18000000e-02  2.18479776e+00  1.18000000e-02  1.73561403e+00  1.18000000e-02  1.85608808e+00  1.18000000e-02 -2.63924763e-03 
 1.20000000e-02  2.06267628e+00  1.20000000e-02  2.18427098e+00  1.20000000e-02  1.73612567e+00  1.20000000e-02  1.85557027e+00  1.20000000e-02 -2.63926789e-03 
 1.22000000e-02  2.06315197e+00  1.22000000e-02  2.18379007e+00  1.22000000e-02  1.73659256e+00  1.22000000e-02  1.85509751e+00  1.22000000e-02 -2.63928640e-03 
 1.24000000e-02  2.06373340e+00  1.24000000e-02  2.18320224e+00  1.24000000e-02  1.73716323e+00  1.24000000e-02  1.85451965e+00  1.24000000e-02 -2.63930909e-03 
 1.26000000e-02  2.06425403e+00  1.26000000e-02  2.18267589e+00  1.26000000e-02  1.73767449e+00  1.26000000e-02  1.85400230e+00  1.26000000e-02 -2.63932938e-03 
 1.28000000e-02  2.06472937e+00  1.28000000e-02  2.18219532e+00  1.28000000e-02  1.73814102e+00  1.28000000e-02  1.85352989e+00  1.28000000e-02 -2.63934793e-03 
 1.30000000e-02  2.06531026e+00  1.30000000e-02  2.18160803e+00  1.30000000e-02  1.73871109e+00  1.30000000e-02  1.85295259e+00  1.30000000e-02 -2.63937066e-03 
 1.32000000e-02  2.06583043e+00  1.32000000e-02  2.18108212e+00  1.32000000e-02  1.73922192e+00  1.32000000e-02  1.85243586e+00  1.32000000e-02 -2.63939100e-03 
 1.34000000e-02  2.06630540e+00  1.34000000e-02  2.18060191e+00  1.34000000e-02  1.73968819e+00  1.34000000e-02  1.85196370e+00  1.34000000e-02 -2.63940959e-03 
 1.36000000e-02  2.06688572e+00  1.36000000e-02  2.18001516e+00  1.36000000e-02  1.74025784e+00  1.36000000e-02  1.85138696e+00  1.36000000e-02 -2.63943235e-03 
 1.38000000e-02  2.06740542e+00  1.38000000e-02  2.17948972e+00  1.38000000e-02  1.74076795e+00  1.38000000e-02  1.85087042e+00  1.38000000e-02 -2.63945273e-03 
 1.40000000e-02  2.06788000e+00  1.40000000e-02  2.17900987e+00  1.40000000e-02  1.74123388e+00  1.40000000e-02  1.85039879e+00  1.40000000e-02 -2.63947136e-03 
 1.42000000e-02  2.06845974e+00  1.42000000e-02  2.17842370e+00  1.42000000e-02  1.74180303e+00  1.42000000e-02  1.84982265e+00  1.42000000e-02 -2.63949416e-03 
 1.44000000e-02  2.06897894e+00  1.44000000e-02  2.17789874e+00  1.44000000e-02  1.74231272e+00  1.44000000e-02  1.84930667e+00  1.44000000e-02 -2.63951458e-03 
 1.46000000e-02  2.06945313e+00  1.46000000e-02  2.17741928e+00  1.46000000e-02  1.74277819e+00  1.46000000e-02  1.84883542e+00  1.46000000e-02 -2.63953325e-03 
 1.48000000e-02  2.07003227e+00  1.48000000e-02  2.17683370e+00  1.48000000e-02  1.74334675e+00  1.48000000e-02  1.84825987e+00  1.48000000e-02 -2.63955609e-03 
 1.50000000e-02  2.07055095e+00  1.50000000e-02  2.17630924e+00  1.50000000e-02  1.74385597e+00  1.50000000e-02  1.84774438e+00  1.50000000e-02 -2.63957654e-03 
 1.52000000e-02  2.07102473e+00  1.52000000e-02  2.17583018e+00  1.52000000e-02  1.74432106e+00  1.52000000e-02  1.84727344e+00  1.52000000e-02 -2.63959525e-03 
 1.54000000e-02  2.07160323e+00  1.54000000e-02  2.17524522e+00  1.54000000e-02  1.74488897e+00  1.54000000e-02  1.84669847e+00  1.54000000e-02 -2.63961813e-03 
 1.56000000e-02  2.07212138e+00  1.56000000e-02  2.17472128e+00  1.56000000e-02  1.74539770e+00  1.56000000e-02  1.84618355e+00  1.56000000e-02 -2.63963862e-03 
 1.58000000e-02  2.07259474e+00  1.58000000e-02  2.17424263e+00  1.58000000e-02  1.74586239e+00  1.58000000e-02  1.84571309e+00  1.58000000e-02 -2.63965736e-03 
 1.60000000e-02  2.07317259e+00  1.60000000e-02  2.17365831e+00  1.60000000e-02  1.74642974e+00  1.60000000e-02  1.84513874e+00  1.60000000e-02 -2.63968027e-03 
 1.62000000e-02  2.07369019e+00  1.62000000e-02  2.17313491e+00  1.62000000e-02  1.74693789e+00  1.62000000e-02  1.84462433e+00  1.62000000e-02 -2.63970080e-03 
 1.64000000e-02  2.07416310e+00  1.64000000e-02  2.17265669e+00  1.64000000e-02  1.74740216e+00  1.64000000e-02  1.84415433e+00  1.64000000e-02 -2.63971958e-03 
 1.66000000e-02  2.07474028e+00  1.66000000e-02  2.17207303e+00  1.66000000e-02  1.74796880e+00  1.66000000e-02  1.84358062e+00  1.66000000e-02 -2.63974253e-03 
 1.68000000e-02  2.07525731e+00  1.68000000e-02  2.17155018e+00  1.68000000e-02  1.74847636e+00  1.68000000e-02  1.84306675e+00  1.68000000e-02 -2.63976309e-03 
 1.70000000e-02  2.07572977e+00  1.70000000e-02  2.17107241e+00  1.70000000e-02  1.74894027e+00  1.70000000e-02  1.84259725e+00  1.70000000e-02 -2.63978191e-03 
 1.72000000e-02  2.07630625e+00  1.72000000e-02  2.17048943e+00  1.72000000e-02  1.74950619e+00  1.72000000e-02  1.84202428e+00  1.72000000e-02 -2.63980489e-03 
 1.74000000e-02  2.07682269e+00  1.74000000e-02  2.16996716e+00  1.74000000e-02  1.75001330e+00  1.74000000e-02  1.84151093e+00  1.74000000e-02 -2.63982548e-03 
 1.76000000e-02  2.07729468e+00  1.76000000e-02  2.16948984e+00  1.76000000e-02  1.75047666e+00  1.76000000e-02  1.84104178e+00  1.76000000e-02 -2.63984434e-03 
 1.78000000e-02  2.07787044e+00  1.78000000e-02  2.16890758e+00  1.78000000e-02  1.75104195e+00  1.78000000e-02  1.84046948e+00  1.78000000e-02 -2.63986735e-03 
 1.80000000e-02  2.07838629e+00  1.80000000e-02  2.16838590e+00  1.80000000e-02  1.75154840e+00  1.80000000e-02  1.83995680e+00  1.80000000e-02 -2.63988798e-03 
 1.82000000e-02  2.07885779e+00  1.82000000e-02  2.16790905e+00  1.82000000e-02  1.75201129e+00  1.82000000e-02  1.83948815e+00  1.82000000e-02 -2.63990687e-03 
 1.84000000e-02  2.07943280e+00  1.84000000e-02  2.16732752e+00  1.84000000e-02  1.75257589e+00  1.84000000e-02  1.83891659e+00  1.84000000e-02 -2.63992992e-03 
 1.86000000e-02  2.07994803e+00  1.86000000e-02  2.16680645e+00  1.86000000e-02  1.75308162e+00  1.86000000e-02  1.83840458e+00  1.86000000e-02 -2.63995058e-03 
 1.88000000e-02  2.08041903e+00  1.88000000e-02  2.16633009e+00  1.88000000e-02  1.75354403e+00  1.88000000e-02  1.83793636e+00  1.88000000e-02 -2.63996951e-03 
 1.90000000e-02  2.08099328e+00  1.90000000e-02  2.16574931e+00  1.90000000e-02  1.75410803e+00  1.90000000e-02  1.83736562e+00  1.90000000e-02 -2.63999258e-03 
 1.92000000e-02  2.08150787e+00  1.92000000e-02  2.16522887e+00  1.92000000e-02  1.75461324e+00  1.92000000e-02  1.83685408e+00  1.92000000e-02 -2.64001327e-03 
 1.94000000e-02  2.08197836e+00  1.94000000e-02  2.16475301e+00  1.94000000e-02  1.75507515e+00  1.94000000e-02  1.83638648e+00  1.94000000e-02 -2.64003223e-03 
 1.96000000e-02  2.08255182e+00  1.96000000e-02  2.16417301e+00  1.96000000e-02  1.75563821e+00  1.96000000e-02  1.83581644e+00  1.96000000e-02 -2.64005533e-03 
 1.98000000e-02  2.08306575e+00  1.98000000e-02  2.16365322e+00  1.98000000e-02  1.75614290e+00  1.98000000e-02  1.83530565e+00  1.98000000e-02 -2.64007605e-03 
 2.00000000e-02  2.08353571e+00  2.00000000e-02  2.16317788e+00  2.00000000e-02  1.75660433e+00  2.00000000e-02  1.83483852e+00  2.00000000e-02 -2.64009505e-03 
 2.02000000e-02  2.08410836e+00  2.02000000e-02  2.16259868e+00  2.02000000e-02  1.75716652e+00  2.02000000e-02  1.83426921e+00  2.02000000e-02 -2.64011818e-03 
 2.04000000e-02  2.08462162e+00  2.04000000e-02  2.16207955e+00  2.04000000e-02  1.75767056e+00  2.04000000e-02  1.83375904e+00  2.04000000e-02 -2.64013893e-03 
 2.06000000e-02  2.08509103e+00  2.06000000e-02  2.16160474e+00  2.06000000e-02  1.75813138e+00  2.06000000e-02  1.83329237e+00  2.06000000e-02 -2.64015796e-03 
 2.08000000e-02  2.08566285e+00  2.08000000e-02  2.16102636e+00  2.08000000e-02  1.75869290e+00  2.08000000e-02  1.83272409e+00  2.08000000e-02 -2.64018112e-03 
 2.10000000e-02  2.08617541e+00  2.10000000e-02  2.16050792e+00  2.10000000e-02  1.75919622e+00  2.10000000e-02  1.83221457e+00  2.10000000e-02 -2.64020190e-03 
 2.12000000e-02  2.08664427e+00  2.12000000e-02  2.16003366e+00  2.12000000e-02  1.75965650e+00  2.12000000e-02  1.83174854e+00  2.12000000e-02 -2.64022096e-03 
 2.14000000e-02  2.08721524e+00  2.14000000e-02  2.15945612e+00  2.14000000e-02  1.76021715e+00  2.14000000e-02  1.83118095e+00  2.14000000e-02 -2.64024414e-03 
 2.16000000e-02  2.08772708e+00  2.16000000e-02  2.15893838e+00  2.16000000e-02  1.76071963e+00  2.16000000e-02  1.83067213e+00  2.16000000e-02 -2.64026495e-03 
 2.18000000e-02  2.08819537e+00  2.18000000e-02  2.15846468e+00  2.18000000e-02  1.76117959e+00  2.18000000e-02  1.83020663e+00  2.18000000e-02 -2.64028404e-03 
 2.20000000e-02  2.08876546e+00  2.20000000e-02  2.15788802e+00  2.20000000e-02  1.76173933e+00  2.20000000e-02  1.82963996e+00  2.20000000e-02 -2.64030725e-03 
 2.22000000e-02  2.08927657e+00  2.22000000e-02  2.15737100e+00  2.22000000e-02  1.76224121e+00  2.22000000e-02  1.82913187e+00  2.22000000e-02 -2.64032808e-03 
 2.24000000e-02  2.08974427e+00  2.24000000e-02  2.15689788e+00  2.24000000e-02  1.76270050e+00  2.24000000e-02  1.82866693e+00  2.24000000e-02 -2.64034720e-03 
 2.26000000e-02  2.09031346e+00  2.26000000e-02  2.15632211e+00  2.26000000e-02  1.76325946e+00  2.26000000e-02  1.82810110e+00  2.26000000e-02 -2.64037043e-03 
 2.28000000e-02  2.09082383e+00  2.28000000e-02  2.15580582e+00  2.28000000e-02  1.76376056e+00  2.28000000e-02  1.82759379e+00  2.28000000e-02 -2.64039129e-03 
 2.30000000e-02  2.09129092e+00  2.30000000e-02  2.15533330e+00  2.30000000e-02  1.76421919e+00  2.30000000e-02  1.82712943e+00  2.30000000e-02 -2.64041044e-03 
 2.32000000e-02  2.09185918e+00  2.32000000e-02  2.15475844e+00  2.32000000e-02  1.76477727e+00  2.32000000e-02  1.82656459e+00  2.32000000e-02 -2.64043369e-03 
 2.34000000e-02  2.09236879e+00  2.34000000e-02  2.15424291e+00  2.34000000e-02  1.76527769e+00  2.34000000e-02  1.82605794e+00  2.34000000e-02 -2.64045458e-03 
 2.36000000e-02  2.09283526e+00  2.36000000e-02  2.15377100e+00  2.36000000e-02  1.76573578e+00  2.36000000e-02  1.82559424e+00  2.36000000e-02 -2.64047376e-03 
 2.38000000e-02  2.09340258e+00  2.38000000e-02  2.15319708e+00  2.38000000e-02  1.76629272e+00  2.38000000e-02  1.82503015e+00  2.38000000e-02 -2.64049703e-03 
 2.40000000e-02  2.09391140e+00  2.40000000e-02  2.15268233e+00  2.40000000e-02  1.76679250e+00  2.40000000e-02  1.82452462e+00  2.40000000e-02 -2.64051794e-03 
 2.42000000e-02  2.09437723e+00  2.42000000e-02  2.15221104e+00  2.42000000e-02  1.76724994e+00  2.42000000e-02  1.82406137e+00  2.42000000e-02 -2.64053715e-03 
 2.44000000e-02  2.09494358e+00  2.44000000e-02  2.15163808e+00  2.44000000e-02  1.76780618e+00  2.44000000e-02  1.82349836e+00  2.44000000e-02 -2.64056044e-03 
 2.46000000e-02  2.09545160e+00  2.46000000e-02  2.15112412e+00  2.46000000e-02  1.76830499e+00  2.46000000e-02  1.82299333e+00  2.46000000e-02 -2.64058137e-03 
 2.48000000e-02  2.09591679e+00  2.48000000e-02  2.15065347e+00  2.48000000e-02  1.76876180e+00  2.48000000e-02  1.82253070e+00  2.48000000e-02 -2.64060061e-03 
 2.50000000e-02  2.09648215e+00  2.50000000e-02  2.15008150e+00  2.50000000e-02  1.76931697e+00  2.50000000e-02  1.82196879e+00  2.50000000e-02 -2.64062392e-03 
 2.52000000e-02  2.09698934e+00  2.52000000e-02  2.14956835e+00  2.52000000e-02  1.76981508e+00  2.52000000e-02  1.82146458e+00  2.52000000e-02 -2.64064487e-03 
 2.54000000e-02  2.09745387e+00  2.54000000e-02  2.14909836e+00  2.54000000e-02  1.77027121e+00  2.54000000e-02  1.82100274e+00  2.54000000e-02 -2.64066413e-03 
 2.56000000e-02  2.09801821e+00  2.56000000e-02  2.14852739e+00  2.56000000e-02  1.77082553e+00  2.56000000e-02  1.82044170e+00  2.56000000e-02 -2.64068746e-03 
 2.58000000e-02  2.09852457e+00  2.58000000e-02  2.14801508e+00  2.58000000e-02  1.77132265e+00  2.58000000e-02  1.81993834e+00  2.58000000e-02 -2.64070843e-03 
 2.60000000e-02  2.09898841e+00  2.60000000e-02  2.14754576e+00  2.60000000e-02  1.77177824e+00  2.60000000e-02  1.81947727e+00  2.60000000e-02 -2.64072772e-03 
 2.62000000e-02  2.09955172e+00  2.62000000e-02  2.14697582e+00  2.62000000e-02  1.77233145e+00  2.62000000e-02  1.81891719e+00  2.62000000e-02 -2.64075106e-03 
 2.64000000e-02  2.10005722e+00  2.64000000e-02  2.14646435e+00  2.64000000e-02  1.77282798e+00  2.64000000e-02  1.81841461e+00  2.64000000e-02 -2.64077205e-03 
 2.66000000e-02  2.10052037e+00  2.66000000e-02  2.14599572e+00  2.66000000e-02  1.77328270e+00  2.66000000e-02  1.81795410e+00  2.66000000e-02 -2.64079137e-03 
 2.68000000e-02  2.10108262e+00  2.68000000e-02  2.14542683e+00  2.68000000e-02  1.77383489e+00  2.68000000e-02  1.81739518e+00  2.68000000e-02 -2.64081472e-03 
 2.70000000e-02  2.10158724e+00  2.70000000e-02  2.14491624e+00  2.70000000e-02  1.77433044e+00  2.70000000e-02  1.81689344e+00  2.70000000e-02 -2.64083573e-03 
 2.72000000e-02  2.10204968e+00  2.72000000e-02  2.14444831e+00  2.72000000e-02  1.77478462e+00  2.72000000e-02  1.81643384e+00  2.72000000e-02 -2.64085507e-03 
 2.74000000e-02  2.10261085e+00  2.74000000e-02  2.14388050e+00  2.74000000e-02  1.77533568e+00  2.74000000e-02  1.81587595e+00  2.74000000e-02 -2.64087844e-03 
 2.76000000e-02  2.10311457e+00  2.76000000e-02  2.14337079e+00  2.76000000e-02  1.77583038e+00  2.76000000e-02  1.81537493e+00  2.76000000e-02 -2.64089947e-03 
 2.78000000e-02  2.10357628e+00  2.78000000e-02  2.14290358e+00  2.78000000e-02  1.77628384e+00  2.78000000e-02  1.81491601e+00  2.78000000e-02 -2.64091882e-03 
 2.80000000e-02  2.10413635e+00  2.80000000e-02  2.14233687e+00  2.80000000e-02  1.77683388e+00  2.80000000e-02  1.81435910e+00  2.80000000e-02 -2.64094221e-03 
 2.82000000e-02  2.10463916e+00  2.82000000e-02  2.14182807e+00  2.82000000e-02  1.77732769e+00  2.82000000e-02  1.81385923e+00  2.82000000e-02 -2.64096325e-03 
 2.84000000e-02  2.10510013e+00  2.84000000e-02  2.14136159e+00  2.84000000e-02  1.77778026e+00  2.84000000e-02  1.81340083e+00  2.84000000e-02 -2.64098263e-03 
 2.86000000e-02  2.10565907e+00  2.86000000e-02  2.14079600e+00  2.86000000e-02  1.77832938e+00  2.86000000e-02  1.81284513e+00  2.86000000e-02 -2.64100602e-03 
 2.88000000e-02  2.10616095e+00  2.88000000e-02  2.14028813e+00  2.88000000e-02  1.77882234e+00  2.88000000e-02  1.81234634e+00  2.88000000e-02 -2.64102708e-03 
 2.90000000e-02  2.10662116e+00  2.90000000e-02  2.13982240e+00  2.90000000e-02  1.77927431e+00  2.90000000e-02  1.81188864e+00  2.90000000e-02 -2.64104648e-03 
 2.92000000e-02  2.10717894e+00  2.92000000e-02  2.13925796e+00  2.92000000e-02  1.77982206e+00  2.92000000e-02  1.81133399e+00  2.92000000e-02 -2.64106988e-03 
 2.94000000e-02  2.10767988e+00  2.94000000e-02  2.13875103e+00  2.94000000e-02  1.78031405e+00  2.94000000e-02  1.81083598e+00  2.94000000e-02 -2.64109095e-03 
 2.96000000e-02  2.10813931e+00  2.96000000e-02  2.13828607e+00  2.96000000e-02  1.78076534e+00  2.96000000e-02  1.81037918e+00  2.96000000e-02 -2.64111037e-03 
 2.98000000e-02  2.10869592e+00  2.98000000e-02  2.13772279e+00  2.98000000e-02  1.78131194e+00  2.98000000e-02  1.80982576e+00  2.98000000e-02 -2.64113378e-03 
 3.00000000e-02  2.10919589e+00  3.00000000e-02  2.13721683e+00  3.00000000e-02  1.78180305e+00  3.00000000e-02  1.80932867e+00  3.00000000e-02 -2.64115487e-03 
 3.02000000e-02  2.10965453e+00  3.02000000e-02  2.13675265e+00  3.02000000e-02  1.78225347e+00  3.02000000e-02  1.80887263e+00  3.02000000e-02 -2.64117430e-03 
 3.04000000e-02  2.11020995e+00  3.04000000e-02  2.13619057e+00  3.04000000e-02  1.78279900e+00  3.04000000e-02  1.80832040e+00  3.04000000e-02 -2.64119772e-03 
 3.06000000e-02  2.11070893e+00  3.06000000e-02  2.13568559e+00  3.06000000e-02  1.78328908e+00  3.06000000e-02  1.80782432e+00  3.06000000e-02 -2.64121882e-03 
 3.08000000e-02  2.11116677e+00  3.08000000e-02  2.13522221e+00  3.08000000e-02  1.78373882e+00  3.08000000e-02  1.80736896e+00  3.08000000e-02 -2.64123827e-03 
 3.10000000e-02  2.11172096e+00  3.10000000e-02  2.13466134e+00  3.10000000e-02  1.78428313e+00  3.10000000e-02  1.80681794e+00  3.10000000e-02 -2.64126169e-03 
 3.12000000e-02  2.11221893e+00  3.12000000e-02  2.13415736e+00  3.12000000e-02  1.78477225e+00  3.12000000e-02  1.80632277e+00  3.12000000e-02 -2.64128280e-03 
 3.14000000e-02  2.11267595e+00  3.14000000e-02  2.13369480e+00  3.14000000e-02  1.78522109e+00  3.14000000e-02  1.80586842e+00  3.14000000e-02 -2.64130227e-03 
 3.16000000e-02  2.11322891e+00  3.16000000e-02  2.13313517e+00  3.16000000e-02  1.78576427e+00  3.16000000e-02  1.80531859e+00  3.16000000e-02 -2.64132570e-03 
 3.18000000e-02  2.11372585e+00  3.18000000e-02  2.13263221e+00  3.18000000e-02  1.78625232e+00  3.18000000e-02  1.80482451e+00  3.18000000e-02 -2.64134681e-03 
 3.20000000e-02  2.11418204e+00  3.20000000e-02  2.13217048e+00  3.20000000e-02  1.78670052e+00  3.20000000e-02  1.80437081e+00  3.20000000e-02 -2.64136630e-03 
 3.22000000e-02  2.11473373e+00  3.22000000e-02  2.13161211e+00  3.22000000e-02  1.78724232e+00  3.22000000e-02  1.80382235e+00  3.22000000e-02 -2.64138972e-03 
 3.24000000e-02  2.11522963e+00  3.24000000e-02  2.13111019e+00  3.24000000e-02  1.78772950e+00  3.24000000e-02  1.80332925e+00  3.24000000e-02 -2.64141085e-03 
 3.26000000e-02  2.11568496e+00  3.26000000e-02  2.13064931e+00  3.26000000e-02  1.78817674e+00  3.26000000e-02  1.80287641e+00  3.26000000e-02 -2.64143035e-03 
 3.28000000e-02  2.11623536e+00  3.28000000e-02  2.13009223e+00  3.28000000e-02  1.78871729e+00  3.28000000e-02  1.80232913e+00  3.28000000e-02 -2.64145377e-03 
 3.30000000e-02  2.11673020e+00  3.30000000e-02  2.12959137e+00  3.30000000e-02  1.78920325e+00  3.30000000e-02  1.80183713e+00  3.30000000e-02 -2.64147491e-03 
 3.32000000e-02  2.11718466e+00  3.32000000e-02  2.12913134e+00  3.32000000e-02  1.78964982e+00  3.32000000e-02  1.80138521e+00  3.32000000e-02 -2.64149442e-03 
 3.34000000e-02  2.11773375e+00  3.34000000e-02  2.12857557e+00  3.34000000e-02  1.79018910e+00  3.34000000e-02  1.80083925e+00  3.34000000e-02 -2.64151784e-03 
 3.36000000e-02  2.11822751e+00  3.36000000e-02  2.12807579e+00  3.36000000e-02  1.79067410e+00  3.36000000e-02  1.80034824e+00  3.36000000e-02 -2.64153898e-03 
 3.38000000e-02  2.11868108e+00  3.38000000e-02  2.12761665e+00  3.38000000e-02  1.79111957e+00  3.38000000e-02  1.79989719e+00  3.38000000e-02 -2.64155850e-03 
 3.40000000e-02  2.11922884e+00  3.40000000e-02  2.12706221e+00  3.40000000e-02  1.79165759e+00  3.40000000e-02  1.79935267e+00  3.40000000e-02 -2.64158193e-03 
 3.42000000e-02  2.11972150e+00  3.42000000e-02  2.12656353e+00  3.42000000e-02  1.79214158e+00  3.42000000e-02  1.79886261e+00  3.42000000e-02 -2.64160307e-03 
 3.44000000e-02  2.12017417e+00  3.44000000e-02  2.12610528e+00  3.44000000e-02  1.79258624e+00  3.44000000e-02  1.79841243e+00  3.44000000e-02 -2.64162260e-03 
 3.46000000e-02  2.12072057e+00  3.46000000e-02  2.12555220e+00  3.46000000e-02  1.79312295e+00  3.46000000e-02  1.79786914e+00  3.46000000e-02 -2.64164602e-03 
 3.48000000e-02  2.12121211e+00  3.48000000e-02  2.12505463e+00  3.48000000e-02  1.79360582e+00  3.48000000e-02  1.79738035e+00  3.48000000e-02 -2.64166717e-03 
 3.50000000e-02  2.12166386e+00  3.50000000e-02  2.12459730e+00  3.50000000e-02  1.79404953e+00  3.50000000e-02  1.79693114e+00  3.50000000e-02 -2.64168671e-03 
 3.52000000e-02  2.12220889e+00  3.52000000e-02  2.12404559e+00  3.52000000e-02  1.79458490e+00  3.52000000e-02  1.79638911e+00  3.52000000e-02 -2.64171013e-03 
 3.54000000e-02  2.12269928e+00  3.54000000e-02  2.12354917e+00  3.54000000e-02  1.79506660e+00  3.54000000e-02  1.79590150e+00  3.54000000e-02 -2.64173127e-03 
 3.56000000e-02  2.12315011e+00  3.56000000e-02  2.12309277e+00  3.56000000e-02  1.79550953e+00  3.56000000e-02  1.79545318e+00  3.56000000e-02 -2.64175082e-03 
 3.58000000e-02  2.12369373e+00  3.58000000e-02  2.12254246e+00  3.58000000e-02  1.79604350e+00  3.58000000e-02  1.79491260e+00  3.58000000e-02 -2.64177423e-03 
 3.60000000e-02  2.12418297e+00  3.60000000e-02  2.12204719e+00  3.60000000e-02  1.79652413e+00  3.60000000e-02  1.79442604e+00  3.60000000e-02 -2.64179538e-03 
 3.62000000e-02  2.12463284e+00  3.62000000e-02  2.12159173e+00  3.62000000e-02  1.79696605e+00  3.62000000e-02  1.79397866e+00  3.62000000e-02 -2.64181494e-03 
 3.64000000e-02  2.12517504e+00  3.64000000e-02  2.12104286e+00  3.64000000e-02  1.79749865e+00  3.64000000e-02  1.79343947e+00  3.64000000e-02 -2.64183834e-03 
 3.66000000e-02  2.12566310e+00  3.66000000e-02  2.12054876e+00  3.66000000e-02  1.79797810e+00  3.66000000e-02  1.79295424e+00  3.66000000e-02 -2.64185948e-03 
 3.68000000e-02  2.12611200e+00  3.68000000e-02  2.12009427e+00  3.68000000e-02  1.79841903e+00  3.68000000e-02  1.79250772e+00  3.68000000e-02 -2.64187905e-03 
 3.70000000e-02  2.12665275e+00  3.70000000e-02  2.11954684e+00  3.70000000e-02  1.79895028e+00  3.70000000e-02  1.79196999e+00  3.70000000e-02 -2.64190244e-03 
 3.72000000e-02  2.12713962e+00  3.72000000e-02  2.11905394e+00  3.72000000e-02  1.79942854e+00  3.72000000e-02  1.79148594e+00  3.72000000e-02 -2.64192358e-03 
 3.74000000e-02  2.12758754e+00  3.74000000e-02  2.11860043e+00  3.74000000e-02  1.79986861e+00  3.74000000e-02  1.79104035e+00  3.74000000e-02 -2.64194315e-03 
 3.76000000e-02  2.12812682e+00  3.76000000e-02  2.11805447e+00  3.76000000e-02  1.80039834e+00  3.76000000e-02  1.79050404e+00  3.76000000e-02 -2.64196653e-03 
 3.78000000e-02  2.12861246e+00  3.78000000e-02  2.11756278e+00  3.78000000e-02  1.80087548e+00  3.78000000e-02  1.79002110e+00  3.78000000e-02 -2.64198767e-03 
 3.80000000e-02  2.12905939e+00  3.80000000e-02  2.11711027e+00  3.80000000e-02  1.80131450e+00  3.80000000e-02  1.78957661e+00  3.80000000e-02 -2.64200724e-03 
 3.82000000e-02  2.12959717e+00  3.82000000e-02  2.11656581e+00  3.82000000e-02  1.80184287e+00  3.82000000e-02  1.78904181e+00  3.82000000e-02 -2.64203061e-03 
 3.84000000e-02  2.13008158e+00  3.84000000e-02  2.11607536e+00  3.84000000e-02  1.80231868e+00  3.84000000e-02  1.78856004e+00  3.84000000e-02 -2.64205174e-03 
 3.86000000e-02  2.13052749e+00  3.86000000e-02  2.11562386e+00  3.86000000e-02  1.80275681e+00  3.86000000e-02  1.78811663e+00  3.86000000e-02 -2.64207132e-03 
 3.88000000e-02  2.13106376e+00  3.88000000e-02  2.11508092e+00  3.88000000e-02  1.80328358e+00  3.88000000e-02  1.78758328e+00  3.88000000e-02 -2.64209467e-03 
 3.90000000e-02  2.13154692e+00  3.90000000e-02  2.11459172e+00  3.90000000e-02  1.80375822e+00  3.90000000e-02  1.78710276e+00  3.90000000e-02 -2.64211580e-03 
 3.92000000e-02  2.13199179e+00  3.92000000e-02  2.11414125e+00  3.92000000e-02  1.80419540e+00  3.92000000e-02  1.78666035e+00  3.92000000e-02 -2.64213537e-03 
 3.94000000e-02  2.13252652e+00  3.94000000e-02  2.11359985e+00  3.94000000e-02  1.80472062e+00  3.94000000e-02  1.78612853e+00  3.94000000e-02 -2.64215871e-03 
 3.96000000e-02  2.13300840e+00  3.96000000e-02  2.11311193e+00  3.96000000e-02  1.80519410e+00  3.96000000e-02  1.78564934e+00  3.96000000e-02 -2.64217983e-03 
 3.98000000e-02  2.13345223e+00  3.98000000e-02  2.11266251e+00  3.98000000e-02  1.80563008e+00  3.98000000e-02  1.78520788e+00  3.98000000e-02 -2.64219940e-03 
 4.00000000e-02  2.13398539e+00  4.00000000e-02  2.11212268e+00  4.00000000e-02  1.80615393e+00  4.00000000e-02  1.78467765e+00  4.00000000e-02 -2.64222272e-03 
 4.02000000e-02  2.13446599e+00  4.02000000e-02  2.11163605e+00  4.02000000e-02  1.80662600e+00  4.02000000e-02  1.78419973e+00  4.02000000e-02 -2.64224383e-03 
 4.04000000e-02  2.13490874e+00  4.04000000e-02  2.11118770e+00  4.04000000e-02  1.80706107e+00  4.04000000e-02  1.78375938e+00  4.04000000e-02 -2.64226341e-03 
 4.06000000e-02  2.13544032e+00  4.06000000e-02  2.11064945e+00  4.06000000e-02  1.80758323e+00  4.06000000e-02  1.78323064e+00  4.06000000e-02 -2.64228671e-03 
 4.08000000e-02  2.13591960e+00  4.08000000e-02  2.11016413e+00  4.08000000e-02  1.80805426e+00  4.08000000e-02  1.78275406e+00  4.08000000e-02 -2.64230781e-03 
 4.10000000e-02  2.13636127e+00  4.10000000e-02  2.10971687e+00  4.10000000e-02  1.80848803e+00  4.10000000e-02  1.78231470e+00  4.10000000e-02 -2.64232738e-03 
 4.12000000e-02  2.13689124e+00  4.12000000e-02  2.10918024e+00  4.12000000e-02  1.80900879e+00  4.12000000e-02  1.78178765e+00  4.12000000e-02 -2.64235066e-03 
 4.14000000e-02  2.13736920e+00  4.14000000e-02  2.10869625e+00  4.14000000e-02  1.80947847e+00  4.14000000e-02  1.78131228e+00  4.14000000e-02 -2.64237174e-03 
 4.16000000e-02  2.13780976e+00  4.16000000e-02  2.10825008e+00  4.16000000e-02  1.80991127e+00  4.16000000e-02  1.78087415e+00  4.16000000e-02 -2.64239131e-03 
 4.18000000e-02  2.13833810e+00  4.18000000e-02  2.10771509e+00  4.18000000e-02  1.81043032e+00  4.18000000e-02  1.78034866e+00  4.18000000e-02 -2.64241457e-03 
 4.20000000e-02  2.13881471e+00  4.20000000e-02  2.10723246e+00  4.20000000e-02  1.81089850e+00  4.20000000e-02  1.77987464e+00  4.20000000e-02 -2.64243564e-03 
 4.22000000e-02  2.13925416e+00  4.22000000e-02  2.10678741e+00  4.22000000e-02  1.81133030e+00  4.22000000e-02  1.77943758e+00  4.22000000e-02 -2.64245520e-03 
 4.24000000e-02  2.13978084e+00  4.24000000e-02  2.10625407e+00  4.24000000e-02  1.81184772e+00  4.24000000e-02  1.77891369e+00  4.24000000e-02 -2.64247844e-03 
 4.26000000e-02  2.14025607e+00  4.26000000e-02  2.10577281e+00  4.26000000e-02  1.81231467e+00  4.26000000e-02  1.77844103e+00  4.26000000e-02 -2.64249949e-03 
 4.28000000e-02  2.14069439e+00  4.28000000e-02  2.10532890e+00  4.28000000e-02  1.81274531e+00  4.28000000e-02  1.77800508e+00  4.28000000e-02 -2.64251905e-03 
 4.30000000e-02  2.14121939e+00  4.30000000e-02  2.10479725e+00  4.30000000e-02  1.81326114e+00  4.30000000e-02  1.77748303e+00  4.30000000e-02 -2.64254226e-03 
 4.32000000e-02  2.14169324e+00  4.32000000e-02  2.10431738e+00  4.32000000e-02  1.81372671e+00  4.32000000e-02  1.77701177e+00  4.32000000e-02 -2.64256330e-03 
 4.34000000e-02  2.14213040e+00  4.34000000e-02  2.10387462e+00  4.34000000e-02  1.81415626e+00  4.34000000e-02  1.77657683e+00  4.34000000e-02 -2.64258285e-03 
 4.36000000e-02  2.14265371e+00  4.36000000e-02  2.10334468e+00  4.36000000e-02  1.81467039e+00  4.36000000e-02  1.77605641e+00  4.36000000e-02 -2.64260603e-03 
 4.38000000e-02  2.14312614e+00  4.38000000e-02  2.10286622e+00  4.38000000e-02  1.81513453e+00  4.38000000e-02  1.77558646e+00  4.38000000e-02 -2.64262705e-03 
 4.40000000e-02  2.14356214e+00  4.40000000e-02  2.10242463e+00  4.40000000e-02  1.81556304e+00  4.40000000e-02  1.77515280e+00  4.40000000e-02 -2.64264659e-03 
 4.42000000e-02  2.14408372e+00  4.42000000e-02  2.10189642e+00  4.42000000e-02  1.81607550e+00  4.42000000e-02  1.77463409e+00  4.42000000e-02 -2.64266974e-03 
 4.44000000e-02  2.14455472e+00  4.44000000e-02  2.10141939e+00  4.44000000e-02  1.81653825e+00  4.44000000e-02  1.77416553e+00  4.44000000e-02 -2.64269074e-03 
 4.46000000e-02  2.14498953e+00  4.46000000e-02  2.10097899e+00  4.46000000e-02  1.81696550e+00  4.46000000e-02  1.77373307e+00  4.46000000e-02 -2.64271027e-03 
 4.48000000e-02  2.14550937e+00  4.48000000e-02  2.10045253e+00  4.48000000e-02  1.81747622e+00  4.48000000e-02  1.77321598e+00  4.48000000e-02 -2.64273339e-03 
 4.50000000e-02  2.14597892e+00  4.50000000e-02  2.09997696e+00  4.50000000e-02  1.81793759e+00  4.50000000e-02  1.77274899e+00  4.50000000e-02 -2.64275437e-03 
 4.52000000e-02  2.14641253e+00  4.52000000e-02  2.09953777e+00  4.52000000e-02  1.81836370e+00  4.52000000e-02  1.77231775e+00  4.52000000e-02 -2.64277389e-03 
 4.54000000e-02  2.14693059e+00  4.54000000e-02  2.09901309e+00  4.54000000e-02  1.81887271e+00  4.54000000e-02  1.77180243e+00  4.54000000e-02 -2.64279698e-03 
 4.56000000e-02  2.14739868e+00  4.56000000e-02  2.09853899e+00  4.56000000e-02  1.81933265e+00  4.56000000e-02  1.77133687e+00  4.56000000e-02 -2.64281794e-03 
 4.58000000e-02  2.14783107e+00  4.58000000e-02  2.09810101e+00  4.58000000e-02  1.81975756e+00  4.58000000e-02  1.77090671e+00  4.58000000e-02 -2.64283745e-03 
 4.60000000e-02  2.14834734e+00  4.60000000e-02  2.09757813e+00  4.60000000e-02  1.82026478e+00  4.60000000e-02  1.77039330e+00  4.60000000e-02 -2.64286050e-03 
 4.62000000e-02  2.14881394e+00  4.62000000e-02  2.09710553e+00  4.62000000e-02  1.82072324e+00  4.62000000e-02  1.76992917e+00  4.62000000e-02 -2.64288143e-03 
 4.64000000e-02  2.14924509e+00  4.64000000e-02  2.09666879e+00  4.64000000e-02  1.82114696e+00  4.64000000e-02  1.76950023e+00  4.64000000e-02 -2.64290092e-03 
 4.66000000e-02  2.14975954e+00  4.66000000e-02  2.09614774e+00  4.66000000e-02  1.82165241e+00  4.66000000e-02  1.76898854e+00  4.66000000e-02 -2.64292394e-03 
 4.68000000e-02  2.15022464e+00  4.68000000e-02  2.09567664e+00  4.68000000e-02  1.82210943e+00  4.68000000e-02  1.76852587e+00  4.68000000e-02 -2.64294485e-03 
 4.70000000e-02  2.15065453e+00  4.70000000e-02  2.09524117e+00  4.70000000e-02  1.82253193e+00  4.70000000e-02  1.76809831e+00  4.70000000e-02 -2.64296433e-03 
 4.72000000e-02  2.15116715e+00  4.72000000e-02  2.09472196e+00  4.72000000e-02  1.82303559e+00  4.72000000e-02  1.76758854e+00  4.72000000e-02 -2.64298730e-03 
 4.74000000e-02  2.15163072e+00  4.74000000e-02  2.09425240e+00  4.74000000e-02  1.82349113e+00  4.74000000e-02  1.76712731e+00  4.74000000e-02 -2.64300819e-03 
 4.76000000e-02  2.15205934e+00  4.76000000e-02  2.09381821e+00  4.76000000e-02  1.82391230e+00  4.76000000e-02  1.76670092e+00  4.76000000e-02 -2.64302765e-03 
 4.78000000e-02  2.15257009e+00  4.78000000e-02  2.09330087e+00  4.78000000e-02  1.82441419e+00  4.78000000e-02  1.76619282e+00  4.78000000e-02 -2.64305059e-03 
 4.80000000e-02  2.15303212e+00  4.80000000e-02  2.09283286e+00  4.80000000e-02  1.82486817e+00  4.80000000e-02  1.76573333e+00  4.80000000e-02 -2.64307144e-03 
 4.82000000e-02  2.15345944e+00  4.82000000e-02  2.09239996e+00  4.82000000e-02  1.82528809e+00  4.82000000e-02  1.76530826e+00  4.82000000e-02 -2.64309088e-03 
 4.84000000e-02  2.15396831e+00  4.84000000e-02  2.09188452e+00  4.84000000e-02  1.82578821e+00  4.84000000e-02  1.76480214e+00  4.84000000e-02 -2.64311378e-03 
 4.86000000e-02  2.15442878e+00  4.86000000e-02  2.09141808e+00  4.86000000e-02  1.82624063e+00  4.86000000e-02  1.76434413e+00  4.86000000e-02 -2.64313461e-03 
 4.88000000e-02  2.15485479e+00  4.88000000e-02  2.09098649e+00  4.88000000e-02  1.82665924e+00  4.88000000e-02  1.76392030e+00  4.88000000e-02 -2.64315403e-03 
 4.90000000e-02  2.15536176e+00  4.90000000e-02  2.09047297e+00  4.90000000e-02  1.82715743e+00  4.90000000e-02  1.76341600e+00  4.90000000e-02 -2.64317688e-03 
 4.92000000e-02  2.15582063e+00  4.92000000e-02  2.09000812e+00  4.92000000e-02  1.82760832e+00  4.92000000e-02  1.76295976e+00  4.92000000e-02 -2.64319768e-03 
 4.94000000e-02  2.15624532e+00  4.94000000e-02  2.08957787e+00  4.94000000e-02  1.82802565e+00  4.94000000e-02  1.76253707e+00  4.94000000e-02 -2.64321707e-03 
 4.96000000e-02  2.15675036e+00  4.96000000e-02  2.08906628e+00  4.96000000e-02  1.82852201e+00  4.96000000e-02  1.76203490e+00  4.96000000e-02 -2.64323988e-03 
 4.98000000e-02  2.15720763e+00  4.98000000e-02  2.08860305e+00  4.98000000e-02  1.82897135e+00  4.98000000e-02  1.76157994e+00  4.98000000e-02 -2.64326065e-03 
 5.00000000e-02  2.15763097e+00  5.00000000e-02  2.08817414e+00  5.00000000e-02  1.82938741e+00  5.00000000e-02  1.76115877e+00  5.00000000e-02 -2.64328002e-03 
 5.02000000e-02  2.15813406e+00  5.02000000e-02  2.08766452e+00  5.02000000e-02  1.82988171e+00  5.02000000e-02  1.76065836e+00  5.02000000e-02 -2.64330279e-03 
 5.04000000e-02  2.15858970e+00  5.04000000e-02  2.08720292e+00  5.04000000e-02  1.83032947e+00  5.04000000e-02  1.76020510e+00  5.04000000e-02 -2.64332351e-03 
 5.06000000e-02  2.15901169e+00  5.06000000e-02  2.08677539e+00  5.06000000e-02  1.83074421e+00  5.06000000e-02  1.75978533e+00  5.06000000e-02 -2.64334287e-03 
 5.08000000e-02  2.15951279e+00  5.08000000e-02  2.08626775e+00  5.08000000e-02  1.83123667e+00  5.08000000e-02  1.75928690e+00  5.08000000e-02 -2.64336558e-03 
 5.10000000e-02  2.15996680e+00  5.10000000e-02  2.08580781e+00  5.10000000e-02  1.83168278e+00  5.10000000e-02  1.75883519e+00  5.10000000e-02 -2.64338627e-03 
 5.12000000e-02  2.16038740e+00  5.12000000e-02  2.08538165e+00  5.12000000e-02  1.83209610e+00  5.12000000e-02  1.75841677e+00  5.12000000e-02 -2.64340560e-03 
 5.14000000e-02  2.16088651e+00  5.14000000e-02  2.08487603e+00  5.14000000e-02  1.83258664e+00  5.14000000e-02  1.75792035e+00  5.14000000e-02 -2.64342826e-03 
 5.16000000e-02  2.16133885e+00  5.16000000e-02  2.08441776e+00  5.16000000e-02  1.83303118e+00  5.16000000e-02  1.75747040e+00  5.16000000e-02 -2.64344892e-03 
 5.18000000e-02  2.16175806e+00  5.18000000e-02  2.08399301e+00  5.18000000e-02  1.83344320e+00  5.18000000e-02  1.75705329e+00  5.18000000e-02 -2.64346822e-03 
 5.20000000e-02  2.16225515e+00  5.20000000e-02  2.08348942e+00  5.20000000e-02  1.83393160e+00  5.20000000e-02  1.75655885e+00  5.20000000e-02 -2.64349083e-03 
 5.22000000e-02  2.16270580e+00  5.22000000e-02  2.08303284e+00  5.22000000e-02  1.83437449e+00  5.22000000e-02  1.75611049e+00  5.22000000e-02 -2.64351145e-03 
 5.24000000e-02  2.16312359e+00  5.24000000e-02  2.08260951e+00  5.24000000e-02  1.83478509e+00  5.24000000e-02  1.75569488e+00  5.24000000e-02 -2.64353072e-03 
 5.26000000e-02  2.16361864e+00  5.26000000e-02  2.08210798e+00  5.26000000e-02  1.83527165e+00  5.26000000e-02  1.75520245e+00  5.26000000e-02 -2.64355328e-03 
 5.28000000e-02  2.16406760e+00  5.28000000e-02  2.08165311e+00  5.28000000e-02  1.83571290e+00  5.28000000e-02  1.75475590e+00  5.28000000e-02 -2.64357386e-03 
 5.30000000e-02  2.16448395e+00  5.30000000e-02  2.08123123e+00  5.30000000e-02  1.83612198e+00  5.30000000e-02  1.75434173e+00  5.30000000e-02 -2.64359309e-03 
 5.32000000e-02  2.16497694e+00  5.32000000e-02  2.08073177e+00  5.32000000e-02  1.83660650e+00  5.32000000e-02  1.75385125e+00  5.32000000e-02 -2.64361560e-03 
 5.34000000e-02  2.16542417e+00  5.34000000e-02  2.08027864e+00  5.34000000e-02  1.83704618e+00  5.34000000e-02  1.75340637e+00  5.34000000e-02 -2.64363614e-03 
 5.36000000e-02  2.16583907e+00  5.36000000e-02  2.07985821e+00  5.36000000e-02  1.83745386e+00  5.36000000e-02  1.75299351e+00  5.36000000e-02 -2.64365534e-03 
 5.38000000e-02  2.16632997e+00  5.38000000e-02  2.07936086e+00  5.38000000e-02  1.83793628e+00  5.38000000e-02  1.75250524e+00  5.38000000e-02 -2.64367779e-03 
 5.40000000e-02  2.16677546e+00  5.40000000e-02  2.07890948e+00  5.40000000e-02  1.83837409e+00  5.40000000e-02  1.75206202e+00  5.40000000e-02 -2.64369828e-03 
 5.42000000e-02  2.16718889e+00  5.42000000e-02  2.07849053e+00  5.42000000e-02  1.83878043e+00  5.42000000e-02  1.75165071e+00  5.42000000e-02 -2.64371746e-03 
 5.44000000e-02  2.16767768e+00  5.44000000e-02  2.07799530e+00  5.44000000e-02  1.83926091e+00  5.44000000e-02  1.75116467e+00  5.44000000e-02 -2.64373985e-03 
 5.46000000e-02  2.16812141e+00  5.46000000e-02  2.07754570e+00  5.46000000e-02  1.83969694e+00  5.46000000e-02  1.75072314e+00  5.46000000e-02 -2.64376029e-03 
 5.48000000e-02  2.16853335e+00  5.48000000e-02  2.07712825e+00  5.48000000e-02  1.84010181e+00  5.48000000e-02  1.75031323e+00  5.48000000e-02 -2.64377943e-03 
 5.50000000e-02  2.16902001e+00  5.50000000e-02  2.07663517e+00  5.50000000e-02  1.84058005e+00  5.50000000e-02  1.74982912e+00  5.50000000e-02 -2.64380177e-03 
 5.52000000e-02  2.16946196e+00  5.52000000e-02  2.07618735e+00  5.52000000e-02  1.84101439e+00  5.52000000e-02  1.74938945e+00  5.52000000e-02 -2.64382216e-03 
 5.54000000e-02  2.16987240e+00  5.54000000e-02  2.07577142e+00  5.54000000e-02  1.84141785e+00  5.54000000e-02  1.74898109e+00  5.54000000e-02 -2.64384127e-03 
 5.56000000e-02  2.17035690e+00  5.56000000e-02  2.07528051e+00  5.56000000e-02  1.84189409e+00  5.56000000e-02  1.74849916e+00  5.56000000e-02 -2.64386354e-03 
 5.58000000e-02  2.17079704e+00  5.58000000e-02  2.07483450e+00  5.58000000e-02  1.84232660e+00  5.58000000e-02  1.74806125e+00  5.58000000e-02 -2.64388389e-03 
 5.60000000e-02  2.17120596e+00  5.60000000e-02  2.07442010e+00  5.60000000e-02  1.84272850e+00  5.60000000e-02  1.74765442e+00  5.60000000e-02 -2.64390296e-03 
 5.62000000e-02  2.17168829e+00  5.62000000e-02  2.07393138e+00  5.62000000e-02  1.84320267e+00  5.62000000e-02  1.74717462e+00  5.62000000e-02 -2.64392516e-03 
 5.64000000e-02  2.17212661e+00  5.64000000e-02  2.07348722e+00  5.64000000e-02  1.84363336e+00  5.64000000e-02  1.74673865e+00  5.64000000e-02 -2.64394546e-03 
 5.66000000e-02  2.17253399e+00  5.66000000e-02  2.07307437e+00  5.66000000e-02  1.84403368e+00  5.66000000e-02  1.74633328e+00  5.66000000e-02 -2.64396449e-03 
 5.68000000e-02  2.17301412e+00  5.68000000e-02  2.07258786e+00  5.68000000e-02  1.84450567e+00  5.68000000e-02  1.74585568e+00  5.68000000e-02 -2.64398663e-03 
 5.70000000e-02  2.17345060e+00  5.70000000e-02  2.07214555e+00  5.70000000e-02  1.84493467e+00  5.70000000e-02  1.74542139e+00  5.70000000e-02 -2.64400688e-03 
 5.72000000e-02  2.17385642e+00  5.72000000e-02  2.07173427e+00  5.72000000e-02  1.84533353e+00  5.72000000e-02  1.74501769e+00  5.72000000e-02 -2.64402587e-03 
 5.74000000e-02  2.17433433e+00  5.74000000e-02  2.07125001e+00  5.74000000e-02  1.84580317e+00  5.74000000e-02  1.74454223e+00  5.74000000e-02 -2.64404794e-03 
 5.76000000e-02  2.17476895e+00  5.76000000e-02  2.07080956e+00  5.76000000e-02  1.84623040e+00  5.76000000e-02  1.74410983e+00  5.76000000e-02 -2.64406814e-03 
 5.78000000e-02  2.17517319e+00  5.78000000e-02  2.07039988e+00  5.78000000e-02  1.84662775e+00  5.78000000e-02  1.74370760e+00  5.78000000e-02 -2.64408708e-03 
 5.80000000e-02  2.17564886e+00  5.80000000e-02  2.06991787e+00  5.80000000e-02  1.84709521e+00  5.80000000e-02  1.74323440e+00  5.80000000e-02 -2.64410909e-03 
 5.82000000e-02  2.17608160e+00  5.82000000e-02  2.06947932e+00  5.82000000e-02  1.84752061e+00  5.82000000e-02  1.74280388e+00  5.82000000e-02 -2.64412923e-03 
 5.84000000e-02  2.17648424e+00  5.84000000e-02  2.06907124e+00  5.84000000e-02  1.84791635e+00  5.84000000e-02  1.74240344e+00  5.84000000e-02 -2.64414813e-03 
 5.86000000e-02  2.17695765e+00  5.86000000e-02  2.06859152e+00  5.86000000e-02  1.84838175e+00  5.86000000e-02  1.74193233e+00  5.86000000e-02 -2.64417007e-03 
 5.88000000e-02  2.17738850e+00  5.88000000e-02  2.06815488e+00  5.88000000e-02  1.84880518e+00  5.88000000e-02  1.74150375e+00  5.88000000e-02 -2.64419015e-03 
 5.90000000e-02  2.17778952e+00  5.90000000e-02  2.06774843e+00  5.90000000e-02  1.84919929e+00  5.90000000e-02  1.74110483e+00  5.90000000e-02 -2.64420901e-03 
 5.92000000e-02  2.17826064e+00  5.92000000e-02  2.06727101e+00  5.92000000e-02  1.84966240e+00  5.92000000e-02  1.74063605e+00  5.92000000e-02 -2.64423087e-03 
 5.94000000e-02  2.17868958e+00  5.94000000e-02  2.06683631e+00  5.94000000e-02  1.85008404e+00  5.94000000e-02  1.74020934e+00  5.94000000e-02 -2.64425090e-03 
 5.96000000e-02  2.17908897e+00  5.96000000e-02  2.06643150e+00  5.96000000e-02  1.85047656e+00  5.96000000e-02  1.73981192e+00  5.96000000e-02 -2.64426971e-03 
 5.98000000e-02  2.17955778e+00  5.98000000e-02  2.06595640e+00  5.98000000e-02  1.85093732e+00  5.98000000e-02  1.73934555e+00  5.98000000e-02 -2.64429150e-03 
 6.00000000e-02  2.17998478e+00  6.00000000e-02  2.06552365e+00  6.00000000e-02  1.85135703e+00  6.00000000e-02  1.73892076e+00  6.00000000e-02 -2.64431147e-03 
