 time            v(vref)         v(isense)       v(gate)         v(vdd)          v(vdda)         v(osc_clk)      v(cmp_clk)     
 0.00000000e+00  1.03930323e+00  9.98436852e-01  1.24579663e-10  1.19990184e+00  3.29948205e+00  0.00000000e+00  0.00000000e+00 
 1.00000000e-10  1.03930323e+00  9.98436852e-01  1.24579663e-10  1.19990184e+00  3.29948205e+00  0.00000000e+00  0.00000000e+00 
 2.00000000e-10  1.03930323e+00  9.98436852e-01  1.24579663e-10  1.19990184e+00  3.29948205e+00  0.00000000e+00  0.00000000e+00 
 4.00000000e-10  1.03930323e+00  9.98436852e-01  1.24579663e-10  1.19990184e+00  3.29948205e+00  0.00000000e+00  0.00000000e+00 
 8.00000000e-10  1.03930323e+00  9.98436852e-01  1.24579663e-10  1.19990184e+00  3.29948205e+00  0.00000000e+00  0.00000000e+00 
 1.00000000e-09  1.03930323e+00  9.98436852e-01  1.24579663e-10  1.19990184e+00  3.29948205e+00  0.00000000e+00  0.00000000e+00 
 1.00154871e-09  1.03930339e+00  9.98436856e-01  1.24579663e-10  1.19990192e+00  3.29948207e+00  0.00000000e+00  0.00000000e+00 
 1.00464614e-09  1.03930361e+00  9.98436864e-01  1.24579695e-10  1.19990209e+00  3.29948211e+00  0.00000000e+00  0.00000000e+00 
 1.01084100e-09  1.03930371e+00  9.98436878e-01  1.24579760e-10  1.19990250e+00  3.29948219e+00  0.00000000e+00  0.00000000e+00 
 1.02323071e-09  1.03930391e+00  9.98436904e-01  1.24579856e-10  1.19990344e+00  3.29948233e+00  0.00000000e+00  0.00000000e+00 
 1.04801012e-09  1.03930428e+00  9.98436961e-01  1.24579951e-10  1.19990547e+00  3.29948265e+00  0.00000000e+00  0.00000000e+00 
 1.09756896e-09  1.03930493e+00  9.98437103e-01  1.24580007e-10  1.19990928e+00  3.29948340e+00  0.00000000e+00  0.00000000e+00 
 1.15312624e-09  1.03930510e+00  9.98437261e-01  1.24579857e-10  1.19991141e+00  3.29948411e+00  0.00000000e+00  0.00000000e+00 
 1.19638864e-09  1.03930221e+00  9.98437120e-01  1.24579567e-10  1.19991074e+00  3.29948310e+00  0.00000000e+00  0.00000000e+00 
 1.25468242e-09  1.03928522e+00  9.98435161e-01  1.24578807e-10  1.19990631e+00  3.29947196e+00  0.00000000e+00  0.00000000e+00 
 1.28681643e-09  1.03926997e+00  9.98432849e-01  1.24578387e-10  1.19990360e+00  3.29945933e+00  0.00000000e+00  0.00000000e+00 
 1.32132963e-09  1.03925193e+00  9.98429406e-01  1.24578181e-10  1.19990295e+00  3.29944133e+00  0.00000000e+00  0.00000000e+00 
 1.35837881e-09  1.03923462e+00  9.98424796e-01  1.24577958e-10  1.19990305e+00  3.29941849e+00  0.00000000e+00  0.00000000e+00 
 1.39817839e-09  1.03922170e+00  9.98418969e-01  1.24577699e-10  1.19990288e+00  3.29939139e+00  0.00000000e+00  0.00000000e+00 
 1.44154190e-09  1.03921714e+00  9.98411425e-01  1.24577410e-10  1.19990283e+00  3.29935813e+00  0.00000000e+00  0.00000000e+00 
 1.52826892e-09  1.03923613e+00  9.98391310e-01  1.24576762e-10  1.19990276e+00  3.29927669e+00  0.00000000e+00  0.00000000e+00 
 1.56734391e-09  1.03925767e+00  9.98379782e-01  1.24576439e-10  1.19990282e+00  3.29923319e+00  0.00000000e+00  0.00000000e+00 
 1.61359963e-09  1.03929282e+00  9.98363874e-01  1.24576051e-10  1.19990290e+00  3.29917655e+00  0.00000000e+00  0.00000000e+00 
 1.64880970e-09  1.03932746e+00  9.98350046e-01  1.24575724e-10  1.19990275e+00  3.29912989e+00  0.00000000e+00  0.00000000e+00 
 1.68889970e-09  1.03937487e+00  9.98332389e-01  1.24575308e-10  1.19990155e+00  3.29907330e+00  0.00000000e+00  0.00000000e+00 
 1.72920479e-09  1.03943289e+00  9.98312514e-01  1.24575175e-10  1.19989987e+00  3.29901286e+00  0.00000000e+00  0.00000000e+00 
 1.75195885e-09  1.03947062e+00  9.98300328e-01  1.24575224e-10  1.19989950e+00  3.29897725e+00  0.00000000e+00  0.00000000e+00 
 1.78048677e-09  1.03952452e+00  9.98284044e-01  1.24575043e-10  1.19990002e+00  3.29893112e+00  0.00000000e+00  0.00000000e+00 
 1.80978971e-09  1.03958881e+00  9.98266133e-01  1.24574819e-10  1.19990136e+00  3.29888206e+00  0.00000000e+00  0.00000000e+00 
 1.84292830e-09  1.03967593e+00  9.98244418e-01  1.24574717e-10  1.19990332e+00  3.29882461e+00  0.00000000e+00  0.00000000e+00 
 1.87849245e-09  1.03979213e+00  9.98219393e-01  1.24574557e-10  1.19990553e+00  3.29876078e+00  0.00000000e+00  0.00000000e+00 
 1.93048928e-09  1.04002292e+00  9.98179595e-01  1.24574294e-10  1.19990863e+00  3.29866370e+00  0.00000000e+00  0.00000000e+00 
 2.00218421e-09  1.04049090e+00  9.98117260e-01  1.24573770e-10  1.19991248e+00  3.29851906e+00  0.00000000e+00  0.00000000e+00 
 2.07304169e-09  1.04110072e+00  9.98042704e-01  1.24572638e-10  1.19991579e+00  3.29835021e+00  0.00000000e+00  0.00000000e+00 
 2.13338039e-09  1.04167214e+00  9.97964248e-01  1.24571146e-10  1.19991816e+00  3.29817450e+00  0.00000000e+00  0.00000000e+00 
 2.18575614e-09  1.04215615e+00  9.97883911e-01  1.24570168e-10  1.19991961e+00  3.29800530e+00  0.00000000e+00  0.00000000e+00 
 2.22307958e-09  1.04247798e+00  9.97820902e-01  1.24570087e-10  1.19991971e+00  3.29788643e+00  0.00000000e+00  0.00000000e+00 
 2.26537093e-09  1.04280983e+00  9.97745226e-01  1.24570459e-10  1.19991759e+00  3.29776233e+00  0.00000000e+00  0.00000000e+00 
 2.31278396e-09  1.04311234e+00  9.97655688e-01  1.24571577e-10  1.19991411e+00  3.29763881e+00  0.00000000e+00  0.00000000e+00 
 2.35304415e-09  1.04329624e+00  9.97576332e-01  1.24572148e-10  1.19991314e+00  3.29754709e+00  0.00000000e+00  0.00000000e+00 
 2.39373010e-09  1.04340297e+00  9.97493837e-01  1.24573045e-10  1.19991486e+00  3.29746705e+00  0.00000000e+00  0.00000000e+00 
 2.42862051e-09  1.04342839e+00  9.97422021e-01  1.24574553e-10  1.19991813e+00  3.29740949e+00  0.00000000e+00  0.00000000e+00 
 2.46552620e-09  1.04338325e+00  9.97345891e-01  1.24575753e-10  1.19992270e+00  3.29736120e+00  0.00000000e+00  0.00000000e+00 
 2.50399894e-09  1.04326081e+00  9.97267343e-01  1.24576899e-10  1.19992788e+00  3.29732523e+00  0.00000000e+00  0.00000000e+00 
 2.54157725e-09  1.04305946e+00  9.97192090e-01  1.24577944e-10  1.19993290e+00  3.29730352e+00  0.00000000e+00  0.00000000e+00 
 2.57818876e-09  1.04278544e+00  9.97120730e-01  1.24578832e-10  1.19993757e+00  3.29729341e+00  0.00000000e+00  0.00000000e+00 
 2.62535930e-09  1.04232236e+00  9.97032454e-01  1.24579783e-10  1.19994317e+00  3.29729282e+00  0.00000000e+00  0.00000000e+00 
 2.67164498e-09  1.04177143e+00  9.96950887e-01  1.24580458e-10  1.19994821e+00  3.29730226e+00  0.00000000e+00  0.00000000e+00 
 2.73440310e-09  1.04090137e+00  9.96850001e-01  1.24581038e-10  1.19995435e+00  3.29732526e+00  0.00000000e+00  0.00000000e+00 
 2.79153866e-09  1.04003114e+00  9.96769543e-01  1.24581329e-10  1.19995932e+00  3.29735317e+00  0.00000000e+00  0.00000000e+00 
 2.85759046e-09  1.03902840e+00  9.96692718e-01  1.24581616e-10  1.19996440e+00  3.29739169e+00  0.00000000e+00  0.00000000e+00 
 2.91789304e-09  1.03819244e+00  9.96639316e-01  1.24581847e-10  1.19996848e+00  3.29743249e+00  0.00000000e+00  0.00000000e+00 
 2.99760497e-09  1.03726295e+00  9.96593468e-01  1.24582140e-10  1.19997318e+00  3.29749410e+00  0.00000000e+00  0.00000000e+00 
 3.06822159e-09  1.03662652e+00  9.96575230e-01  1.24582336e-10  1.19997675e+00  3.29755492e+00  0.00000000e+00  0.00000000e+00 
 3.14475284e-09  1.03613958e+00  9.96576974e-01  1.24582564e-10  1.19998009e+00  3.29762639e+00  0.00000000e+00  0.00000000e+00 
 3.21510686e-09  1.03585536e+00  9.96595885e-01  1.24582728e-10  1.19998274e+00  3.29769686e+00  0.00000000e+00  0.00000000e+00 
 3.30286957e-09  1.03566567e+00  9.96638814e-01  1.24582947e-10  1.19998556e+00  3.29779072e+00  0.00000000e+00  0.00000000e+00 
 3.38050079e-09  1.03562256e+00  9.96691879e-01  1.24583092e-10  1.19998768e+00  3.29787824e+00  0.00000000e+00  0.00000000e+00 
 3.46923385e-09  1.03570031e+00  9.96766478e-01  1.24583161e-10  1.19998974e+00  3.29798118e+00  0.00000000e+00  0.00000000e+00 
 3.54953396e-09  1.03585998e+00  9.96843773e-01  1.24583172e-10  1.19999130e+00  3.29807483e+00  0.00000000e+00  0.00000000e+00 
 3.64298410e-09  1.03610750e+00  9.96941464e-01  1.24583075e-10  1.19999284e+00  3.29818177e+00  0.00000000e+00  0.00000000e+00 
 3.74781387e-09  1.03643245e+00  9.97056911e-01  1.24582920e-10  1.19999425e+00  3.29829652e+00  0.00000000e+00  0.00000000e+00 
 3.85326362e-09  1.03677082e+00  9.97175321e-01  1.24582700e-10  1.19999540e+00  3.29840451e+00  0.00000000e+00  0.00000000e+00 
 3.97491607e-09  1.03709519e+00  9.97310094e-01  1.24582393e-10  1.19999646e+00  3.29851842e+00  0.00000000e+00  0.00000000e+00 
 4.08787832e-09  1.03729909e+00  9.97431231e-01  1.24582105e-10  1.19999723e+00  3.29861351e+00  0.00000000e+00  0.00000000e+00 
 4.21673699e-09  1.03743332e+00  9.97563848e-01  1.24581817e-10  1.19999792e+00  3.29870968e+00  0.00000000e+00  0.00000000e+00 
 4.36811409e-09  1.03750273e+00  9.97711832e-01  1.24581506e-10  1.19999853e+00  3.29880736e+00  0.00000000e+00  0.00000000e+00 
 4.51246253e-09  1.03751874e+00  9.97844852e-01  1.24581218e-10  1.19999895e+00  3.29888694e+00  0.00000000e+00  0.00000000e+00 
 4.67342780e-09  1.03750056e+00  9.97983341e-01  1.24580964e-10  1.19999930e+00  3.29896219e+00  0.00000000e+00  0.00000000e+00 
 4.83293201e-09  1.03744793e+00  9.98109969e-01  1.24580741e-10  1.19999954e+00  3.29902442e+00  0.00000000e+00  0.00000000e+00 
 4.98087582e-09  1.03737138e+00  9.98218158e-01  1.24580583e-10  1.19999969e+00  3.29907255e+00  0.00000000e+00  0.00000000e+00 
 5.11900120e-09  1.03728627e+00  9.98311650e-01  1.24580424e-10  1.19999980e+00  3.29911026e+00  0.00000000e+00  0.00000000e+00 
 5.28494075e-09  1.03721201e+00  9.98415367e-01  1.24580299e-10  1.19999989e+00  3.29914790e+00  0.00000000e+00  0.00000000e+00 
 5.47170462e-09  1.03727279e+00  9.98521268e-01  1.24580169e-10  1.19999995e+00  3.29918245e+00  0.00000000e+00  0.00000000e+00 
 5.70032792e-09  1.03748060e+00  9.98630587e-01  1.24580075e-10  1.19999998e+00  3.29921735e+00  0.00000000e+00  0.00000000e+00 
 5.96890673e-09  1.03769729e+00  9.98726710e-01  1.24580026e-10  1.20000001e+00  3.29925227e+00  0.00000000e+00  0.00000000e+00 
 6.16188649e-09  1.03787543e+00  9.98776822e-01  1.24580014e-10  1.20000001e+00  3.29927483e+00  0.00000000e+00  0.00000000e+00 
 6.37803645e-09  1.03816525e+00  9.98816132e-01  1.24579988e-10  1.20000001e+00  3.29929887e+00  0.00000000e+00  0.00000000e+00 
 6.66119984e-09  1.03866884e+00  9.98839528e-01  1.24579988e-10  1.20000001e+00  3.29932963e+00  0.00000000e+00  0.00000000e+00 
 6.78831454e-09  1.03891736e+00  9.98839197e-01  1.24579986e-10  1.20000002e+00  3.29934306e+00  0.00000000e+00  0.00000000e+00 
 6.93194173e-09  1.03918603e+00  9.98830696e-01  1.24579953e-10  1.20000002e+00  3.29935759e+00  0.00000000e+00  0.00000000e+00 
 7.12028097e-09  1.03949930e+00  9.98807755e-01  1.24579922e-10  1.20000002e+00  3.29937518e+00  0.00000000e+00  0.00000000e+00 
 7.32643192e-09  1.03977878e+00  9.98769995e-01  1.24579891e-10  1.20000002e+00  3.29939217e+00  0.00000000e+00  0.00000000e+00 
 7.57678311e-09  1.04003077e+00  9.98711962e-01  1.24579860e-10  1.20000003e+00  3.29940941e+00  0.00000000e+00  0.00000000e+00 
 7.84895319e-09  1.04021408e+00  9.98641100e-01  1.24579828e-10  1.20000003e+00  3.29942419e+00  0.00000000e+00  0.00000000e+00 
 8.21310190e-09  1.04035861e+00  9.98546063e-01  1.24579765e-10  1.20000004e+00  3.29943855e+00  0.00000000e+00  0.00000000e+00 
 8.63077775e-09  1.04044019e+00  9.98449297e-01  1.24579733e-10  1.20000004e+00  3.29944930e+00  0.00000000e+00  0.00000000e+00 
 9.25708154e-09  1.04048720e+00  9.98342899e-01  1.24579701e-10  1.20000005e+00  3.29945830e+00  0.00000000e+00  0.00000000e+00 
 9.88385482e-09  1.04049047e+00  9.98282296e-01  1.24579669e-10  1.20000005e+00  3.29946249e+00  0.00000000e+00  0.00000000e+00 
 1.06835274e-08  1.04045088e+00  9.98254228e-01  1.24579669e-10  1.20000004e+00  3.29946483e+00  0.00000000e+00  0.00000000e+00 
 1.15523350e-08  1.04034916e+00  9.98262705e-01  1.24579669e-10  1.20000004e+00  3.29946589e+00  0.00000000e+00  0.00000000e+00 
 1.27699945e-08  1.04012249e+00  9.98309871e-01  1.24579669e-10  1.20000004e+00  3.29946680e+00  0.00000000e+00  0.00000000e+00 
 1.42700519e-08  1.03978666e+00  9.98393715e-01  1.24579674e-10  1.20000003e+00  3.29946810e+00  0.00000000e+00  0.00000000e+00 
 1.65824634e-08  1.03934930e+00  9.98503619e-01  1.24579669e-10  1.20000002e+00  3.29947058e+00  0.00000000e+00  0.00000000e+00 
 1.99204157e-08  1.03904666e+00  9.98521132e-01  1.24579669e-10  1.20000001e+00  3.29947399e+00  0.00000000e+00  0.00000000e+00 
 2.49204157e-08  1.03910235e+00  9.98305303e-01  1.24579669e-10  1.20000000e+00  3.29947688e+00  0.00000000e+00  0.00000000e+00 
 2.99204157e-08  1.03930348e+00  9.98011586e-01  1.24579669e-10  1.19999999e+00  3.29947787e+00  0.00000000e+00  0.00000000e+00 
 3.49204157e-08  1.03936538e+00  9.97765697e-01  1.24579669e-10  1.19999999e+00  3.29947872e+00  0.00000000e+00  0.00000000e+00 
 3.99204157e-08  1.03931282e+00  9.97552018e-01  1.24579669e-10  1.19999998e+00  3.29947976e+00  0.00000000e+00  0.00000000e+00 
 4.49204157e-08  1.03927566e+00  9.97432862e-01  1.24579669e-10  1.19999998e+00  3.29948049e+00  0.00000000e+00  0.00000000e+00 
 4.99204157e-08  1.03928584e+00  9.97476617e-01  1.24579672e-10  1.19999998e+00  3.29948076e+00  0.00000000e+00  0.00000000e+00 
 5.49204157e-08  1.03930105e+00  9.97627899e-01  1.24579665e-10  1.19999998e+00  3.29948092e+00  0.00000000e+00  0.00000000e+00 
 5.99204157e-08  1.03930575e+00  9.97797404e-01  1.24579672e-10  1.19999998e+00  3.29948116e+00  0.00000000e+00  0.00000000e+00 
 6.49204157e-08  1.03930135e+00  9.97938412e-01  1.24579665e-10  1.19999998e+00  3.29948140e+00  0.00000000e+00  0.00000000e+00 
 6.99204157e-08  1.03930084e+00  9.98069124e-01  1.24579672e-10  1.19999998e+00  3.29948154e+00  0.00000000e+00  0.00000000e+00 
 7.49204157e-08  1.03930125e+00  9.98207608e-01  1.24579665e-10  1.19999999e+00  3.29948159e+00  0.00000000e+00  0.00000000e+00 
 7.99204157e-08  1.03930269e+00  9.98345141e-01  1.24579672e-10  1.19999999e+00  3.29948165e+00  0.00000000e+00  0.00000000e+00 
 8.49204157e-08  1.03930231e+00  9.98462827e-01  1.24579665e-10  1.19999999e+00  3.29948172e+00  0.00000000e+00  0.00000000e+00 
 8.99204157e-08  1.03930282e+00  9.98556079e-01  1.24579672e-10  1.19999999e+00  3.29948178e+00  0.00000000e+00  0.00000000e+00 
 9.49204157e-08  1.03930268e+00  9.98631202e-01  1.24579664e-10  1.19999999e+00  3.29948182e+00  0.00000000e+00  0.00000000e+00 
 9.74602079e-08  1.03930305e+00  9.98664582e-01  1.24579671e-10  1.19999999e+00  3.29948183e+00  0.00000000e+00  0.00000000e+00 
 1.00000000e-07  1.03930285e+00  9.98695043e-01  1.24579664e-10  1.19999999e+00  3.29948184e+00  0.00000000e+00  0.00000000e+00 
 1.00100000e-07  1.03930287e+00  9.98696179e-01  1.24579670e-10  1.19999999e+00  3.29948185e+00  4.53016291e-12  0.00000000e+00 
 1.00300000e-07  1.03930291e+00  9.98698438e-01  1.24579668e-10  1.19999999e+00  3.29948185e+00  1.59172840e-11  0.00000000e+00 
 1.00650000e-07  1.03930294e+00  9.98702337e-01  1.24579668e-10  1.19999999e+00  3.29948185e+00  4.53643380e-11  0.00000000e+00 
 1.01000000e-07  1.03930293e+00  9.98706169e-01  1.24579668e-10  1.19999999e+00  3.29948185e+00  1.03015680e-10  0.00000000e+00 
 1.01070000e-07  1.03930293e+00  9.98706926e-01  1.24579668e-10  1.19999999e+00  3.29948185e+00  1.26264799e-10  0.00000000e+00 
 1.01210000e-07  1.03930293e+00  9.98708435e-01  1.24579668e-10  1.19999999e+00  3.29948185e+00  1.43544685e-10  0.00000000e+00 
 1.01490000e-07  1.03930293e+00  9.98711421e-01  1.24579668e-10  1.19999999e+00  3.29948185e+00  1.83646813e-10  0.00000000e+00 
 1.02050000e-07  1.03930292e+00  9.98717263e-01  1.24579668e-10  1.19999999e+00  3.29948186e+00  2.91186967e-10  0.00000000e+00 
 1.03170000e-07  1.03930291e+00  9.98728410e-01  1.24579668e-10  1.19999999e+00  3.29948186e+00  6.72767814e-10  0.00000000e+00 
 1.05410000e-07  1.03930290e+00  9.98748527e-01  1.24579668e-10  1.19999999e+00  3.29948187e+00  2.99312159e-09  0.00000000e+00 
 1.09890000e-07  1.03930294e+00  9.98780394e-01  1.24579668e-10  1.19999999e+00  3.29948190e+00  4.32520716e-08  0.00000000e+00 
 1.14890000e-07  1.03930303e+00  9.98804336e-01  1.24579668e-10  1.19999999e+00  3.29948192e+00  7.31250636e-05  0.00000000e+00 
 1.19385630e-07  1.03930309e+00  9.98817335e-01  1.24579668e-10  1.19999999e+00  3.29948194e+00  5.45061776e-03  0.00000000e+00 
 1.21221849e-07  1.03930309e+00  9.98820675e-01  1.24579667e-10  1.19999999e+00  3.29948194e+00  3.10874598e-02  0.00000000e+00 
 1.22166600e-07  1.03930310e+00  9.98821991e-01  1.24579667e-10  1.19999999e+00  3.29948194e+00  7.41596842e-02  0.00000000e+00 
 1.22840677e-07  1.03930309e+00  9.98822767e-01  1.24579667e-10  1.19999999e+00  3.29948195e+00  1.34104674e-01  0.00000000e+00 
 1.23572588e-07  1.03930309e+00  9.98823460e-01  1.24579667e-10  1.19999999e+00  3.29948195e+00  2.43082718e-01  0.00000000e+00 
 1.24340696e-07  1.03930309e+00  9.98824021e-01  1.24579667e-10  1.19999999e+00  3.29948195e+00  4.16215134e-01  0.00000000e+00 
 1.25236170e-07  1.03930309e+00  9.98824465e-01  1.24579667e-10  1.19999999e+00  3.29948195e+00  6.67727125e-01  0.00000000e+00 
 1.25986281e-07  1.03930309e+00  9.98824665e-01  1.24579667e-10  1.19999999e+00  3.29948196e+00  8.64572708e-01  0.00000000e+00 
 1.26851903e-07  1.03930309e+00  9.98824706e-01  1.24579667e-10  1.19999999e+00  3.29948196e+00  1.02651395e+00  0.00000000e+00 
 1.27856364e-07  1.03930309e+00  9.98824505e-01  1.24579667e-10  1.19999999e+00  3.29948196e+00  1.12735942e+00  0.00000000e+00 
 1.28946129e-07  1.03930309e+00  9.98823995e-01  1.24579667e-10  1.19999999e+00  3.29948196e+00  1.17343988e+00  0.00000000e+00 
 1.30379934e-07  1.03930310e+00  9.98822881e-01  1.24579667e-10  1.19999999e+00  3.29948197e+00  1.19318149e+00  0.00000000e+00 
 1.31843437e-07  1.03930310e+00  9.98821253e-01  1.24579667e-10  1.19999999e+00  3.29948197e+00  1.19831969e+00  0.00000000e+00 
 1.34090379e-07  1.03930311e+00  9.98817865e-01  1.24579667e-10  1.19999999e+00  3.29948198e+00  1.19980541e+00  0.00000000e+00 
 1.37538482e-07  1.03930313e+00  9.98810821e-01  1.24579667e-10  1.19999999e+00  3.29948199e+00  1.19999289e+00  0.00000000e+00 
 1.42538482e-07  1.03930315e+00  9.98797341e-01  1.24579667e-10  1.19999999e+00  3.29948200e+00  1.19999994e+00  0.00000000e+00 
 1.47538482e-07  1.03930316e+00  9.98780822e-01  1.24579667e-10  1.19999999e+00  3.29948201e+00  1.20000022e+00  0.00000000e+00 
 1.51565541e-07  1.03930316e+00  9.98765855e-01  1.24579667e-10  1.19999999e+00  3.29948201e+00  1.20000000e+00  0.00000000e+00 
 1.55592600e-07  1.03930317e+00  9.98749824e-01  1.24579667e-10  1.19999999e+00  3.29948202e+00  1.20000000e+00  0.00000000e+00 
 1.55675141e-07  1.03930317e+00  9.98749486e-01  1.24579667e-10  1.19999999e+00  3.29948202e+00  1.10095058e+00  0.00000000e+00 
 1.55840224e-07  1.03930317e+00  9.98748810e-01  1.24579667e-10  1.19999999e+00  3.29948202e+00  9.02851745e-01  0.00000000e+00 
 1.56170388e-07  1.03930317e+00  9.98747453e-01  1.24579667e-10  1.19999999e+00  3.29948202e+00  5.06654072e-01  0.00000000e+00 
 1.56592600e-07  1.03930317e+00  9.98745712e-01  1.24579667e-10  1.19999999e+00  3.29948202e+00  0.00000000e+00  0.00000000e+00 
 1.56593832e-07  1.03930317e+00  9.98745707e-01  1.24579667e-10  1.19999999e+00  3.29948202e+00  0.00000000e+00  0.00000000e+00 
 1.56596297e-07  1.03930317e+00  9.98745697e-01  1.24579667e-10  1.19999999e+00  3.29948202e+00  0.00000000e+00  0.00000000e+00 
 1.56601226e-07  1.03930317e+00  9.98745676e-01  1.24579667e-10  1.19999999e+00  3.29948202e+00  0.00000000e+00  0.00000000e+00 
 1.56611085e-07  1.03930317e+00  9.98745636e-01  1.24579667e-10  1.19999999e+00  3.29948202e+00  0.00000000e+00  0.00000000e+00 
 1.56630802e-07  1.03930317e+00  9.98745554e-01  1.24579667e-10  1.19999999e+00  3.29948202e+00  0.00000000e+00  0.00000000e+00 
 1.56670237e-07  1.03930317e+00  9.98745391e-01  1.24579667e-10  1.19999999e+00  3.29948202e+00  0.00000000e+00  0.00000000e+00 
 1.56749105e-07  1.03930317e+00  9.98745065e-01  1.24579667e-10  1.19999999e+00  3.29948202e+00  0.00000000e+00  0.00000000e+00 
 1.56906843e-07  1.03930317e+00  9.98744411e-01  1.24579667e-10  1.19999999e+00  3.29948202e+00  0.00000000e+00  0.00000000e+00 
 1.57222319e-07  1.03930317e+00  9.98743102e-01  1.24579667e-10  1.19999999e+00  3.29948202e+00  0.00000000e+00  0.00000000e+00 
 1.57853269e-07  1.03930317e+00  9.98740472e-01  1.24579667e-10  1.19999999e+00  3.29948202e+00  0.00000000e+00  0.00000000e+00 
 1.59115171e-07  1.03930317e+00  9.98735174e-01  1.24579667e-10  1.19999999e+00  3.29948202e+00  0.00000000e+00  0.00000000e+00 
 1.61638975e-07  1.03930318e+00  9.98724458e-01  1.24579667e-10  1.19999999e+00  3.29948203e+00  0.00000000e+00  0.00000000e+00 
 1.66638975e-07  1.03930319e+00  9.98702977e-01  1.24579667e-10  1.19999999e+00  3.29948203e+00  0.00000000e+00  0.00000000e+00 
 1.71638975e-07  1.03930319e+00  9.98681478e-01  1.24579667e-10  1.19999999e+00  3.29948204e+00  0.00000000e+00  0.00000000e+00 
 1.76638975e-07  1.03930320e+00  9.98660314e-01  1.24579667e-10  1.19999999e+00  3.29948204e+00  0.00000000e+00  0.00000000e+00 
 1.81638975e-07  1.03930320e+00  9.98639763e-01  1.24579667e-10  1.19999999e+00  3.29948204e+00  0.00000000e+00  0.00000000e+00 
 1.86638975e-07  1.03930321e+00  9.98620043e-01  1.24579667e-10  1.19999999e+00  3.29948205e+00  0.00000000e+00  0.00000000e+00 
 1.91638975e-07  1.03930321e+00  9.98601313e-01  1.24579667e-10  1.19999999e+00  3.29948205e+00  0.00000000e+00  0.00000000e+00 
 1.96638975e-07  1.03930322e+00  9.98583686e-01  1.24579666e-10  1.19999999e+00  3.29948205e+00  0.00000000e+00  0.00000000e+00 
 2.01638975e-07  1.03930322e+00  9.98567233e-01  1.24579666e-10  1.19999999e+00  3.29948205e+00  0.00000000e+00  0.00000000e+00 
 2.06638975e-07  1.03930322e+00  9.98551990e-01  1.24579666e-10  1.19999999e+00  3.29948206e+00  0.00000000e+00  0.00000000e+00 
 2.11185000e-07  1.03930323e+00  9.98539189e-01  1.24579666e-10  1.19999999e+00  3.29948206e+00  0.00000000e+00  0.00000000e+00 
 2.11194300e-07  1.03930323e+00  9.98539164e-01  1.24579666e-10  1.19999999e+00  3.29948206e+00  1.11597526e-02  0.00000000e+00 
 2.11212899e-07  1.03930323e+00  9.98539114e-01  1.24579666e-10  1.19999999e+00  3.29948206e+00  3.34792579e-02  0.00000000e+00 
 2.11250099e-07  1.03930323e+00  9.98539013e-01  1.24579666e-10  1.19999999e+00  3.29948206e+00  7.81182685e-02  0.00000000e+00 
 2.11324497e-07  1.03930323e+00  9.98538812e-01  1.24579666e-10  1.19999999e+00  3.29948206e+00  1.67396290e-01  0.00000000e+00 
 2.11473294e-07  1.03930323e+00  9.98538411e-01  1.24579666e-10  1.19999999e+00  3.29948206e+00  3.45952332e-01  0.00000000e+00 
 2.11770887e-07  1.03930323e+00  9.98537613e-01  1.24579666e-10  1.19999999e+00  3.29948206e+00  7.03064417e-01  0.00000000e+00 
 2.12185000e-07  1.03930323e+00  9.98536509e-01  1.24579666e-10  1.19999999e+00  3.29948206e+00  1.20000000e+00  0.00000000e+00 
 2.12200915e-07  1.03930323e+00  9.98536466e-01  1.24579666e-10  1.19999999e+00  3.29948206e+00  1.20000000e+00  0.00000000e+00 
 2.12232746e-07  1.03930323e+00  9.98536382e-01  1.24579666e-10  1.19999999e+00  3.29948206e+00  1.20000000e+00  0.00000000e+00 
 2.12296408e-07  1.03930323e+00  9.98536213e-01  1.24579666e-10  1.19999999e+00  3.29948206e+00  1.20000000e+00  0.00000000e+00 
 2.12423731e-07  1.03930323e+00  9.98535876e-01  1.24579666e-10  1.19999999e+00  3.29948206e+00  1.20000000e+00  0.00000000e+00 
 2.12678377e-07  1.03930323e+00  9.98535204e-01  1.24579666e-10  1.19999999e+00  3.29948206e+00  1.20000000e+00  0.00000000e+00 
 2.13187670e-07  1.03930323e+00  9.98533869e-01  1.24579666e-10  1.19999999e+00  3.29948206e+00  1.20000000e+00  0.00000000e+00 
 2.14206255e-07  1.03930323e+00  9.98531238e-01  1.24579666e-10  1.19999999e+00  3.29948206e+00  1.20000000e+00  0.00000000e+00 
 2.16243426e-07  1.03930323e+00  9.98526122e-01  1.24579666e-10  1.19999999e+00  3.29948206e+00  1.20000000e+00  0.00000000e+00 
 2.20317767e-07  1.03930323e+00  9.98516476e-01  1.24579666e-10  1.19999999e+00  3.29948206e+00  1.20000000e+00  0.00000000e+00 
 2.25317767e-07  1.03930323e+00  9.98505671e-01  1.24579666e-10  1.19999999e+00  3.29948206e+00  1.20000000e+00  0.00000000e+00 
 2.30317767e-07  1.03930323e+00  9.98495957e-01  1.24579666e-10  1.19999999e+00  3.29948206e+00  1.20000000e+00  0.00000000e+00 
 2.35317767e-07  1.03930323e+00  9.98487274e-01  1.24579666e-10  1.19999999e+00  3.29948206e+00  1.20000000e+00  0.00000000e+00 
 2.40317767e-07  1.03930324e+00  9.98479555e-01  1.24579666e-10  1.19999999e+00  3.29948206e+00  1.20000000e+00  0.00000000e+00 
 2.45317767e-07  1.03930324e+00  9.98472732e-01  1.24579666e-10  1.19999999e+00  3.29948206e+00  1.20000000e+00  0.00000000e+00 
 2.50317767e-07  1.03930324e+00  9.98466735e-01  1.24579666e-10  1.19999999e+00  3.29948206e+00  1.20000000e+00  0.00000000e+00 
 2.55317767e-07  1.03930324e+00  9.98461495e-01  1.24579666e-10  1.19999999e+00  3.29948206e+00  1.20000000e+00  0.00000000e+00 
 2.60317767e-07  1.03930324e+00  9.98456943e-01  1.24579666e-10  1.19999999e+00  3.29948206e+00  1.20000000e+00  0.00000000e+00 
 2.63547684e-07  1.03930324e+00  9.98454340e-01  1.24579666e-10  1.19999999e+00  3.29948206e+00  1.20000000e+00  0.00000000e+00 
 2.66777600e-07  1.03930324e+00  9.98451978e-01  1.24579666e-10  1.19999999e+00  3.29948206e+00  1.20000000e+00  0.00000000e+00 
 2.66844198e-07  1.03930324e+00  9.98451932e-01  1.24579666e-10  1.19999999e+00  3.29948206e+00  1.12008200e+00  0.00000000e+00 
 2.66977395e-07  1.03930324e+00  9.98451840e-01  1.24579666e-10  1.19999999e+00  3.29948206e+00  9.60246012e-01  0.00000000e+00 
 2.67243788e-07  1.03930324e+00  9.98451657e-01  1.24579666e-10  1.19999999e+00  3.29948206e+00  6.40574029e-01  0.00000000e+00 
 2.67510694e-07  1.03930324e+00  9.98451475e-01  1.24579666e-10  1.19999999e+00  3.29948206e+00  3.20287014e-01  0.00000000e+00 
 2.67777600e-07  1.03930324e+00  9.98451294e-01  1.24579666e-10  1.19999999e+00  3.29948206e+00  0.00000000e+00  0.00000000e+00 
 2.67778600e-07  1.03930324e+00  9.98451294e-01  1.24579666e-10  1.19999999e+00  3.29948206e+00  0.00000000e+00  0.00000000e+00 
 2.67780600e-07  1.03930324e+00  9.98451292e-01  1.24579666e-10  1.19999999e+00  3.29948206e+00  0.00000000e+00  0.00000000e+00 
 2.67784600e-07  1.03930324e+00  9.98451290e-01  1.24579666e-10  1.19999999e+00  3.29948206e+00  0.00000000e+00  0.00000000e+00 
 2.67792600e-07  1.03930324e+00  9.98451284e-01  1.24579666e-10  1.19999999e+00  3.29948206e+00  0.00000000e+00  0.00000000e+00 
 2.67808600e-07  1.03930324e+00  9.98451273e-01  1.24579666e-10  1.19999999e+00  3.29948206e+00  0.00000000e+00  0.00000000e+00 
 2.67840600e-07  1.03930324e+00  9.98451252e-01  1.24579666e-10  1.19999999e+00  3.29948206e+00  0.00000000e+00  0.00000000e+00 
 2.67904600e-07  1.03930324e+00  9.98451209e-01  1.24579666e-10  1.19999999e+00  3.29948206e+00  0.00000000e+00  0.00000000e+00 
 2.68032600e-07  1.03930324e+00  9.98451123e-01  1.24579666e-10  1.19999999e+00  3.29948206e+00  0.00000000e+00  0.00000000e+00 
 2.68288600e-07  1.03930324e+00  9.98450953e-01  1.24579666e-10  1.19999999e+00  3.29948206e+00  0.00000000e+00  0.00000000e+00 
 2.68800600e-07  1.03930324e+00  9.98450616e-01  1.24579666e-10  1.19999999e+00  3.29948206e+00  0.00000000e+00  0.00000000e+00 
 2.69824600e-07  1.03930324e+00  9.98449959e-01  1.24579666e-10  1.19999999e+00  3.29948206e+00  0.00000000e+00  0.00000000e+00 
 2.71872600e-07  1.03930324e+00  9.98448708e-01  1.24579666e-10  1.19999999e+00  3.29948206e+00  0.00000000e+00  0.00000000e+00 
 2.75968600e-07  1.03930324e+00  9.98446442e-01  1.24579666e-10  1.19999999e+00  3.29948206e+00  0.00000000e+00  0.00000000e+00 
 2.80968600e-07  1.03930324e+00  9.98444068e-01  1.24579666e-10  1.19999999e+00  3.29948206e+00  0.00000000e+00  0.00000000e+00 
 2.85968600e-07  1.03930324e+00  9.98442081e-01  1.24579666e-10  1.19999999e+00  3.29948206e+00  0.00000000e+00  0.00000000e+00 
 2.90968600e-07  1.03930324e+00  9.98440431e-01  1.24579666e-10  1.19999999e+00  3.29948206e+00  0.00000000e+00  0.00000000e+00 
 2.95968600e-07  1.03930324e+00  9.98439077e-01  1.24579666e-10  1.19999999e+00  3.29948206e+00  0.00000000e+00  0.00000000e+00 
 3.00968600e-07  1.03930324e+00  9.98437979e-01  1.24579665e-10  1.19999999e+00  3.29948206e+00  0.00000000e+00  0.00000000e+00 
 3.05968600e-07  1.03930324e+00  9.98437101e-01  1.24579665e-10  1.20000000e+00  3.29948206e+00  0.00000000e+00  0.00000000e+00 
 3.10968600e-07  1.03930324e+00  9.98436412e-01  1.24579665e-10  1.20000000e+00  3.29948206e+00  0.00000000e+00  0.00000000e+00 
 3.15968600e-07  1.03930324e+00  9.98435883e-01  1.24579665e-10  1.20000000e+00  3.29948206e+00  0.00000000e+00  0.00000000e+00 
 3.19169300e-07  1.03930324e+00  9.98435617e-01  1.24579665e-10  1.20000000e+00  3.29948206e+00  0.00000000e+00  0.00000000e+00 
 3.22370000e-07  1.03930324e+00  9.98435401e-01  1.24579665e-10  1.20000000e+00  3.29948206e+00  0.00000000e+00  0.00000000e+00 
 3.22376607e-07  1.03930324e+00  9.98435400e-01  1.24579665e-10  1.20000000e+00  3.29948206e+00  7.92828140e-03  0.00000000e+00 
 3.22389821e-07  1.03930324e+00  9.98435399e-01  1.24579665e-10  1.20000000e+00  3.29948206e+00  2.37848442e-02  0.00000000e+00 
 3.22416248e-07  1.03930324e+00  9.98435398e-01  1.24579665e-10  1.20000000e+00  3.29948206e+00  5.54979698e-02  0.00000000e+00 
 3.22469104e-07  1.03930324e+00  9.98435395e-01  1.24579665e-10  1.20000000e+00  3.29948206e+00  1.18924221e-01  0.00000000e+00 
 3.22574814e-07  1.03930324e+00  9.98435388e-01  1.24579665e-10  1.20000000e+00  3.29948206e+00  2.45776723e-01  0.00000000e+00 
 3.22786235e-07  1.03930324e+00  9.98435376e-01  1.24579665e-10  1.20000000e+00  3.29948206e+00  4.99481728e-01  0.00000000e+00 
 3.23078117e-07  1.03930324e+00  9.98435359e-01  1.24579665e-10  1.20000000e+00  3.29948206e+00  8.49740864e-01  0.00000000e+00 
 3.23370000e-07  1.03930324e+00  9.98435342e-01  1.24579665e-10  1.20000000e+00  3.29948206e+00  1.20000000e+00  0.00000000e+00 
 3.23382000e-07  1.03930324e+00  9.98435342e-01  1.24579665e-10  1.20000000e+00  3.29948206e+00  1.20000000e+00  0.00000000e+00 
 3.23406000e-07  1.03930324e+00  9.98435340e-01  1.24579665e-10  1.20000000e+00  3.29948206e+00  1.20000000e+00  0.00000000e+00 
 3.23454000e-07  1.03930324e+00  9.98435338e-01  1.24579665e-10  1.20000000e+00  3.29948206e+00  1.20000000e+00  0.00000000e+00 
 3.23550000e-07  1.03930324e+00  9.98435332e-01  1.24579665e-10  1.20000000e+00  3.29948206e+00  1.20000000e+00  0.00000000e+00 
 3.23742000e-07  1.03930324e+00  9.98435322e-01  1.24579665e-10  1.20000000e+00  3.29948206e+00  1.20000000e+00  0.00000000e+00 
 3.24126000e-07  1.03930324e+00  9.98435301e-01  1.24579665e-10  1.20000000e+00  3.29948206e+00  1.20000000e+00  0.00000000e+00 
 3.24894000e-07  1.03930324e+00  9.98435261e-01  1.24579665e-10  1.20000000e+00  3.29948206e+00  1.20000000e+00  0.00000000e+00 
 3.26430000e-07  1.03930324e+00  9.98435189e-01  1.24579665e-10  1.20000000e+00  3.29948206e+00  1.20000000e+00  0.00000000e+00 
 3.29502000e-07  1.03930324e+00  9.98435069e-01  1.24579665e-10  1.20000000e+00  3.29948205e+00  1.20000000e+00  0.00000000e+00 
 3.34502000e-07  1.03930324e+00  9.98434936e-01  1.24579665e-10  1.20000000e+00  3.29948205e+00  1.20000000e+00  0.00000000e+00 
 3.39502000e-07  1.03930324e+00  9.98434869e-01  1.24579665e-10  1.20000000e+00  3.29948205e+00  1.20000000e+00  0.00000000e+00 
 3.44502000e-07  1.03930324e+00  9.98434855e-01  1.24579665e-10  1.20000000e+00  3.29948205e+00  1.20000000e+00  0.00000000e+00 
 3.49502000e-07  1.03930324e+00  9.98434882e-01  1.24579665e-10  1.20000000e+00  3.29948205e+00  1.20000000e+00  0.00000000e+00 
 3.54502000e-07  1.03930324e+00  9.98434941e-01  1.24579665e-10  1.20000000e+00  3.29948205e+00  1.20000000e+00  0.00000000e+00 
 3.59502000e-07  1.03930323e+00  9.98435024e-01  1.24579665e-10  1.20000000e+00  3.29948205e+00  1.20000000e+00  0.00000000e+00 
 3.64502000e-07  1.03930323e+00  9.98435123e-01  1.24579665e-10  1.20000000e+00  3.29948205e+00  1.20000000e+00  0.00000000e+00 
 3.69502000e-07  1.03930323e+00  9.98435233e-01  1.24579665e-10  1.20000000e+00  3.29948205e+00  1.20000000e+00  0.00000000e+00 
 3.73732300e-07  1.03930323e+00  9.98435332e-01  1.24579665e-10  1.20000000e+00  3.29948205e+00  1.20000000e+00  0.00000000e+00 
 3.77962600e-07  1.03930323e+00  9.98435433e-01  1.24579665e-10  1.20000000e+00  3.29948205e+00  1.20000000e+00  0.00000000e+00 
 3.78049206e-07  1.03930323e+00  9.98435435e-01  1.24579665e-10  1.20000000e+00  3.29948205e+00  1.09607280e+00  0.00000000e+00 
 3.78222418e-07  1.03930323e+00  9.98435439e-01  1.24579665e-10  1.20000000e+00  3.29948205e+00  8.88218400e-01  0.00000000e+00 
 3.78568842e-07  1.03930323e+00  9.98435448e-01  1.24579665e-10  1.20000000e+00  3.29948205e+00  4.72509600e-01  0.00000000e+00 
 3.78962600e-07  1.03930323e+00  9.98435457e-01  1.24579665e-10  1.20000000e+00  3.29948205e+00  0.00000000e+00  0.00000000e+00 
 3.78963714e-07  1.03930323e+00  9.98435457e-01  1.24579665e-10  1.20000000e+00  3.29948205e+00  0.00000000e+00  0.00000000e+00 
 3.78965942e-07  1.03930323e+00  9.98435457e-01  1.24579665e-10  1.20000000e+00  3.29948205e+00  0.00000000e+00  0.00000000e+00 
 3.78970397e-07  1.03930323e+00  9.98435457e-01  1.24579665e-10  1.20000000e+00  3.29948205e+00  0.00000000e+00  0.00000000e+00 
 3.78979308e-07  1.03930323e+00  9.98435457e-01  1.24579665e-10  1.20000000e+00  3.29948205e+00  0.00000000e+00  0.00000000e+00 
 3.78997130e-07  1.03930323e+00  9.98435458e-01  1.24579665e-10  1.20000000e+00  3.29948205e+00  0.00000000e+00  0.00000000e+00 
 3.79032773e-07  1.03930323e+00  9.98435459e-01  1.24579665e-10  1.20000000e+00  3.29948205e+00  0.00000000e+00  0.00000000e+00 
 3.79104061e-07  1.03930323e+00  9.98435460e-01  1.24579665e-10  1.20000000e+00  3.29948205e+00  0.00000000e+00  0.00000000e+00 
 3.79246635e-07  1.03930323e+00  9.98435464e-01  1.24579665e-10  1.20000000e+00  3.29948205e+00  0.00000000e+00  0.00000000e+00 
 3.79531784e-07  1.03930323e+00  9.98435471e-01  1.24579665e-10  1.20000000e+00  3.29948205e+00  0.00000000e+00  0.00000000e+00 
 3.80102082e-07  1.03930323e+00  9.98435485e-01  1.24579665e-10  1.20000000e+00  3.29948205e+00  0.00000000e+00  0.00000000e+00 
 3.81242678e-07  1.03930323e+00  9.98435512e-01  1.24579665e-10  1.20000000e+00  3.29948205e+00  0.00000000e+00  0.00000000e+00 
 3.83523870e-07  1.03930323e+00  9.98435567e-01  1.24579665e-10  1.20000000e+00  3.29948205e+00  0.00000000e+00  0.00000000e+00 
 3.88086255e-07  1.03930323e+00  9.98435674e-01  1.24579665e-10  1.20000000e+00  3.29948205e+00  0.00000000e+00  0.00000000e+00 
 3.93086255e-07  1.03930323e+00  9.98435789e-01  1.24579665e-10  1.20000000e+00  3.29948205e+00  0.00000000e+00  0.00000000e+00 
 3.98086255e-07  1.03930323e+00  9.98435898e-01  1.24579665e-10  1.20000000e+00  3.29948205e+00  0.00000000e+00  0.00000000e+00 
 4.03086255e-07  1.03930323e+00  9.98436002e-01  1.24579665e-10  1.20000000e+00  3.29948205e+00  0.00000000e+00  0.00000000e+00 
 4.08086255e-07  1.03930323e+00  9.98436099e-01  1.24579665e-10  1.20000000e+00  3.29948205e+00  0.00000000e+00  0.00000000e+00 
 4.13086255e-07  1.03930323e+00  9.98436188e-01  1.24579665e-10  1.20000000e+00  3.29948205e+00  0.00000000e+00  0.00000000e+00 
 4.18086255e-07  1.03930323e+00  9.98436271e-01  1.24579665e-10  1.20000000e+00  3.29948205e+00  0.00000000e+00  0.00000000e+00 
 4.23086255e-07  1.03930323e+00  9.98436346e-01  1.24579665e-10  1.20000000e+00  3.29948205e+00  0.00000000e+00  0.00000000e+00 
 4.28086255e-07  1.03930323e+00  9.98436413e-01  1.24579665e-10  1.20000000e+00  3.29948205e+00  0.00000000e+00  0.00000000e+00 
 4.30820627e-07  1.03930323e+00  9.98436448e-01  1.24579665e-10  1.20000000e+00  3.29948205e+00  0.00000000e+00  0.00000000e+00 
 4.33555000e-07  1.03930323e+00  9.98436480e-01  1.24579665e-10  1.20000000e+00  3.29948205e+00  0.00000000e+00  0.00000000e+00 
 4.33560673e-07  1.03930323e+00  9.98436480e-01  1.24579665e-10  1.20000000e+00  3.29948205e+00  6.80816302e-03  0.00000000e+00 
 4.33572020e-07  1.03930323e+00  9.98436480e-01  1.24579665e-10  1.20000000e+00  3.29948205e+00  2.04244891e-02  0.00000000e+00 
 4.33594714e-07  1.03930323e+00  9.98436480e-01  1.24579665e-10  1.20000000e+00  3.29948205e+00  4.76571412e-02  0.00000000e+00 
 4.33640102e-07  1.03930323e+00  9.98436481e-01  1.24579665e-10  1.20000000e+00  3.29948205e+00  1.02122445e-01  0.00000000e+00 
 4.33730878e-07  1.03930323e+00  9.98436482e-01  1.24579665e-10  1.20000000e+00  3.29948205e+00  2.11053054e-01  0.00000000e+00 
 4.33912429e-07  1.03930323e+00  9.98436484e-01  1.24579665e-10  1.20000000e+00  3.29948205e+00  4.28914271e-01  0.00000000e+00 
 4.34233714e-07  1.03930323e+00  9.98436488e-01  1.24579665e-10  1.20000000e+00  3.29948205e+00  8.14457135e-01  0.00000000e+00 
 4.34555000e-07  1.03930323e+00  9.98436491e-01  1.24579665e-10  1.20000000e+00  3.29948205e+00  1.20000000e+00  0.00000000e+00 
 4.34567000e-07  1.03930323e+00  9.98436491e-01  1.24579665e-10  1.20000000e+00  3.29948205e+00  1.20000000e+00  0.00000000e+00 
 4.34591000e-07  1.03930323e+00  9.98436492e-01  1.24579665e-10  1.20000000e+00  3.29948205e+00  1.20000000e+00  0.00000000e+00 
 4.34639000e-07  1.03930323e+00  9.98436492e-01  1.24579665e-10  1.20000000e+00  3.29948205e+00  1.20000000e+00  0.00000000e+00 
 4.34735000e-07  1.03930323e+00  9.98436493e-01  1.24579665e-10  1.20000000e+00  3.29948205e+00  1.20000000e+00  0.00000000e+00 
 4.34927000e-07  1.03930323e+00  9.98436495e-01  1.24579665e-10  1.20000000e+00  3.29948205e+00  1.20000000e+00  0.00000000e+00 
 4.35311000e-07  1.03930323e+00  9.98436499e-01  1.24579665e-10  1.20000000e+00  3.29948205e+00  1.20000000e+00  0.00000000e+00 
 4.36079000e-07  1.03930323e+00  9.98436508e-01  1.24579665e-10  1.20000000e+00  3.29948205e+00  1.20000000e+00  0.00000000e+00 
 4.37615000e-07  1.03930323e+00  9.98436524e-01  1.24579665e-10  1.20000000e+00  3.29948205e+00  1.20000000e+00  0.00000000e+00 
 4.40687000e-07  1.03930323e+00  9.98436555e-01  1.24579665e-10  1.20000000e+00  3.29948205e+00  1.20000000e+00  0.00000000e+00 
 4.45687000e-07  1.03930323e+00  9.98436600e-01  1.24579665e-10  1.20000000e+00  3.29948205e+00  1.20000000e+00  0.00000000e+00 
 4.50687000e-07  1.03930323e+00  9.98436640e-01  1.24579665e-10  1.20000000e+00  3.29948205e+00  1.20000000e+00  0.00000000e+00 
 4.55687000e-07  1.03930323e+00  9.98436674e-01  1.24579665e-10  1.20000000e+00  3.29948205e+00  1.20000000e+00  0.00000000e+00 
 4.60687000e-07  1.03930323e+00  9.98436704e-01  1.24579665e-10  1.20000000e+00  3.29948205e+00  1.20000000e+00  0.00000000e+00 
 4.65687000e-07  1.03930323e+00  9.98436730e-01  1.24579665e-10  1.20000000e+00  3.29948205e+00  1.20000000e+00  0.00000000e+00 
 4.70687000e-07  1.03930323e+00  9.98436752e-01  1.24579664e-10  1.20000000e+00  3.29948205e+00  1.20000000e+00  0.00000000e+00 
 4.75687000e-07  1.03930323e+00  9.98436771e-01  1.24579664e-10  1.20000000e+00  3.29948205e+00  1.20000000e+00  0.00000000e+00 
 4.80687000e-07  1.03930323e+00  9.98436787e-01  1.24579664e-10  1.20000000e+00  3.29948205e+00  1.20000000e+00  0.00000000e+00 
 4.84917300e-07  1.03930323e+00  9.98436798e-01  1.24579664e-10  1.20000000e+00  3.29948205e+00  1.20000000e+00  0.00000000e+00 
 4.89147600e-07  1.03930323e+00  9.98436807e-01  1.24579664e-10  1.20000000e+00  3.29948205e+00  1.20000000e+00  0.00000000e+00 
 4.89234206e-07  1.03930323e+00  9.98436807e-01  1.24579664e-10  1.20000000e+00  3.29948205e+00  1.09607280e+00  0.00000000e+00 
 4.89407418e-07  1.03930323e+00  9.98436808e-01  1.24579664e-10  1.20000000e+00  3.29948205e+00  8.88218400e-01  0.00000000e+00 
 4.89753842e-07  1.03930323e+00  9.98436808e-01  1.24579664e-10  1.20000000e+00  3.29948205e+00  4.72509600e-01  0.00000000e+00 
 4.90147600e-07  1.03930323e+00  9.98436809e-01  1.24579664e-10  1.20000000e+00  3.29948205e+00  5.28466160e-14  0.00000000e+00 
 4.90148714e-07  1.03930323e+00  9.98436809e-01  1.24579664e-10  1.20000000e+00  3.29948205e+00  0.00000000e+00  0.00000000e+00 
 4.90150942e-07  1.03930323e+00  9.98436809e-01  1.24579664e-10  1.20000000e+00  3.29948205e+00  0.00000000e+00  0.00000000e+00 
 4.90155397e-07  1.03930323e+00  9.98436809e-01  1.24579664e-10  1.20000000e+00  3.29948205e+00  0.00000000e+00  0.00000000e+00 
 4.90164308e-07  1.03930323e+00  9.98436809e-01  1.24579664e-10  1.20000000e+00  3.29948205e+00  0.00000000e+00  0.00000000e+00 
 4.90182130e-07  1.03930323e+00  9.98436809e-01  1.24579664e-10  1.20000000e+00  3.29948205e+00  0.00000000e+00  0.00000000e+00 
 4.90217773e-07  1.03930323e+00  9.98436809e-01  1.24579664e-10  1.20000000e+00  3.29948205e+00  0.00000000e+00  0.00000000e+00 
 4.90289061e-07  1.03930323e+00  9.98436809e-01  1.24579664e-10  1.20000000e+00  3.29948205e+00  0.00000000e+00  0.00000000e+00 
 4.90431635e-07  1.03930323e+00  9.98436810e-01  1.24579664e-10  1.20000000e+00  3.29948205e+00  0.00000000e+00  0.00000000e+00 
 4.90716784e-07  1.03930323e+00  9.98436810e-01  1.24579664e-10  1.20000000e+00  3.29948205e+00  0.00000000e+00  0.00000000e+00 
 4.91287082e-07  1.03930323e+00  9.98436811e-01  1.24579664e-10  1.20000000e+00  3.29948205e+00  0.00000000e+00  0.00000000e+00 
 4.92427678e-07  1.03930323e+00  9.98436813e-01  1.24579664e-10  1.20000000e+00  3.29948205e+00  0.00000000e+00  0.00000000e+00 
 4.94708870e-07  1.03930323e+00  9.98436817e-01  1.24579664e-10  1.20000000e+00  3.29948205e+00  0.00000000e+00  0.00000000e+00 
 4.99271255e-07  1.03930323e+00  9.98436824e-01  1.24579664e-10  1.20000000e+00  3.29948205e+00  0.00000000e+00  0.00000000e+00 
 5.04271255e-07  1.03930323e+00  9.98436830e-01  1.24579664e-10  1.20000000e+00  3.29948205e+00  0.00000000e+00  0.00000000e+00 
 5.09271255e-07  1.03930323e+00  9.98436834e-01  1.24579664e-10  1.20000000e+00  3.29948205e+00  0.00000000e+00  0.00000000e+00 
 5.14271255e-07  1.03930323e+00  9.98436838e-01  1.24579664e-10  1.20000000e+00  3.29948205e+00  0.00000000e+00  0.00000000e+00 
 5.19271255e-07  1.03930323e+00  9.98436840e-01  1.24579664e-10  1.20000000e+00  3.29948205e+00  0.00000000e+00  0.00000000e+00 
 5.24271255e-07  1.03930323e+00  9.98436842e-01  1.24579664e-10  1.20000000e+00  3.29948205e+00  0.00000000e+00  0.00000000e+00 
 5.29271255e-07  1.03930323e+00  9.98436843e-01  1.24579664e-10  1.20000000e+00  3.29948205e+00  0.00000000e+00  0.00000000e+00 
 5.34271255e-07  1.03930323e+00  9.98436843e-01  1.24579664e-10  1.20000000e+00  3.29948205e+00  0.00000000e+00  0.00000000e+00 
 5.39271255e-07  1.03930323e+00  9.98436843e-01  1.24579664e-10  1.20000000e+00  3.29948205e+00  0.00000000e+00  0.00000000e+00 
 5.42005627e-07  1.03930323e+00  9.98436843e-01  1.24579664e-10  1.20000000e+00  3.29948205e+00  0.00000000e+00  0.00000000e+00 
 5.44740000e-07  1.03930323e+00  9.98436843e-01  1.24579664e-10  1.20000000e+00  3.29948205e+00  0.00000000e+00  0.00000000e+00 
 5.44745673e-07  1.03930323e+00  9.98436843e-01  1.24579664e-10  1.20000000e+00  3.29948205e+00  6.80816302e-03  0.00000000e+00 
 5.44757020e-07  1.03930323e+00  9.98436843e-01  1.24579664e-10  1.20000000e+00  3.29948205e+00  2.04244891e-02  0.00000000e+00 
 5.44779714e-07  1.03930323e+00  9.98436843e-01  1.24579664e-10  1.20000000e+00  3.29948205e+00  4.76571412e-02  0.00000000e+00 
 5.44825102e-07  1.03930323e+00  9.98436843e-01  1.24579664e-10  1.20000000e+00  3.29948205e+00  1.02122445e-01  0.00000000e+00 
 5.44915878e-07  1.03930323e+00  9.98436843e-01  1.24579664e-10  1.20000000e+00  3.29948205e+00  2.11053054e-01  0.00000000e+00 
 5.45097429e-07  1.03930323e+00  9.98436843e-01  1.24579664e-10  1.20000000e+00  3.29948205e+00  4.28914271e-01  0.00000000e+00 
 5.45418714e-07  1.03930323e+00  9.98436843e-01  1.24579664e-10  1.20000000e+00  3.29948205e+00  8.14457135e-01  0.00000000e+00 
 5.45740000e-07  1.03930323e+00  9.98436843e-01  1.24579664e-10  1.20000000e+00  3.29948205e+00  1.20000000e+00  0.00000000e+00 
 5.45752000e-07  1.03930323e+00  9.98436843e-01  1.24579664e-10  1.20000000e+00  3.29948205e+00  1.20000000e+00  0.00000000e+00 
 5.45776000e-07  1.03930323e+00  9.98436843e-01  1.24579664e-10  1.20000000e+00  3.29948205e+00  1.20000000e+00  0.00000000e+00 
 5.45824000e-07  1.03930323e+00  9.98436843e-01  1.24579664e-10  1.20000000e+00  3.29948205e+00  1.20000000e+00  0.00000000e+00 
 5.45920000e-07  1.03930323e+00  9.98436843e-01  1.24579664e-10  1.20000000e+00  3.29948205e+00  1.20000000e+00  0.00000000e+00 
 5.46112000e-07  1.03930323e+00  9.98436843e-01  1.24579664e-10  1.20000000e+00  3.29948205e+00  1.20000000e+00  0.00000000e+00 
 5.46496000e-07  1.03930323e+00  9.98436843e-01  1.24579664e-10  1.20000000e+00  3.29948205e+00  1.20000000e+00  0.00000000e+00 
 5.47264000e-07  1.03930323e+00  9.98436843e-01  1.24579664e-10  1.20000000e+00  3.29948205e+00  1.20000000e+00  0.00000000e+00 
 5.48800000e-07  1.03930323e+00  9.98436843e-01  1.24579664e-10  1.20000000e+00  3.29948205e+00  1.20000000e+00  0.00000000e+00 
 5.51872000e-07  1.03930323e+00  9.98436842e-01  1.24579664e-10  1.20000000e+00  3.29948205e+00  1.20000000e+00  0.00000000e+00 
 5.56872000e-07  1.03930323e+00  9.98436841e-01  1.24579664e-10  1.20000000e+00  3.29948205e+00  1.20000000e+00  0.00000000e+00 
 5.61872000e-07  1.03930323e+00  9.98436841e-01  1.24579664e-10  1.20000000e+00  3.29948205e+00  1.20000000e+00  0.00000000e+00 
 5.66872000e-07  1.03930323e+00  9.98436840e-01  1.24579664e-10  1.20000000e+00  3.29948205e+00  1.20000000e+00  0.00000000e+00 
 5.71872000e-07  1.03930323e+00  9.98436839e-01  1.24579664e-10  1.20000000e+00  3.29948205e+00  1.20000000e+00  0.00000000e+00 
 5.76872000e-07  1.03930323e+00  9.98436838e-01  1.24579664e-10  1.20000000e+00  3.29948205e+00  1.20000000e+00  0.00000000e+00 
 5.81872000e-07  1.03930323e+00  9.98436837e-01  1.24579664e-10  1.20000000e+00  3.29948205e+00  1.20000000e+00  0.00000000e+00 
 5.86872000e-07  1.03930323e+00  9.98436836e-01  1.24579664e-10  1.20000000e+00  3.29948205e+00  1.20000000e+00  0.00000000e+00 
 5.91872000e-07  1.03930323e+00  9.98436835e-01  1.24579664e-10  1.20000000e+00  3.29948205e+00  1.20000000e+00  0.00000000e+00 
 5.96102300e-07  1.03930323e+00  9.98436835e-01  1.24579664e-10  1.20000000e+00  3.29948205e+00  1.20000000e+00  0.00000000e+00 
 6.00332600e-07  1.03930323e+00  9.98436834e-01  1.24579664e-10  1.20000000e+00  3.29948205e+00  1.20000000e+00  0.00000000e+00 
 6.00419206e-07  1.03930323e+00  9.98436834e-01  1.24579664e-10  1.20000000e+00  3.29948205e+00  1.09607280e+00  0.00000000e+00 
 6.00592418e-07  1.03930323e+00  9.98436834e-01  1.24579664e-10  1.20000000e+00  3.29948205e+00  8.88218400e-01  0.00000000e+00 
 6.00938842e-07  1.03930323e+00  9.98436834e-01  1.24579664e-10  1.20000000e+00  3.29948205e+00  4.72509600e-01  0.00000000e+00 
 6.01332600e-07  1.03930323e+00  9.98436834e-01  1.24579664e-10  1.20000000e+00  3.29948205e+00  5.28466160e-14  0.00000000e+00 
 6.01333714e-07  1.03930323e+00  9.98436834e-01  1.24579664e-10  1.20000000e+00  3.29948205e+00  0.00000000e+00  0.00000000e+00 
 6.01335942e-07  1.03930323e+00  9.98436834e-01  1.24579664e-10  1.20000000e+00  3.29948205e+00  0.00000000e+00  0.00000000e+00 
 6.01340397e-07  1.03930323e+00  9.98436834e-01  1.24579664e-10  1.20000000e+00  3.29948205e+00  0.00000000e+00  0.00000000e+00 
 6.01349308e-07  1.03930323e+00  9.98436834e-01  1.24579664e-10  1.20000000e+00  3.29948205e+00  0.00000000e+00  0.00000000e+00 
 6.01367130e-07  1.03930323e+00  9.98436834e-01  1.24579664e-10  1.20000000e+00  3.29948205e+00  0.00000000e+00  0.00000000e+00 
 6.01402773e-07  1.03930323e+00  9.98436834e-01  1.24579664e-10  1.20000000e+00  3.29948205e+00  0.00000000e+00  0.00000000e+00 
 6.01474061e-07  1.03930323e+00  9.98436834e-01  1.24579664e-10  1.20000000e+00  3.29948205e+00  0.00000000e+00  0.00000000e+00 
 6.01616635e-07  1.03930323e+00  9.98436834e-01  1.24579664e-10  1.20000000e+00  3.29948205e+00  0.00000000e+00  0.00000000e+00 
 6.01901784e-07  1.03930323e+00  9.98436834e-01  1.24579664e-10  1.20000000e+00  3.29948205e+00  0.00000000e+00  0.00000000e+00 
 6.02472082e-07  1.03930323e+00  9.98436834e-01  1.24579664e-10  1.20000000e+00  3.29948205e+00  0.00000000e+00  0.00000000e+00 
 6.03612678e-07  1.03930323e+00  9.98436833e-01  1.24579664e-10  1.20000000e+00  3.29948205e+00  0.00000000e+00  0.00000000e+00 
 6.05893870e-07  1.03930323e+00  9.98436833e-01  1.24579664e-10  1.20000000e+00  3.29948205e+00  0.00000000e+00  0.00000000e+00 
 6.10456255e-07  1.03930323e+00  9.98436833e-01  1.24579664e-10  1.20000000e+00  3.29948205e+00  0.00000000e+00  0.00000000e+00 
 6.15456255e-07  1.03930323e+00  9.98436832e-01  1.24579664e-10  1.20000000e+00  3.29948205e+00  0.00000000e+00  0.00000000e+00 
 6.20456255e-07  1.03930323e+00  9.98436832e-01  1.24579664e-10  1.20000000e+00  3.29948205e+00  0.00000000e+00  0.00000000e+00 
 6.25456255e-07  1.03930323e+00  9.98436831e-01  1.24579664e-10  1.20000000e+00  3.29948205e+00  0.00000000e+00  0.00000000e+00 
 6.30456255e-07  1.03930323e+00  9.98436831e-01  1.24579664e-10  1.20000000e+00  3.29948205e+00  0.00000000e+00  0.00000000e+00 
 6.35456255e-07  1.03930323e+00  9.98436831e-01  1.24579664e-10  1.20000000e+00  3.29948205e+00  0.00000000e+00  0.00000000e+00 
 6.40456255e-07  1.03930323e+00  9.98436830e-01  1.24579664e-10  1.20000000e+00  3.29948205e+00  0.00000000e+00  0.00000000e+00 
 6.45456255e-07  1.03930323e+00  9.98436830e-01  1.24579664e-10  1.20000000e+00  3.29948205e+00  0.00000000e+00  0.00000000e+00 
 6.50456255e-07  1.03930323e+00  9.98436830e-01  1.24579664e-10  1.20000000e+00  3.29948205e+00  0.00000000e+00  0.00000000e+00 
 6.53190627e-07  1.03930323e+00  9.98436830e-01  1.24579664e-10  1.20000000e+00  3.29948205e+00  0.00000000e+00  0.00000000e+00 
 6.55925000e-07  1.03930323e+00  9.98436830e-01  1.24579664e-10  1.20000000e+00  3.29948205e+00  0.00000000e+00  0.00000000e+00 
 6.55930673e-07  1.03930323e+00  9.98436830e-01  1.24579664e-10  1.20000000e+00  3.29948205e+00  6.80816302e-03  0.00000000e+00 
 6.55942020e-07  1.03930323e+00  9.98436830e-01  1.24579664e-10  1.20000000e+00  3.29948205e+00  2.04244891e-02  0.00000000e+00 
 6.55964714e-07  1.03930323e+00  9.98436830e-01  1.24579664e-10  1.20000000e+00  3.29948205e+00  4.76571412e-02  0.00000000e+00 
 6.56010102e-07  1.03930323e+00  9.98436830e-01  1.24579664e-10  1.20000000e+00  3.29948205e+00  1.02122445e-01  0.00000000e+00 
 6.56100878e-07  1.03930323e+00  9.98436830e-01  1.24579664e-10  1.20000000e+00  3.29948205e+00  2.11053054e-01  0.00000000e+00 
 6.56282429e-07  1.03930323e+00  9.98436830e-01  1.24579664e-10  1.20000000e+00  3.29948205e+00  4.28914271e-01  0.00000000e+00 
 6.56603714e-07  1.03930323e+00  9.98436830e-01  1.24579664e-10  1.20000000e+00  3.29948205e+00  8.14457135e-01  0.00000000e+00 
 6.56925000e-07  1.03930323e+00  9.98436830e-01  1.24579664e-10  1.20000000e+00  3.29948205e+00  1.20000000e+00  0.00000000e+00 
 6.56937000e-07  1.03930323e+00  9.98436830e-01  1.24579664e-10  1.20000000e+00  3.29948205e+00  1.20000000e+00  0.00000000e+00 
 6.56961000e-07  1.03930323e+00  9.98436830e-01  1.24579664e-10  1.20000000e+00  3.29948205e+00  1.20000000e+00  0.00000000e+00 
 6.57009000e-07  1.03930323e+00  9.98436830e-01  1.24579664e-10  1.20000000e+00  3.29948205e+00  1.20000000e+00  0.00000000e+00 
 6.57105000e-07  1.03930323e+00  9.98436830e-01  1.24579664e-10  1.20000000e+00  3.29948205e+00  1.20000000e+00  0.00000000e+00 
 6.57297000e-07  1.03930323e+00  9.98436830e-01  1.24579664e-10  1.20000000e+00  3.29948205e+00  1.20000000e+00  0.00000000e+00 
 6.57681000e-07  1.03930323e+00  9.98436830e-01  1.24579664e-10  1.20000000e+00  3.29948205e+00  1.20000000e+00  0.00000000e+00 
 6.58449000e-07  1.03930323e+00  9.98436830e-01  1.24579664e-10  1.20000000e+00  3.29948205e+00  1.20000000e+00  0.00000000e+00 
 6.59985000e-07  1.03930323e+00  9.98436830e-01  1.24579664e-10  1.20000000e+00  3.29948205e+00  1.20000000e+00  0.00000000e+00 
 6.63057000e-07  1.03930323e+00  9.98436830e-01  1.24579664e-10  1.20000000e+00  3.29948205e+00  1.20000000e+00  0.00000000e+00 
 6.68057000e-07  1.03930323e+00  9.98436830e-01  1.24579664e-10  1.20000000e+00  3.29948205e+00  1.20000000e+00  0.00000000e+00 
 6.73057000e-07  1.03930323e+00  9.98436830e-01  1.24579664e-10  1.20000000e+00  3.29948205e+00  1.20000000e+00  0.00000000e+00 
 6.78057000e-07  1.03930323e+00  9.98436830e-01  1.24579664e-10  1.20000000e+00  3.29948205e+00  1.20000000e+00  0.00000000e+00 
 6.83057000e-07  1.03930323e+00  9.98436830e-01  1.24579664e-10  1.20000000e+00  3.29948205e+00  1.20000000e+00  0.00000000e+00 
 6.88057000e-07  1.03930323e+00  9.98436830e-01  1.24579664e-10  1.20000000e+00  3.29948205e+00  1.20000000e+00  0.00000000e+00 
 6.93057000e-07  1.03930323e+00  9.98436830e-01  1.24579664e-10  1.20000000e+00  3.29948205e+00  1.20000000e+00  0.00000000e+00 
 6.98057000e-07  1.03930323e+00  9.98436830e-01  1.24579664e-10  1.20000000e+00  3.29948205e+00  1.20000000e+00  0.00000000e+00 
 7.03057000e-07  1.03930323e+00  9.98436830e-01  1.24579664e-10  1.20000000e+00  3.29948205e+00  1.20000000e+00  0.00000000e+00 
 7.07287300e-07  1.03930323e+00  9.98436831e-01  1.24579664e-10  1.20000000e+00  3.29948205e+00  1.20000000e+00  0.00000000e+00 
 7.11517600e-07  1.03930323e+00  9.98436831e-01  1.24579664e-10  1.20000000e+00  3.29948205e+00  1.20000000e+00  0.00000000e+00 
 7.11604206e-07  1.03930323e+00  9.98436831e-01  1.24579664e-10  1.20000000e+00  3.29948205e+00  1.09607280e+00  0.00000000e+00 
 7.11777418e-07  1.03930323e+00  9.98436831e-01  1.24579664e-10  1.20000000e+00  3.29948205e+00  8.88218400e-01  0.00000000e+00 
 7.12123842e-07  1.03930323e+00  9.98436831e-01  1.24579664e-10  1.20000000e+00  3.29948205e+00  4.72509600e-01  0.00000000e+00 
 7.12517600e-07  1.03930323e+00  9.98436831e-01  1.24579664e-10  1.20000000e+00  3.29948205e+00  5.28466160e-14  0.00000000e+00 
 7.12518714e-07  1.03930323e+00  9.98436831e-01  1.24579664e-10  1.20000000e+00  3.29948205e+00  0.00000000e+00  0.00000000e+00 
 7.12520942e-07  1.03930323e+00  9.98436831e-01  1.24579664e-10  1.20000000e+00  3.29948205e+00  0.00000000e+00  0.00000000e+00 
 7.12525397e-07  1.03930323e+00  9.98436831e-01  1.24579664e-10  1.20000000e+00  3.29948205e+00  0.00000000e+00  0.00000000e+00 
 7.12534308e-07  1.03930323e+00  9.98436831e-01  1.24579664e-10  1.20000000e+00  3.29948205e+00  0.00000000e+00  0.00000000e+00 
 7.12552130e-07  1.03930323e+00  9.98436831e-01  1.24579664e-10  1.20000000e+00  3.29948205e+00  0.00000000e+00  0.00000000e+00 
 7.12587773e-07  1.03930323e+00  9.98436831e-01  1.24579664e-10  1.20000000e+00  3.29948205e+00  0.00000000e+00  0.00000000e+00 
 7.12659061e-07  1.03930323e+00  9.98436831e-01  1.24579664e-10  1.20000000e+00  3.29948205e+00  0.00000000e+00  0.00000000e+00 
 7.12801635e-07  1.03930323e+00  9.98436831e-01  1.24579664e-10  1.20000000e+00  3.29948205e+00  0.00000000e+00  0.00000000e+00 
 7.13086784e-07  1.03930323e+00  9.98436831e-01  1.24579664e-10  1.20000000e+00  3.29948205e+00  0.00000000e+00  0.00000000e+00 
 7.13657082e-07  1.03930323e+00  9.98436831e-01  1.24579664e-10  1.20000000e+00  3.29948205e+00  0.00000000e+00  0.00000000e+00 
 7.14797678e-07  1.03930323e+00  9.98436831e-01  1.24579664e-10  1.20000000e+00  3.29948205e+00  0.00000000e+00  0.00000000e+00 
 7.17078870e-07  1.03930323e+00  9.98436831e-01  1.24579664e-10  1.20000000e+00  3.29948205e+00  0.00000000e+00  0.00000000e+00 
 7.21641255e-07  1.03930323e+00  9.98436831e-01  1.24579664e-10  1.20000000e+00  3.29948205e+00  0.00000000e+00  0.00000000e+00 
 7.26641255e-07  1.03930323e+00  9.98436831e-01  1.24579664e-10  1.20000000e+00  3.29948205e+00  0.00000000e+00  0.00000000e+00 
 7.31641255e-07  1.03930323e+00  9.98436831e-01  1.24579664e-10  1.20000000e+00  3.29948205e+00  0.00000000e+00  0.00000000e+00 
 7.36641255e-07  1.03930323e+00  9.98436831e-01  1.24579664e-10  1.20000000e+00  3.29948205e+00  0.00000000e+00  0.00000000e+00 
 7.41641255e-07  1.03930323e+00  9.98436832e-01  1.24579664e-10  1.20000000e+00  3.29948205e+00  0.00000000e+00  0.00000000e+00 
 7.46641255e-07  1.03930323e+00  9.98436832e-01  1.24579664e-10  1.20000000e+00  3.29948205e+00  0.00000000e+00  0.00000000e+00 
 7.51641255e-07  1.03930323e+00  9.98436832e-01  1.24579664e-10  1.20000000e+00  3.29948205e+00  0.00000000e+00  0.00000000e+00 
 7.56641255e-07  1.03930323e+00  9.98436832e-01  1.24579664e-10  1.20000000e+00  3.29948205e+00  0.00000000e+00  0.00000000e+00 
 7.61641255e-07  1.03930323e+00  9.98436832e-01  1.24579664e-10  1.20000000e+00  3.29948205e+00  0.00000000e+00  0.00000000e+00 
 7.64375627e-07  1.03930323e+00  9.98436832e-01  1.24579664e-10  1.20000000e+00  3.29948205e+00  0.00000000e+00  0.00000000e+00 
 7.67110000e-07  1.03930323e+00  9.98436833e-01  1.24579664e-10  1.20000000e+00  3.29948205e+00  0.00000000e+00  0.00000000e+00 
 7.67115673e-07  1.03930323e+00  9.98436833e-01  1.24579664e-10  1.20000000e+00  3.29948205e+00  6.80816302e-03  0.00000000e+00 
 7.67127020e-07  1.03930323e+00  9.98436833e-01  1.24579664e-10  1.20000000e+00  3.29948205e+00  2.04244891e-02  0.00000000e+00 
 7.67149714e-07  1.03930323e+00  9.98436833e-01  1.24579664e-10  1.20000000e+00  3.29948205e+00  4.76571412e-02  0.00000000e+00 
 7.67195102e-07  1.03930323e+00  9.98436833e-01  1.24579664e-10  1.20000000e+00  3.29948205e+00  1.02122445e-01  0.00000000e+00 
 7.67285878e-07  1.03930323e+00  9.98436833e-01  1.24579664e-10  1.20000000e+00  3.29948205e+00  2.11053054e-01  0.00000000e+00 
 7.67467429e-07  1.03930323e+00  9.98436833e-01  1.24579664e-10  1.20000000e+00  3.29948205e+00  4.28914271e-01  0.00000000e+00 
 7.67788714e-07  1.03930323e+00  9.98436833e-01  1.24579664e-10  1.20000000e+00  3.29948205e+00  8.14457135e-01  0.00000000e+00 
 7.68110000e-07  1.03930323e+00  9.98436833e-01  1.24579664e-10  1.20000000e+00  3.29948205e+00  1.20000000e+00  0.00000000e+00 
 7.68122000e-07  1.03930323e+00  9.98436833e-01  1.24579664e-10  1.20000000e+00  3.29948205e+00  1.20000000e+00  0.00000000e+00 
 7.68146000e-07  1.03930323e+00  9.98436833e-01  1.24579664e-10  1.20000000e+00  3.29948205e+00  1.20000000e+00  0.00000000e+00 
 7.68194000e-07  1.03930323e+00  9.98436833e-01  1.24579664e-10  1.20000000e+00  3.29948205e+00  1.20000000e+00  0.00000000e+00 
 7.68290000e-07  1.03930323e+00  9.98436833e-01  1.24579664e-10  1.20000000e+00  3.29948205e+00  1.20000000e+00  0.00000000e+00 
 7.68482000e-07  1.03930323e+00  9.98436833e-01  1.24579664e-10  1.20000000e+00  3.29948205e+00  1.20000000e+00  0.00000000e+00 
 7.68866000e-07  1.03930323e+00  9.98436833e-01  1.24579664e-10  1.20000000e+00  3.29948205e+00  1.20000000e+00  0.00000000e+00 
 7.69634000e-07  1.03930323e+00  9.98436833e-01  1.24579664e-10  1.20000000e+00  3.29948205e+00  1.20000000e+00  0.00000000e+00 
 7.71170000e-07  1.03930323e+00  9.98436833e-01  1.24579664e-10  1.20000000e+00  3.29948205e+00  1.20000000e+00  0.00000000e+00 
 7.74242000e-07  1.03930323e+00  9.98436833e-01  1.24579664e-10  1.20000000e+00  3.29948205e+00  1.20000000e+00  0.00000000e+00 
 7.79242000e-07  1.03930323e+00  9.98436833e-01  1.24579664e-10  1.20000000e+00  3.29948205e+00  1.20000000e+00  0.00000000e+00 
 7.84242000e-07  1.03930323e+00  9.98436833e-01  1.24579664e-10  1.20000000e+00  3.29948205e+00  1.20000000e+00  0.00000000e+00 
 7.89242000e-07  1.03930323e+00  9.98436833e-01  1.24579664e-10  1.20000000e+00  3.29948205e+00  1.20000000e+00  0.00000000e+00 
 7.94242000e-07  1.03930323e+00  9.98436834e-01  1.24579664e-10  1.20000000e+00  3.29948205e+00  1.20000000e+00  0.00000000e+00 
 7.99242000e-07  1.03930323e+00  9.98436834e-01  1.24579664e-10  1.20000000e+00  3.29948205e+00  1.20000000e+00  0.00000000e+00 
 8.04242000e-07  1.03930323e+00  9.98436834e-01  1.24579664e-10  1.20000000e+00  3.29948205e+00  1.20000000e+00  0.00000000e+00 
 8.09242000e-07  1.03930323e+00  9.98436834e-01  1.24579664e-10  1.20000000e+00  3.29948205e+00  1.20000000e+00  0.00000000e+00 
 8.14242000e-07  1.03930323e+00  9.98436834e-01  1.24579664e-10  1.20000000e+00  3.29948205e+00  1.20000000e+00  0.00000000e+00 
 8.18472300e-07  1.03930323e+00  9.98436834e-01  1.24579664e-10  1.20000000e+00  3.29948205e+00  1.20000000e+00  0.00000000e+00 
 8.22702600e-07  1.03930323e+00  9.98436835e-01  1.24579664e-10  1.20000000e+00  3.29948205e+00  1.20000000e+00  0.00000000e+00 
 8.22789206e-07  1.03930323e+00  9.98436835e-01  1.24579664e-10  1.20000000e+00  3.29948205e+00  1.09607280e+00  0.00000000e+00 
 8.22962418e-07  1.03930323e+00  9.98436835e-01  1.24579664e-10  1.20000000e+00  3.29948205e+00  8.88218400e-01  0.00000000e+00 
 8.23308842e-07  1.03930323e+00  9.98436835e-01  1.24579664e-10  1.20000000e+00  3.29948205e+00  4.72509600e-01  0.00000000e+00 
 8.23702600e-07  1.03930323e+00  9.98436835e-01  1.24579664e-10  1.20000000e+00  3.29948205e+00  5.28466160e-14  0.00000000e+00 
 8.23703714e-07  1.03930323e+00  9.98436835e-01  1.24579664e-10  1.20000000e+00  3.29948205e+00  0.00000000e+00  0.00000000e+00 
 8.23705942e-07  1.03930323e+00  9.98436835e-01  1.24579664e-10  1.20000000e+00  3.29948205e+00  0.00000000e+00  0.00000000e+00 
 8.23710397e-07  1.03930323e+00  9.98436835e-01  1.24579664e-10  1.20000000e+00  3.29948205e+00  0.00000000e+00  0.00000000e+00 
 8.23719308e-07  1.03930323e+00  9.98436835e-01  1.24579664e-10  1.20000000e+00  3.29948205e+00  0.00000000e+00  0.00000000e+00 
 8.23737130e-07  1.03930323e+00  9.98436835e-01  1.24579664e-10  1.20000000e+00  3.29948205e+00  0.00000000e+00  0.00000000e+00 
 8.23772773e-07  1.03930323e+00  9.98436835e-01  1.24579664e-10  1.20000000e+00  3.29948205e+00  0.00000000e+00  0.00000000e+00 
 8.23844061e-07  1.03930323e+00  9.98436835e-01  1.24579664e-10  1.20000000e+00  3.29948205e+00  0.00000000e+00  0.00000000e+00 
 8.23986635e-07  1.03930323e+00  9.98436835e-01  1.24579664e-10  1.20000000e+00  3.29948205e+00  0.00000000e+00  0.00000000e+00 
 8.24271784e-07  1.03930323e+00  9.98436835e-01  1.24579664e-10  1.20000000e+00  3.29948205e+00  0.00000000e+00  0.00000000e+00 
 8.24842082e-07  1.03930323e+00  9.98436835e-01  1.24579664e-10  1.20000000e+00  3.29948205e+00  0.00000000e+00  0.00000000e+00 
 8.25982678e-07  1.03930323e+00  9.98436835e-01  1.24579664e-10  1.20000000e+00  3.29948205e+00  0.00000000e+00  0.00000000e+00 
 8.28263870e-07  1.03930323e+00  9.98436835e-01  1.24579664e-10  1.20000000e+00  3.29948205e+00  0.00000000e+00  0.00000000e+00 
 8.32826255e-07  1.03930323e+00  9.98436835e-01  1.24579664e-10  1.20000000e+00  3.29948205e+00  0.00000000e+00  0.00000000e+00 
 8.37826255e-07  1.03930323e+00  9.98436835e-01  1.24579664e-10  1.20000000e+00  3.29948205e+00  0.00000000e+00  0.00000000e+00 
 8.42826255e-07  1.03930323e+00  9.98436835e-01  1.24579664e-10  1.20000000e+00  3.29948205e+00  0.00000000e+00  0.00000000e+00 
 8.47826255e-07  1.03930323e+00  9.98436835e-01  1.24579664e-10  1.20000000e+00  3.29948205e+00  0.00000000e+00  0.00000000e+00 
 8.52826255e-07  1.03930323e+00  9.98436835e-01  1.24579664e-10  1.20000000e+00  3.29948205e+00  0.00000000e+00  0.00000000e+00 
 8.57826255e-07  1.03930323e+00  9.98436836e-01  1.24579664e-10  1.20000000e+00  3.29948205e+00  0.00000000e+00  0.00000000e+00 
 8.62826255e-07  1.03930323e+00  9.98436836e-01  1.24579664e-10  1.20000000e+00  3.29948205e+00  0.00000000e+00  0.00000000e+00 
 8.67826255e-07  1.03930323e+00  9.98436836e-01  1.24579664e-10  1.20000000e+00  3.29948205e+00  0.00000000e+00  0.00000000e+00 
 8.72826255e-07  1.03930323e+00  9.98436836e-01  1.24579664e-10  1.20000000e+00  3.29948205e+00  0.00000000e+00  0.00000000e+00 
 8.75560627e-07  1.03930323e+00  9.98436836e-01  1.24579664e-10  1.20000000e+00  3.29948205e+00  0.00000000e+00  0.00000000e+00 
 8.78295000e-07  1.03930323e+00  9.98436836e-01  1.24579664e-10  1.20000000e+00  3.29948205e+00  0.00000000e+00  0.00000000e+00 
 8.78300673e-07  1.03930323e+00  9.98436836e-01  1.24579664e-10  1.20000000e+00  3.29948205e+00  6.80816302e-03  0.00000000e+00 
 8.78312020e-07  1.03930323e+00  9.98436836e-01  1.24579664e-10  1.20000000e+00  3.29948205e+00  2.04244891e-02  0.00000000e+00 
 8.78334714e-07  1.03930323e+00  9.98436836e-01  1.24579664e-10  1.20000000e+00  3.29948205e+00  4.76571412e-02  0.00000000e+00 
 8.78380102e-07  1.03930323e+00  9.98436836e-01  1.24579664e-10  1.20000000e+00  3.29948205e+00  1.02122445e-01  0.00000000e+00 
 8.78470878e-07  1.03930323e+00  9.98436836e-01  1.24579664e-10  1.20000000e+00  3.29948205e+00  2.11053054e-01  0.00000000e+00 
 8.78652429e-07  1.03930323e+00  9.98436836e-01  1.24579664e-10  1.20000000e+00  3.29948205e+00  4.28914271e-01  0.00000000e+00 
 8.78973714e-07  1.03930323e+00  9.98436836e-01  1.24579664e-10  1.20000000e+00  3.29948205e+00  8.14457135e-01  0.00000000e+00 
 8.79295000e-07  1.03930323e+00  9.98436836e-01  1.24579664e-10  1.20000000e+00  3.29948205e+00  1.20000000e+00  0.00000000e+00 
 8.79307000e-07  1.03930323e+00  9.98436836e-01  1.24579664e-10  1.20000000e+00  3.29948205e+00  1.20000000e+00  0.00000000e+00 
 8.79331000e-07  1.03930323e+00  9.98436836e-01  1.24579664e-10  1.20000000e+00  3.29948205e+00  1.20000000e+00  0.00000000e+00 
 8.79379000e-07  1.03930323e+00  9.98436836e-01  1.24579664e-10  1.20000000e+00  3.29948205e+00  1.20000000e+00  0.00000000e+00 
 8.79475000e-07  1.03930323e+00  9.98436836e-01  1.24579664e-10  1.20000000e+00  3.29948205e+00  1.20000000e+00  0.00000000e+00 
 8.79667000e-07  1.03930323e+00  9.98436836e-01  1.24579664e-10  1.20000000e+00  3.29948205e+00  1.20000000e+00  0.00000000e+00 
 8.80051000e-07  1.03930323e+00  9.98436836e-01  1.24579664e-10  1.20000000e+00  3.29948205e+00  1.20000000e+00  0.00000000e+00 
 8.80819000e-07  1.03930323e+00  9.98436836e-01  1.24579664e-10  1.20000000e+00  3.29948205e+00  1.20000000e+00  0.00000000e+00 
 8.82355000e-07  1.03930323e+00  9.98436836e-01  1.24579664e-10  1.20000000e+00  3.29948205e+00  1.20000000e+00  0.00000000e+00 
 8.85427000e-07  1.03930323e+00  9.98436837e-01  1.24579664e-10  1.20000000e+00  3.29948205e+00  1.20000000e+00  0.00000000e+00 
 8.90427000e-07  1.03930323e+00  9.98436837e-01  1.24579664e-10  1.20000000e+00  3.29948205e+00  1.20000000e+00  0.00000000e+00 
 8.95427000e-07  1.03930323e+00  9.98436837e-01  1.24579664e-10  1.20000000e+00  3.29948205e+00  1.20000000e+00  0.00000000e+00 
 9.00427000e-07  1.03930323e+00  9.98436837e-01  1.24579664e-10  1.20000000e+00  3.29948205e+00  1.20000000e+00  0.00000000e+00 
 9.05427000e-07  1.03930323e+00  9.98436837e-01  1.24579664e-10  1.20000000e+00  3.29948205e+00  1.20000000e+00  0.00000000e+00 
 9.10427000e-07  1.03930323e+00  9.98436837e-01  1.24579663e-10  1.20000000e+00  3.29948205e+00  1.20000000e+00  0.00000000e+00 
 9.15427000e-07  1.03930323e+00  9.98436837e-01  1.24579663e-10  1.20000000e+00  3.29948205e+00  1.20000000e+00  0.00000000e+00 
 9.20427000e-07  1.03930323e+00  9.98436838e-01  1.24579663e-10  1.20000000e+00  3.29948205e+00  1.20000000e+00  0.00000000e+00 
 9.25427000e-07  1.03930323e+00  9.98436838e-01  1.24579663e-10  1.20000000e+00  3.29948205e+00  1.20000000e+00  0.00000000e+00 
 9.29657300e-07  1.03930323e+00  9.98436838e-01  1.24579663e-10  1.20000000e+00  3.29948205e+00  1.20000000e+00  0.00000000e+00 
 9.33887600e-07  1.03930323e+00  9.98436838e-01  1.24579663e-10  1.20000000e+00  3.29948205e+00  1.20000000e+00  0.00000000e+00 
 9.33974206e-07  1.03930323e+00  9.98436838e-01  1.24579663e-10  1.20000000e+00  3.29948205e+00  1.09607280e+00  0.00000000e+00 
 9.34147418e-07  1.03930323e+00  9.98436838e-01  1.24579663e-10  1.20000000e+00  3.29948205e+00  8.88218400e-01  0.00000000e+00 
 9.34493842e-07  1.03930323e+00  9.98436838e-01  1.24579663e-10  1.20000000e+00  3.29948205e+00  4.72509600e-01  0.00000000e+00 
 9.34887600e-07  1.03930323e+00  9.98436838e-01  1.24579663e-10  1.20000000e+00  3.29948205e+00  5.28466160e-14  0.00000000e+00 
 9.34888714e-07  1.03930323e+00  9.98436838e-01  1.24579663e-10  1.20000000e+00  3.29948205e+00  0.00000000e+00  0.00000000e+00 
 9.34890942e-07  1.03930323e+00  9.98436838e-01  1.24579663e-10  1.20000000e+00  3.29948205e+00  0.00000000e+00  0.00000000e+00 
 9.34895397e-07  1.03930323e+00  9.98436838e-01  1.24579663e-10  1.20000000e+00  3.29948205e+00  0.00000000e+00  0.00000000e+00 
 9.34904308e-07  1.03930323e+00  9.98436838e-01  1.24579663e-10  1.20000000e+00  3.29948205e+00  0.00000000e+00  0.00000000e+00 
 9.34922130e-07  1.03930323e+00  9.98436838e-01  1.24579663e-10  1.20000000e+00  3.29948205e+00  0.00000000e+00  0.00000000e+00 
 9.34957773e-07  1.03930323e+00  9.98436838e-01  1.24579663e-10  1.20000000e+00  3.29948205e+00  0.00000000e+00  0.00000000e+00 
 9.35029061e-07  1.03930323e+00  9.98436838e-01  1.24579663e-10  1.20000000e+00  3.29948205e+00  0.00000000e+00  0.00000000e+00 
 9.35171635e-07  1.03930323e+00  9.98436838e-01  1.24579663e-10  1.20000000e+00  3.29948205e+00  0.00000000e+00  0.00000000e+00 
 9.35456784e-07  1.03930323e+00  9.98436838e-01  1.24579663e-10  1.20000000e+00  3.29948205e+00  0.00000000e+00  0.00000000e+00 
 9.36027082e-07  1.03930323e+00  9.98436838e-01  1.24579663e-10  1.20000000e+00  3.29948205e+00  0.00000000e+00  0.00000000e+00 
 9.37167678e-07  1.03930323e+00  9.98436838e-01  1.24579663e-10  1.20000000e+00  3.29948205e+00  0.00000000e+00  0.00000000e+00 
 9.39448870e-07  1.03930323e+00  9.98436838e-01  1.24579663e-10  1.20000000e+00  3.29948205e+00  0.00000000e+00  0.00000000e+00 
 9.44011255e-07  1.03930323e+00  9.98436838e-01  1.24579663e-10  1.20000000e+00  3.29948205e+00  0.00000000e+00  0.00000000e+00 
 9.49011255e-07  1.03930323e+00  9.98436838e-01  1.24579663e-10  1.20000000e+00  3.29948205e+00  0.00000000e+00  0.00000000e+00 
 9.54011255e-07  1.03930323e+00  9.98436838e-01  1.24579663e-10  1.20000000e+00  3.29948205e+00  0.00000000e+00  0.00000000e+00 
 9.59011255e-07  1.03930323e+00  9.98436839e-01  1.24579663e-10  1.20000000e+00  3.29948205e+00  0.00000000e+00  0.00000000e+00 
 9.64011255e-07  1.03930323e+00  9.98436839e-01  1.24579663e-10  1.20000000e+00  3.29948205e+00  0.00000000e+00  0.00000000e+00 
 9.69011255e-07  1.03930323e+00  9.98436839e-01  1.24579663e-10  1.20000000e+00  3.29948205e+00  0.00000000e+00  0.00000000e+00 
 9.74011255e-07  1.03930323e+00  9.98436839e-01  1.24579663e-10  1.20000000e+00  3.29948205e+00  0.00000000e+00  0.00000000e+00 
 9.79011255e-07  1.03930323e+00  9.98436839e-01  1.24579663e-10  1.20000000e+00  3.29948205e+00  0.00000000e+00  0.00000000e+00 
 9.84011255e-07  1.03930323e+00  9.98436839e-01  1.24579663e-10  1.20000000e+00  3.29948205e+00  0.00000000e+00  0.00000000e+00 
 9.86745627e-07  1.03930323e+00  9.98436839e-01  1.24579663e-10  1.20000000e+00  3.29948205e+00  0.00000000e+00  0.00000000e+00 
 9.89480000e-07  1.03930323e+00  9.98436839e-01  1.24579663e-10  1.20000000e+00  3.29948205e+00  0.00000000e+00  0.00000000e+00 
 9.89486474e-07  1.03930323e+00  9.98436839e-01  1.24579663e-10  1.20000000e+00  3.29948205e+00  7.76896302e-03  0.00000000e+00 
 9.89499422e-07  1.03930323e+00  9.98436839e-01  1.24579663e-10  1.20000000e+00  3.29948205e+00  2.33068891e-02  0.00000000e+00 
 9.89525319e-07  1.03930323e+00  9.98436839e-01  1.24579663e-10  1.20000000e+00  3.29948205e+00  5.43827412e-02  0.00000000e+00 
 9.89577112e-07  1.03930323e+00  9.98436839e-01  1.24579663e-10  1.20000000e+00  3.29948205e+00  1.16534445e-01  0.00000000e+00 
 9.89680698e-07  1.03930323e+00  9.98436839e-01  1.24579663e-10  1.20000000e+00  3.29948205e+00  2.40837854e-01  0.00000000e+00 
 9.89887871e-07  1.03930323e+00  9.98436839e-01  1.24579663e-10  1.20000000e+00  3.29948205e+00  4.89444671e-01  0.00000000e+00 
 9.90183935e-07  1.03930323e+00  9.98436839e-01  1.24579663e-10  1.20000000e+00  3.29948205e+00  8.44722335e-01  0.00000000e+00 
 9.90480000e-07  1.03930323e+00  9.98436839e-01  1.24579663e-10  1.20000000e+00  3.29948205e+00  1.20000000e+00  0.00000000e+00 
 9.90492000e-07  1.03930323e+00  9.98436839e-01  1.24579663e-10  1.20000000e+00  3.29948205e+00  1.20000000e+00  0.00000000e+00 
 9.90516000e-07  1.03930323e+00  9.98436839e-01  1.24579663e-10  1.20000000e+00  3.29948205e+00  1.20000000e+00  0.00000000e+00 
 9.90564000e-07  1.03930323e+00  9.98436839e-01  1.24579663e-10  1.20000000e+00  3.29948205e+00  1.20000000e+00  0.00000000e+00 
 9.90660000e-07  1.03930323e+00  9.98436839e-01  1.24579663e-10  1.20000000e+00  3.29948205e+00  1.20000000e+00  0.00000000e+00 
 9.90852000e-07  1.03930323e+00  9.98436839e-01  1.24579663e-10  1.20000000e+00  3.29948205e+00  1.20000000e+00  0.00000000e+00 
 9.91236000e-07  1.03930323e+00  9.98436839e-01  1.24579663e-10  1.20000000e+00  3.29948205e+00  1.20000000e+00  0.00000000e+00 
 9.92004000e-07  1.03930323e+00  9.98436840e-01  1.24579663e-10  1.20000000e+00  3.29948205e+00  1.20000000e+00  0.00000000e+00 
 9.93540000e-07  1.03930323e+00  9.98436840e-01  1.24579663e-10  1.20000000e+00  3.29948205e+00  1.20000000e+00  0.00000000e+00 
 9.96612000e-07  1.03930323e+00  9.98436840e-01  1.24579663e-10  1.20000000e+00  3.29948205e+00  1.20000000e+00  0.00000000e+00 
 1.00000000e-06  1.03930323e+00  9.98436840e-01  1.24579663e-10  1.20000000e+00  3.29948205e+00  1.20000000e+00  0.00000000e+00 
