 time            v(isense)      
 0.00000000e+00  1.00117352e+00 
 2.00000000e-11  1.00117352e+00 
 4.00000000e-11  1.00117352e+00 
 8.00000000e-11  1.00117352e+00 
 1.60000000e-10  1.00117352e+00 
 3.20000000e-10  1.00117352e+00 
 6.40000000e-10  1.00117352e+00 
 1.28000000e-09  1.00117352e+00 
 2.56000000e-09  1.00117352e+00 
 4.56000000e-09  1.00117352e+00 
 6.56000000e-09  1.00117352e+00 
 8.56000000e-09  1.00117352e+00 
 1.05600000e-08  1.00117352e+00 
 1.25600000e-08  1.00117352e+00 
 1.45600000e-08  1.00117352e+00 
 1.65600000e-08  1.00117352e+00 
 1.85600000e-08  1.00117352e+00 
 2.05600000e-08  1.00117352e+00 
 2.25600000e-08  1.00117352e+00 
 2.45600000e-08  1.00117352e+00 
 2.65600000e-08  1.00117352e+00 
 2.85600000e-08  1.00117352e+00 
 3.05600000e-08  1.00117352e+00 
 3.25600000e-08  1.00117352e+00 
 3.45600000e-08  1.00117352e+00 
 3.65600000e-08  1.00117352e+00 
 3.85600000e-08  1.00117352e+00 
 4.05600000e-08  1.00117352e+00 
 4.25600000e-08  1.00117352e+00 
 4.45600000e-08  1.00117352e+00 
 4.65600000e-08  1.00117352e+00 
 4.85600000e-08  1.00117352e+00 
 5.05600000e-08  1.00117352e+00 
 5.25600000e-08  1.00117352e+00 
 5.45600000e-08  1.00117352e+00 
 5.65600000e-08  1.00117352e+00 
 5.85600000e-08  1.00117352e+00 
 6.05600000e-08  1.00117352e+00 
 6.25600000e-08  1.00117352e+00 
 6.45600000e-08  1.00117352e+00 
 6.65600000e-08  1.00117352e+00 
 6.85600000e-08  1.00117352e+00 
 7.05600000e-08  1.00117352e+00 
 7.25600000e-08  1.00117352e+00 
 7.45600000e-08  1.00117352e+00 
 7.65600000e-08  1.00117352e+00 
 7.85600000e-08  1.00117352e+00 
 8.05600000e-08  1.00117352e+00 
 8.25600000e-08  1.00117352e+00 
 8.45600000e-08  1.00117352e+00 
 8.65600000e-08  1.00117352e+00 
 8.85600000e-08  1.00117352e+00 
 9.05600000e-08  1.00117352e+00 
 9.25600000e-08  1.00117352e+00 
 9.45600000e-08  1.00117352e+00 
 9.65600000e-08  1.00117352e+00 
 9.85600000e-08  1.00117352e+00 
 1.00560000e-07  1.00117352e+00 
 1.02560000e-07  1.00117352e+00 
 1.04560000e-07  1.00117352e+00 
 1.06560000e-07  1.00117352e+00 
 1.08560000e-07  1.00117352e+00 
 1.10560000e-07  1.00117352e+00 
 1.12560000e-07  1.00117352e+00 
 1.14560000e-07  1.00117352e+00 
 1.16560000e-07  1.00117352e+00 
 1.18560000e-07  1.00117352e+00 
 1.20560000e-07  1.00117352e+00 
 1.22560000e-07  1.00117352e+00 
 1.24560000e-07  1.00117352e+00 
 1.26560000e-07  1.00117352e+00 
 1.28560000e-07  1.00117352e+00 
 1.30560000e-07  1.00117352e+00 
 1.32560000e-07  1.00117352e+00 
 1.34560000e-07  1.00117352e+00 
 1.36560000e-07  1.00117352e+00 
 1.38560000e-07  1.00117352e+00 
 1.40560000e-07  1.00117352e+00 
 1.42560000e-07  1.00117352e+00 
 1.44560000e-07  1.00117352e+00 
 1.46560000e-07  1.00117352e+00 
 1.48560000e-07  1.00117352e+00 
 1.50560000e-07  1.00117352e+00 
 1.52560000e-07  1.00117352e+00 
 1.54560000e-07  1.00117352e+00 
 1.56560000e-07  1.00117352e+00 
 1.58560000e-07  1.00117352e+00 
 1.60560000e-07  1.00117352e+00 
 1.62560000e-07  1.00117352e+00 
 1.64560000e-07  1.00117352e+00 
 1.66560000e-07  1.00117352e+00 
 1.68560000e-07  1.00117352e+00 
 1.70560000e-07  1.00117352e+00 
 1.72560000e-07  1.00117352e+00 
 1.74560000e-07  1.00117352e+00 
 1.76560000e-07  1.00117352e+00 
 1.78560000e-07  1.00117352e+00 
 1.80560000e-07  1.00117352e+00 
 1.82560000e-07  1.00117352e+00 
 1.84560000e-07  1.00117352e+00 
 1.86560000e-07  1.00117352e+00 
 1.88560000e-07  1.00117352e+00 
 1.90560000e-07  1.00117352e+00 
 1.92560000e-07  1.00117352e+00 
 1.94560000e-07  1.00117352e+00 
 1.96560000e-07  1.00117352e+00 
 1.98560000e-07  1.00117352e+00 
 2.00560000e-07  1.00117352e+00 
 2.02560000e-07  1.00117352e+00 
 2.04560000e-07  1.00117352e+00 
 2.06560000e-07  1.00117352e+00 
 2.08560000e-07  1.00117352e+00 
 2.10560000e-07  1.00117352e+00 
 2.12560000e-07  1.00117352e+00 
 2.14560000e-07  1.00117352e+00 
 2.16560000e-07  1.00117352e+00 
 2.18560000e-07  1.00117352e+00 
 2.20560000e-07  1.00117352e+00 
 2.22560000e-07  1.00117352e+00 
 2.24560000e-07  1.00117352e+00 
 2.26560000e-07  1.00117352e+00 
 2.28560000e-07  1.00117352e+00 
 2.30560000e-07  1.00117352e+00 
 2.32560000e-07  1.00117352e+00 
 2.34560000e-07  1.00117352e+00 
 2.36560000e-07  1.00117352e+00 
 2.38560000e-07  1.00117352e+00 
 2.40560000e-07  1.00117352e+00 
 2.42560000e-07  1.00117352e+00 
 2.44560000e-07  1.00117352e+00 
 2.46560000e-07  1.00117352e+00 
 2.48560000e-07  1.00117352e+00 
 2.50560000e-07  1.00117352e+00 
 2.52560000e-07  1.00117352e+00 
 2.54560000e-07  1.00117352e+00 
 2.56560000e-07  1.00117352e+00 
 2.58560000e-07  1.00117352e+00 
 2.60560000e-07  1.00117352e+00 
 2.62560000e-07  1.00117352e+00 
 2.64560000e-07  1.00117352e+00 
 2.66560000e-07  1.00117352e+00 
 2.68560000e-07  1.00117352e+00 
 2.70560000e-07  1.00117352e+00 
 2.72560000e-07  1.00117352e+00 
 2.74560000e-07  1.00117352e+00 
 2.76560000e-07  1.00117352e+00 
 2.78560000e-07  1.00117352e+00 
 2.80560000e-07  1.00117352e+00 
 2.82560000e-07  1.00117352e+00 
 2.84560000e-07  1.00117352e+00 
 2.86560000e-07  1.00117352e+00 
 2.88560000e-07  1.00117352e+00 
 2.90560000e-07  1.00117352e+00 
 2.92560000e-07  1.00117352e+00 
 2.94560000e-07  1.00117352e+00 
 2.96560000e-07  1.00117352e+00 
 2.98560000e-07  1.00117352e+00 
 3.00560000e-07  1.00117352e+00 
 3.02560000e-07  1.00117352e+00 
 3.04560000e-07  1.00117352e+00 
 3.06560000e-07  1.00117352e+00 
 3.08560000e-07  1.00117352e+00 
 3.10560000e-07  1.00117352e+00 
 3.12560000e-07  1.00117352e+00 
 3.14560000e-07  1.00117352e+00 
 3.16560000e-07  1.00117352e+00 
 3.18560000e-07  1.00117352e+00 
 3.20560000e-07  1.00117352e+00 
 3.22560000e-07  1.00117352e+00 
 3.24560000e-07  1.00117352e+00 
 3.26560000e-07  1.00117352e+00 
 3.28560000e-07  1.00117352e+00 
 3.30560000e-07  1.00117352e+00 
 3.32560000e-07  1.00117352e+00 
 3.34560000e-07  1.00117352e+00 
 3.36560000e-07  1.00117352e+00 
 3.38560000e-07  1.00117352e+00 
 3.40560000e-07  1.00117352e+00 
 3.42560000e-07  1.00117352e+00 
 3.44560000e-07  1.00117352e+00 
 3.46560000e-07  1.00117352e+00 
 3.48560000e-07  1.00117352e+00 
 3.50560000e-07  1.00117352e+00 
 3.52560000e-07  1.00117352e+00 
 3.54560000e-07  1.00117352e+00 
 3.56560000e-07  1.00117352e+00 
 3.58560000e-07  1.00117352e+00 
 3.60560000e-07  1.00117352e+00 
 3.62560000e-07  1.00117352e+00 
 3.64560000e-07  1.00117352e+00 
 3.66560000e-07  1.00117352e+00 
 3.68560000e-07  1.00117352e+00 
 3.70560000e-07  1.00117352e+00 
 3.72560000e-07  1.00117352e+00 
 3.74560000e-07  1.00117352e+00 
 3.76560000e-07  1.00117352e+00 
 3.78560000e-07  1.00117352e+00 
 3.80560000e-07  1.00117352e+00 
 3.82560000e-07  1.00117352e+00 
 3.84560000e-07  1.00117352e+00 
 3.86560000e-07  1.00117352e+00 
 3.88560000e-07  1.00117352e+00 
 3.90560000e-07  1.00117352e+00 
 3.92560000e-07  1.00117352e+00 
 3.94560000e-07  1.00117352e+00 
 3.96560000e-07  1.00117352e+00 
 3.98560000e-07  1.00117352e+00 
 4.00560000e-07  1.00117352e+00 
 4.02560000e-07  1.00117352e+00 
 4.04560000e-07  1.00117352e+00 
 4.06560000e-07  1.00117352e+00 
 4.08560000e-07  1.00117352e+00 
 4.10560000e-07  1.00117352e+00 
 4.12560000e-07  1.00117352e+00 
 4.14560000e-07  1.00117352e+00 
 4.16560000e-07  1.00117352e+00 
 4.18560000e-07  1.00117352e+00 
 4.20560000e-07  1.00117352e+00 
 4.22560000e-07  1.00117352e+00 
 4.24560000e-07  1.00117352e+00 
 4.26560000e-07  1.00117352e+00 
 4.28560000e-07  1.00117352e+00 
 4.30560000e-07  1.00117352e+00 
 4.32560000e-07  1.00117352e+00 
 4.34560000e-07  1.00117352e+00 
 4.36560000e-07  1.00117352e+00 
 4.38560000e-07  1.00117352e+00 
 4.40560000e-07  1.00117352e+00 
 4.42560000e-07  1.00117352e+00 
 4.44560000e-07  1.00117352e+00 
 4.46560000e-07  1.00117352e+00 
 4.48560000e-07  1.00117352e+00 
 4.50560000e-07  1.00117352e+00 
 4.52560000e-07  1.00117352e+00 
 4.54560000e-07  1.00117352e+00 
 4.56560000e-07  1.00117352e+00 
 4.58560000e-07  1.00117352e+00 
 4.60560000e-07  1.00117352e+00 
 4.62560000e-07  1.00117352e+00 
 4.64560000e-07  1.00117352e+00 
 4.66560000e-07  1.00117352e+00 
 4.68560000e-07  1.00117352e+00 
 4.70560000e-07  1.00117352e+00 
 4.72560000e-07  1.00117352e+00 
 4.74560000e-07  1.00117352e+00 
 4.76560000e-07  1.00117352e+00 
 4.78560000e-07  1.00117352e+00 
 4.80560000e-07  1.00117352e+00 
 4.82560000e-07  1.00117352e+00 
 4.84560000e-07  1.00117352e+00 
 4.86560000e-07  1.00117352e+00 
 4.88560000e-07  1.00117352e+00 
 4.90560000e-07  1.00117352e+00 
 4.92560000e-07  1.00117352e+00 
 4.94560000e-07  1.00117352e+00 
 4.96560000e-07  1.00117352e+00 
 4.98560000e-07  1.00117352e+00 
 5.00560000e-07  1.00117352e+00 
 5.02560000e-07  1.00117352e+00 
 5.04560000e-07  1.00117352e+00 
 5.06560000e-07  1.00117352e+00 
 5.08560000e-07  1.00117352e+00 
 5.10560000e-07  1.00117352e+00 
 5.12560000e-07  1.00117352e+00 
 5.14560000e-07  1.00117352e+00 
 5.16560000e-07  1.00117352e+00 
 5.18560000e-07  1.00117352e+00 
 5.20560000e-07  1.00117352e+00 
 5.22560000e-07  1.00117352e+00 
 5.24560000e-07  1.00117352e+00 
 5.26560000e-07  1.00117352e+00 
 5.28560000e-07  1.00117352e+00 
 5.30560000e-07  1.00117352e+00 
 5.32560000e-07  1.00117352e+00 
 5.34560000e-07  1.00117352e+00 
 5.36560000e-07  1.00117352e+00 
 5.38560000e-07  1.00117352e+00 
 5.40560000e-07  1.00117352e+00 
 5.42560000e-07  1.00117352e+00 
 5.44560000e-07  1.00117352e+00 
 5.46560000e-07  1.00117352e+00 
 5.48560000e-07  1.00117352e+00 
 5.50560000e-07  1.00117352e+00 
 5.52560000e-07  1.00117352e+00 
 5.54560000e-07  1.00117352e+00 
 5.56560000e-07  1.00117352e+00 
 5.58560000e-07  1.00117352e+00 
 5.60560000e-07  1.00117352e+00 
 5.62560000e-07  1.00117352e+00 
 5.64560000e-07  1.00117352e+00 
 5.66560000e-07  1.00117352e+00 
 5.68560000e-07  1.00117352e+00 
 5.70560000e-07  1.00117352e+00 
 5.72560000e-07  1.00117352e+00 
 5.74560000e-07  1.00117352e+00 
 5.76560000e-07  1.00117352e+00 
 5.78560000e-07  1.00117352e+00 
 5.80560000e-07  1.00117352e+00 
 5.82560000e-07  1.00117352e+00 
 5.84560000e-07  1.00117352e+00 
 5.86560000e-07  1.00117352e+00 
 5.88560000e-07  1.00117352e+00 
 5.90560000e-07  1.00117352e+00 
 5.92560000e-07  1.00117352e+00 
 5.94560000e-07  1.00117352e+00 
 5.96560000e-07  1.00117352e+00 
 5.98560000e-07  1.00117352e+00 
 6.00560000e-07  1.00117352e+00 
 6.02560000e-07  1.00117352e+00 
 6.04560000e-07  1.00117352e+00 
 6.06560000e-07  1.00117352e+00 
 6.08560000e-07  1.00117352e+00 
 6.10560000e-07  1.00117352e+00 
 6.12560000e-07  1.00117352e+00 
 6.14560000e-07  1.00117352e+00 
 6.16560000e-07  1.00117352e+00 
 6.18560000e-07  1.00117352e+00 
 6.20560000e-07  1.00117352e+00 
 6.22560000e-07  1.00117352e+00 
 6.24560000e-07  1.00117352e+00 
 6.26560000e-07  1.00117352e+00 
 6.28560000e-07  1.00117352e+00 
 6.30560000e-07  1.00117352e+00 
 6.32560000e-07  1.00117352e+00 
 6.34560000e-07  1.00117352e+00 
 6.36560000e-07  1.00117352e+00 
 6.38560000e-07  1.00117352e+00 
 6.40560000e-07  1.00117352e+00 
 6.42560000e-07  1.00117352e+00 
 6.44560000e-07  1.00117352e+00 
 6.46560000e-07  1.00117352e+00 
 6.48560000e-07  1.00117352e+00 
 6.50560000e-07  1.00117352e+00 
 6.52560000e-07  1.00117352e+00 
 6.54560000e-07  1.00117352e+00 
 6.56560000e-07  1.00117352e+00 
 6.58560000e-07  1.00117352e+00 
 6.60560000e-07  1.00117352e+00 
 6.62560000e-07  1.00117352e+00 
 6.64560000e-07  1.00117352e+00 
 6.66560000e-07  1.00117352e+00 
 6.68560000e-07  1.00117352e+00 
 6.70560000e-07  1.00117352e+00 
 6.72560000e-07  1.00117352e+00 
 6.74560000e-07  1.00117352e+00 
 6.76560000e-07  1.00117352e+00 
 6.78560000e-07  1.00117352e+00 
 6.80560000e-07  1.00117352e+00 
 6.82560000e-07  1.00117352e+00 
 6.84560000e-07  1.00117352e+00 
 6.86560000e-07  1.00117352e+00 
 6.88560000e-07  1.00117352e+00 
 6.90560000e-07  1.00117352e+00 
 6.92560000e-07  1.00117352e+00 
 6.94560000e-07  1.00117352e+00 
 6.96560000e-07  1.00117352e+00 
 6.98560000e-07  1.00117352e+00 
 7.00560000e-07  1.00117352e+00 
 7.02560000e-07  1.00117352e+00 
 7.04560000e-07  1.00117352e+00 
 7.06560000e-07  1.00117352e+00 
 7.08560000e-07  1.00117352e+00 
 7.10560000e-07  1.00117352e+00 
 7.12560000e-07  1.00117352e+00 
 7.14560000e-07  1.00117352e+00 
 7.16560000e-07  1.00117352e+00 
 7.18560000e-07  1.00117352e+00 
 7.20560000e-07  1.00117352e+00 
 7.22560000e-07  1.00117352e+00 
 7.24560000e-07  1.00117352e+00 
 7.26560000e-07  1.00117352e+00 
 7.28560000e-07  1.00117352e+00 
 7.30560000e-07  1.00117352e+00 
 7.32560000e-07  1.00117352e+00 
 7.34560000e-07  1.00117352e+00 
 7.36560000e-07  1.00117352e+00 
 7.38560000e-07  1.00117352e+00 
 7.40560000e-07  1.00117352e+00 
 7.42560000e-07  1.00117352e+00 
 7.44560000e-07  1.00117352e+00 
 7.46560000e-07  1.00117352e+00 
 7.48560000e-07  1.00117352e+00 
 7.50560000e-07  1.00117352e+00 
 7.52560000e-07  1.00117352e+00 
 7.54560000e-07  1.00117352e+00 
 7.56560000e-07  1.00117352e+00 
 7.58560000e-07  1.00117352e+00 
 7.60560000e-07  1.00117352e+00 
 7.62560000e-07  1.00117352e+00 
 7.64560000e-07  1.00117352e+00 
 7.66560000e-07  1.00117352e+00 
 7.68560000e-07  1.00117352e+00 
 7.70560000e-07  1.00117352e+00 
 7.72560000e-07  1.00117352e+00 
 7.74560000e-07  1.00117352e+00 
 7.76560000e-07  1.00117352e+00 
 7.78560000e-07  1.00117352e+00 
 7.80560000e-07  1.00117352e+00 
 7.82560000e-07  1.00117352e+00 
 7.84560000e-07  1.00117352e+00 
 7.86560000e-07  1.00117352e+00 
 7.88560000e-07  1.00117352e+00 
 7.90560000e-07  1.00117352e+00 
 7.92560000e-07  1.00117352e+00 
 7.94560000e-07  1.00117352e+00 
 7.96560000e-07  1.00117352e+00 
 7.98560000e-07  1.00117352e+00 
 8.00560000e-07  1.00117352e+00 
 8.02560000e-07  1.00117352e+00 
 8.04560000e-07  1.00117352e+00 
 8.06560000e-07  1.00117352e+00 
 8.08560000e-07  1.00117352e+00 
 8.10560000e-07  1.00117352e+00 
 8.12560000e-07  1.00117352e+00 
 8.14560000e-07  1.00117352e+00 
 8.16560000e-07  1.00117352e+00 
 8.18560000e-07  1.00117352e+00 
 8.20560000e-07  1.00117352e+00 
 8.22560000e-07  1.00117352e+00 
 8.24560000e-07  1.00117352e+00 
 8.26560000e-07  1.00117352e+00 
 8.28560000e-07  1.00117352e+00 
 8.30560000e-07  1.00117352e+00 
 8.32560000e-07  1.00117352e+00 
 8.34560000e-07  1.00117352e+00 
 8.36560000e-07  1.00117352e+00 
 8.38560000e-07  1.00117352e+00 
 8.40560000e-07  1.00117352e+00 
 8.42560000e-07  1.00117352e+00 
 8.44560000e-07  1.00117352e+00 
 8.46560000e-07  1.00117352e+00 
 8.48560000e-07  1.00117352e+00 
 8.50560000e-07  1.00117352e+00 
 8.52560000e-07  1.00117352e+00 
 8.54560000e-07  1.00117352e+00 
 8.56560000e-07  1.00117352e+00 
 8.58560000e-07  1.00117352e+00 
 8.60560000e-07  1.00117352e+00 
 8.62560000e-07  1.00117352e+00 
 8.64560000e-07  1.00117352e+00 
 8.66560000e-07  1.00117352e+00 
 8.68560000e-07  1.00117352e+00 
 8.70560000e-07  1.00117352e+00 
 8.72560000e-07  1.00117352e+00 
 8.74560000e-07  1.00117352e+00 
 8.76560000e-07  1.00117352e+00 
 8.78560000e-07  1.00117352e+00 
 8.80560000e-07  1.00117352e+00 
 8.82560000e-07  1.00117352e+00 
 8.84560000e-07  1.00117352e+00 
 8.86560000e-07  1.00117352e+00 
 8.88560000e-07  1.00117352e+00 
 8.90560000e-07  1.00117352e+00 
 8.92560000e-07  1.00117352e+00 
 8.94560000e-07  1.00117352e+00 
 8.96560000e-07  1.00117352e+00 
 8.98560000e-07  1.00117352e+00 
 9.00560000e-07  1.00117352e+00 
 9.02560000e-07  1.00117352e+00 
 9.04560000e-07  1.00117352e+00 
 9.06560000e-07  1.00117352e+00 
 9.08560000e-07  1.00117352e+00 
 9.10560000e-07  1.00117352e+00 
 9.12560000e-07  1.00117352e+00 
 9.14560000e-07  1.00117352e+00 
 9.16560000e-07  1.00117352e+00 
 9.18560000e-07  1.00117352e+00 
 9.20560000e-07  1.00117352e+00 
 9.22560000e-07  1.00117352e+00 
 9.24560000e-07  1.00117352e+00 
 9.26560000e-07  1.00117352e+00 
 9.28560000e-07  1.00117352e+00 
 9.30560000e-07  1.00117352e+00 
 9.32560000e-07  1.00117352e+00 
 9.34560000e-07  1.00117352e+00 
 9.36560000e-07  1.00117352e+00 
 9.38560000e-07  1.00117352e+00 
 9.40560000e-07  1.00117352e+00 
 9.42560000e-07  1.00117352e+00 
 9.44560000e-07  1.00117352e+00 
 9.46560000e-07  1.00117352e+00 
 9.48560000e-07  1.00117352e+00 
 9.50560000e-07  1.00117352e+00 
 9.52560000e-07  1.00117352e+00 
 9.54560000e-07  1.00117352e+00 
 9.56560000e-07  1.00117352e+00 
 9.58560000e-07  1.00117352e+00 
 9.60560000e-07  1.00117352e+00 
 9.62560000e-07  1.00117352e+00 
 9.64560000e-07  1.00117352e+00 
 9.66560000e-07  1.00117352e+00 
 9.68560000e-07  1.00117352e+00 
 9.70560000e-07  1.00117352e+00 
 9.72560000e-07  1.00117352e+00 
 9.74560000e-07  1.00117352e+00 
 9.76560000e-07  1.00117352e+00 
 9.78560000e-07  1.00117352e+00 
 9.80560000e-07  1.00117352e+00 
 9.82560000e-07  1.00117352e+00 
 9.84560000e-07  1.00117352e+00 
 9.86560000e-07  1.00117352e+00 
 9.88560000e-07  1.00117352e+00 
 9.90560000e-07  1.00117352e+00 
 9.92560000e-07  1.00117352e+00 
 9.94560000e-07  1.00117352e+00 
 9.96560000e-07  1.00117352e+00 
 9.98280000e-07  1.00117352e+00 
 1.00000000e-06  1.00117352e+00 
 1.00010000e-06  1.00117397e+00 
 1.00030000e-06  1.00117603e+00 
 1.00065000e-06  1.00117610e+00 
 1.00100000e-06  1.00115192e+00 
 1.00107000e-06  1.00114158e+00 
 1.00121000e-06  1.00111719e+00 
 1.00149000e-06  1.00105357e+00 
 1.00205000e-06  1.00097245e+00 
 1.00317000e-06  1.00149339e+00 
 1.00517000e-06  1.00528424e+00 
 1.00717000e-06  1.01263825e+00 
 1.00917000e-06  1.02352615e+00 
 1.01117000e-06  1.03806111e+00 
 1.01317000e-06  1.05602629e+00 
 1.01517000e-06  1.07698281e+00 
 1.01717000e-06  1.10037133e+00 
 1.01917000e-06  1.12561614e+00 
 1.02117000e-06  1.15224836e+00 
 1.02317000e-06  1.17984988e+00 
 1.02517000e-06  1.20809059e+00 
 1.02717000e-06  1.23672212e+00 
 1.02917000e-06  1.26553264e+00 
 1.03117000e-06  1.29436055e+00 
 1.03317000e-06  1.32306954e+00 
 1.03517000e-06  1.35153733e+00 
 1.03717000e-06  1.37966330e+00 
 1.03917000e-06  1.40735890e+00 
 1.04117000e-06  1.43454773e+00 
 1.04317000e-06  1.46116427e+00 
 1.04517000e-06  1.48715297e+00 
 1.04717000e-06  1.51246731e+00 
 1.04917000e-06  1.53706914e+00 
 1.05117000e-06  1.56092788e+00 
 1.05317000e-06  1.58401981e+00 
 1.05517000e-06  1.60632745e+00 
 1.05717000e-06  1.62783886e+00 
 1.05917000e-06  1.64854714e+00 
 1.06117000e-06  1.66844984e+00 
 1.06317000e-06  1.68754846e+00 
 1.06517000e-06  1.70584804e+00 
 1.06717000e-06  1.72335670e+00 
 1.06917000e-06  1.74008526e+00 
 1.07117000e-06  1.75604691e+00 
 1.07317000e-06  1.77125686e+00 
 1.07517000e-06  1.78573204e+00 
 1.07717000e-06  1.79949087e+00 
 1.07917000e-06  1.81255279e+00 
 1.08117000e-06  1.82493856e+00 
 1.08317000e-06  1.83666971e+00 
 1.08517000e-06  1.84776795e+00 
 1.08717000e-06  1.85825568e+00 
 1.08917000e-06  1.86815559e+00 
 1.09117000e-06  1.87749046e+00 
 1.09317000e-06  1.88628302e+00 
 1.09517000e-06  1.89455609e+00 
 1.09717000e-06  1.90233216e+00 
 1.09917000e-06  1.90963326e+00 
 1.10117000e-06  1.91648135e+00 
 1.10317000e-06  1.92289785e+00 
 1.10517000e-06  1.92890369e+00 
 1.10717000e-06  1.93451931e+00 
 1.10917000e-06  1.93976461e+00 
 1.11117000e-06  1.94465888e+00 
 1.11317000e-06  1.94922083e+00 
 1.11517000e-06  1.95346852e+00 
 1.11717000e-06  1.95741939e+00 
 1.11917000e-06  1.96109022e+00 
 1.12117000e-06  1.96449713e+00 
 1.12317000e-06  1.96765559e+00 
 1.12517000e-06  1.97058043e+00 
 1.12717000e-06  1.97328581e+00 
 1.12917000e-06  1.97578528e+00 
 1.13117000e-06  1.97809172e+00 
 1.13317000e-06  1.98021744e+00 
 1.13517000e-06  1.98217410e+00 
 1.13717000e-06  1.98397282e+00 
 1.13917000e-06  1.98562412e+00 
 1.14117000e-06  1.98713796e+00 
 1.14317000e-06  1.98852379e+00 
 1.14517000e-06  1.98979052e+00 
 1.14717000e-06  1.99094656e+00 
 1.14917000e-06  1.99199985e+00 
 1.15117000e-06  1.99295787e+00 
 1.15317000e-06  1.99382765e+00 
 1.15517000e-06  1.99461580e+00 
 1.15717000e-06  1.99532853e+00 
 1.15917000e-06  1.99597164e+00 
 1.16117000e-06  1.99655060e+00 
 1.16317000e-06  1.99707050e+00 
 1.16517000e-06  1.99753610e+00 
 1.16717000e-06  1.99795187e+00 
 1.16917000e-06  1.99832195e+00 
 1.17117000e-06  1.99865021e+00 
 1.17317000e-06  1.99894026e+00 
 1.17517000e-06  1.99919543e+00 
 1.17717000e-06  1.99941885e+00 
 1.17917000e-06  1.99961339e+00 
 1.18117000e-06  1.99978172e+00 
 1.18317000e-06  1.99992632e+00 
 1.18517000e-06  2.00004948e+00 
 1.18717000e-06  2.00015330e+00 
 1.18917000e-06  2.00023973e+00 
 1.19117000e-06  2.00031057e+00 
 1.19317000e-06  2.00036746e+00 
 1.19517000e-06  2.00041192e+00 
 1.19717000e-06  2.00044534e+00 
 1.19917000e-06  2.00046898e+00 
 1.20117000e-06  2.00048401e+00 
 1.20317000e-06  2.00049149e+00 
 1.20517000e-06  2.00049239e+00 
 1.20717000e-06  2.00048758e+00 
 1.20917000e-06  2.00047787e+00 
 1.21117000e-06  2.00046398e+00 
 1.21317000e-06  2.00044656e+00 
 1.21517000e-06  2.00042621e+00 
 1.21717000e-06  2.00040345e+00 
 1.21917000e-06  2.00037876e+00 
 1.22117000e-06  2.00035256e+00 
 1.22317000e-06  2.00032525e+00 
 1.22517000e-06  2.00029714e+00 
 1.22717000e-06  2.00026855e+00 
 1.22917000e-06  2.00023974e+00 
 1.23117000e-06  2.00021093e+00 
 1.23317000e-06  2.00018233e+00 
 1.23517000e-06  2.00015411e+00 
 1.23717000e-06  2.00012643e+00 
 1.23917000e-06  2.00009941e+00 
 1.24117000e-06  2.00007316e+00 
 1.24317000e-06  2.00004776e+00 
 1.24517000e-06  2.00002330e+00 
 1.24717000e-06  1.99999983e+00 
 1.24917000e-06  1.99997739e+00 
 1.25117000e-06  1.99995603e+00 
 1.25317000e-06  1.99993575e+00 
 1.25517000e-06  1.99991659e+00 
 1.25717000e-06  1.99989853e+00 
 1.25917000e-06  1.99988159e+00 
 1.26117000e-06  1.99986576e+00 
 1.26317000e-06  1.99985101e+00 
 1.26517000e-06  1.99983734e+00 
 1.26717000e-06  1.99982472e+00 
 1.26917000e-06  1.99981312e+00 
 1.27117000e-06  1.99980252e+00 
 1.27317000e-06  1.99979290e+00 
 1.27517000e-06  1.99978420e+00 
 1.27717000e-06  1.99977641e+00 
 1.27917000e-06  1.99976949e+00 
 1.28117000e-06  1.99976339e+00 
 1.28317000e-06  1.99975809e+00 
 1.28517000e-06  1.99975355e+00 
 1.28717000e-06  1.99974974e+00 
 1.28917000e-06  1.99974661e+00 
 1.29117000e-06  1.99974412e+00 
 1.29317000e-06  1.99974226e+00 
 1.29517000e-06  1.99974097e+00 
 1.29717000e-06  1.99974023e+00 
 1.29917000e-06  1.99974000e+00 
 1.30117000e-06  1.99974025e+00 
 1.30317000e-06  1.99974094e+00 
 1.30517000e-06  1.99974206e+00 
 1.30717000e-06  1.99974357e+00 
 1.30917000e-06  1.99974543e+00 
 1.31117000e-06  1.99974763e+00 
 1.31317000e-06  1.99975014e+00 
 1.31517000e-06  1.99975292e+00 
 1.31717000e-06  1.99975597e+00 
 1.31917000e-06  1.99975925e+00 
 1.32117000e-06  1.99976275e+00 
 1.32317000e-06  1.99976644e+00 
 1.32517000e-06  1.99977030e+00 
 1.32717000e-06  1.99977432e+00 
 1.32917000e-06  1.99977848e+00 
 1.33117000e-06  1.99978276e+00 
 1.33317000e-06  1.99978714e+00 
 1.33517000e-06  1.99979162e+00 
 1.33717000e-06  1.99979617e+00 
 1.33917000e-06  1.99980079e+00 
 1.34117000e-06  1.99980546e+00 
 1.34317000e-06  1.99981018e+00 
 1.34517000e-06  1.99981492e+00 
 1.34717000e-06  1.99981969e+00 
 1.34917000e-06  1.99982447e+00 
 1.35117000e-06  1.99982925e+00 
 1.35317000e-06  1.99983403e+00 
 1.35517000e-06  1.99983879e+00 
 1.35717000e-06  1.99984354e+00 
 1.35917000e-06  1.99984827e+00 
 1.36117000e-06  1.99985296e+00 
 1.36317000e-06  1.99985762e+00 
 1.36517000e-06  1.99986225e+00 
 1.36717000e-06  1.99986683e+00 
 1.36917000e-06  1.99987136e+00 
 1.37117000e-06  1.99987584e+00 
 1.37317000e-06  1.99988027e+00 
 1.37517000e-06  1.99988465e+00 
 1.37717000e-06  1.99988896e+00 
 1.37917000e-06  1.99989322e+00 
 1.38117000e-06  1.99989741e+00 
 1.38317000e-06  1.99990154e+00 
 1.38517000e-06  1.99990561e+00 
 1.38717000e-06  1.99990961e+00 
 1.38917000e-06  1.99991354e+00 
 1.39117000e-06  1.99991740e+00 
 1.39317000e-06  1.99992120e+00 
 1.39517000e-06  1.99992493e+00 
 1.39717000e-06  1.99992859e+00 
 1.39917000e-06  1.99993218e+00 
 1.40117000e-06  1.99993570e+00 
 1.40317000e-06  1.99993915e+00 
 1.40517000e-06  1.99994254e+00 
 1.40717000e-06  1.99994586e+00 
 1.40917000e-06  1.99994911e+00 
 1.41117000e-06  1.99995229e+00 
 1.41317000e-06  1.99995541e+00 
 1.41517000e-06  1.99995846e+00 
 1.41717000e-06  1.99996145e+00 
 1.41917000e-06  1.99996437e+00 
 1.42117000e-06  1.99996723e+00 
 1.42317000e-06  1.99997003e+00 
 1.42517000e-06  1.99997276e+00 
 1.42717000e-06  1.99997544e+00 
 1.42917000e-06  1.99997806e+00 
 1.43117000e-06  1.99998061e+00 
 1.43317000e-06  1.99998312e+00 
 1.43517000e-06  1.99998556e+00 
 1.43717000e-06  1.99998795e+00 
 1.43917000e-06  1.99999028e+00 
 1.44117000e-06  1.99999256e+00 
 1.44317000e-06  1.99999479e+00 
 1.44517000e-06  1.99999697e+00 
 1.44717000e-06  1.99999909e+00 
 1.44917000e-06  2.00000117e+00 
 1.45117000e-06  2.00000320e+00 
 1.45317000e-06  2.00000518e+00 
 1.45517000e-06  2.00000711e+00 
 1.45717000e-06  2.00000900e+00 
 1.45917000e-06  2.00001085e+00 
 1.46117000e-06  2.00001265e+00 
 1.46317000e-06  2.00001441e+00 
 1.46517000e-06  2.00001613e+00 
 1.46717000e-06  2.00001781e+00 
 1.46917000e-06  2.00001944e+00 
 1.47117000e-06  2.00002104e+00 
 1.47317000e-06  2.00002260e+00 
 1.47517000e-06  2.00002413e+00 
 1.47717000e-06  2.00002562e+00 
 1.47917000e-06  2.00002707e+00 
 1.48117000e-06  2.00002849e+00 
 1.48317000e-06  2.00002987e+00 
 1.48517000e-06  2.00003122e+00 
 1.48717000e-06  2.00003254e+00 
 1.48917000e-06  2.00003383e+00 
 1.49117000e-06  2.00003509e+00 
 1.49317000e-06  2.00003632e+00 
 1.49517000e-06  2.00003752e+00 
 1.49717000e-06  2.00003869e+00 
 1.49917000e-06  2.00003983e+00 
 1.50117000e-06  2.00004094e+00 
 1.50317000e-06  2.00004203e+00 
 1.50517000e-06  2.00004310e+00 
 1.50717000e-06  2.00004414e+00 
 1.50917000e-06  2.00004515e+00 
 1.51117000e-06  2.00004614e+00 
 1.51317000e-06  2.00004710e+00 
 1.51517000e-06  2.00004805e+00 
 1.51717000e-06  2.00004897e+00 
 1.51917000e-06  2.00004987e+00 
 1.52117000e-06  2.00005075e+00 
 1.52317000e-06  2.00005160e+00 
 1.52517000e-06  2.00005244e+00 
 1.52717000e-06  2.00005326e+00 
 1.52917000e-06  2.00005405e+00 
 1.53117000e-06  2.00005483e+00 
 1.53317000e-06  2.00005559e+00 
 1.53517000e-06  2.00005634e+00 
 1.53717000e-06  2.00005706e+00 
 1.53917000e-06  2.00005777e+00 
 1.54117000e-06  2.00005846e+00 
 1.54317000e-06  2.00005914e+00 
 1.54517000e-06  2.00005980e+00 
 1.54717000e-06  2.00006044e+00 
 1.54917000e-06  2.00006107e+00 
 1.55117000e-06  2.00006168e+00 
 1.55317000e-06  2.00006228e+00 
 1.55517000e-06  2.00006287e+00 
 1.55717000e-06  2.00006344e+00 
 1.55917000e-06  2.00006400e+00 
 1.56117000e-06  2.00006455e+00 
 1.56317000e-06  2.00006508e+00 
 1.56517000e-06  2.00006560e+00 
 1.56717000e-06  2.00006611e+00 
 1.56917000e-06  2.00006660e+00 
 1.57117000e-06  2.00006709e+00 
 1.57317000e-06  2.00006756e+00 
 1.57517000e-06  2.00006802e+00 
 1.57717000e-06  2.00006847e+00 
 1.57917000e-06  2.00006891e+00 
 1.58117000e-06  2.00006934e+00 
 1.58317000e-06  2.00006977e+00 
 1.58517000e-06  2.00007018e+00 
 1.58717000e-06  2.00007058e+00 
 1.58917000e-06  2.00007097e+00 
 1.59117000e-06  2.00007135e+00 
 1.59317000e-06  2.00007173e+00 
 1.59517000e-06  2.00007209e+00 
 1.59717000e-06  2.00007245e+00 
 1.59917000e-06  2.00007279e+00 
 1.60117000e-06  2.00007314e+00 
 1.60317000e-06  2.00007347e+00 
 1.60517000e-06  2.00007379e+00 
 1.60717000e-06  2.00007411e+00 
 1.60917000e-06  2.00007442e+00 
 1.61117000e-06  2.00007472e+00 
 1.61317000e-06  2.00007502e+00 
 1.61517000e-06  2.00007530e+00 
 1.61717000e-06  2.00007559e+00 
 1.61917000e-06  2.00007586e+00 
 1.62117000e-06  2.00007613e+00 
 1.62317000e-06  2.00007639e+00 
 1.62517000e-06  2.00007665e+00 
 1.62717000e-06  2.00007690e+00 
 1.62917000e-06  2.00007714e+00 
 1.63117000e-06  2.00007738e+00 
 1.63317000e-06  2.00007762e+00 
 1.63517000e-06  2.00007784e+00 
 1.63717000e-06  2.00007807e+00 
 1.63917000e-06  2.00007828e+00 
 1.64117000e-06  2.00007850e+00 
 1.64317000e-06  2.00007870e+00 
 1.64517000e-06  2.00007891e+00 
 1.64717000e-06  2.00007910e+00 
 1.64917000e-06  2.00007930e+00 
 1.65117000e-06  2.00007949e+00 
 1.65317000e-06  2.00007967e+00 
 1.65517000e-06  2.00007985e+00 
 1.65717000e-06  2.00008003e+00 
 1.65917000e-06  2.00008020e+00 
 1.66117000e-06  2.00008037e+00 
 1.66317000e-06  2.00008053e+00 
 1.66517000e-06  2.00008069e+00 
 1.66717000e-06  2.00008085e+00 
 1.66917000e-06  2.00008100e+00 
 1.67117000e-06  2.00008115e+00 
 1.67317000e-06  2.00008130e+00 
 1.67517000e-06  2.00008144e+00 
 1.67717000e-06  2.00008158e+00 
 1.67917000e-06  2.00008171e+00 
 1.68117000e-06  2.00008185e+00 
 1.68317000e-06  2.00008198e+00 
 1.68517000e-06  2.00008210e+00 
 1.68717000e-06  2.00008223e+00 
 1.68917000e-06  2.00008235e+00 
 1.69117000e-06  2.00008246e+00 
 1.69317000e-06  2.00008258e+00 
 1.69517000e-06  2.00008269e+00 
 1.69717000e-06  2.00008280e+00 
 1.69917000e-06  2.00008291e+00 
 1.70117000e-06  2.00008302e+00 
 1.70317000e-06  2.00008312e+00 
 1.70517000e-06  2.00008322e+00 
 1.70717000e-06  2.00008332e+00 
 1.70917000e-06  2.00008341e+00 
 1.71117000e-06  2.00008350e+00 
 1.71317000e-06  2.00008360e+00 
 1.71517000e-06  2.00008368e+00 
 1.71717000e-06  2.00008377e+00 
 1.71917000e-06  2.00008386e+00 
 1.72117000e-06  2.00008394e+00 
 1.72317000e-06  2.00008402e+00 
 1.72517000e-06  2.00008410e+00 
 1.72717000e-06  2.00008418e+00 
 1.72917000e-06  2.00008425e+00 
 1.73117000e-06  2.00008433e+00 
 1.73317000e-06  2.00008440e+00 
 1.73517000e-06  2.00008447e+00 
 1.73717000e-06  2.00008454e+00 
 1.73917000e-06  2.00008460e+00 
 1.74117000e-06  2.00008467e+00 
 1.74317000e-06  2.00008473e+00 
 1.74517000e-06  2.00008480e+00 
 1.74717000e-06  2.00008486e+00 
 1.74917000e-06  2.00008492e+00 
 1.75117000e-06  2.00008498e+00 
 1.75317000e-06  2.00008503e+00 
 1.75517000e-06  2.00008509e+00 
 1.75717000e-06  2.00008514e+00 
 1.75917000e-06  2.00008520e+00 
 1.76117000e-06  2.00008525e+00 
 1.76317000e-06  2.00008530e+00 
 1.76517000e-06  2.00008535e+00 
 1.76717000e-06  2.00008540e+00 
 1.76917000e-06  2.00008544e+00 
 1.77117000e-06  2.00008549e+00 
 1.77317000e-06  2.00008553e+00 
 1.77517000e-06  2.00008558e+00 
 1.77717000e-06  2.00008562e+00 
 1.77917000e-06  2.00008566e+00 
 1.78117000e-06  2.00008570e+00 
 1.78317000e-06  2.00008574e+00 
 1.78517000e-06  2.00008578e+00 
 1.78717000e-06  2.00008582e+00 
 1.78917000e-06  2.00008586e+00 
 1.79117000e-06  2.00008589e+00 
 1.79317000e-06  2.00008593e+00 
 1.79517000e-06  2.00008597e+00 
 1.79717000e-06  2.00008600e+00 
 1.79917000e-06  2.00008603e+00 
 1.80117000e-06  2.00008606e+00 
 1.80317000e-06  2.00008610e+00 
 1.80517000e-06  2.00008613e+00 
 1.80717000e-06  2.00008616e+00 
 1.80917000e-06  2.00008619e+00 
 1.81117000e-06  2.00008622e+00 
 1.81317000e-06  2.00008624e+00 
 1.81517000e-06  2.00008627e+00 
 1.81717000e-06  2.00008630e+00 
 1.81917000e-06  2.00008632e+00 
 1.82117000e-06  2.00008635e+00 
 1.82317000e-06  2.00008637e+00 
 1.82517000e-06  2.00008640e+00 
 1.82717000e-06  2.00008642e+00 
 1.82917000e-06  2.00008645e+00 
 1.83117000e-06  2.00008647e+00 
 1.83317000e-06  2.00008649e+00 
 1.83517000e-06  2.00008651e+00 
 1.83717000e-06  2.00008653e+00 
 1.83917000e-06  2.00008656e+00 
 1.84117000e-06  2.00008658e+00 
 1.84317000e-06  2.00008660e+00 
 1.84517000e-06  2.00008661e+00 
 1.84717000e-06  2.00008663e+00 
 1.84917000e-06  2.00008665e+00 
 1.85117000e-06  2.00008667e+00 
 1.85317000e-06  2.00008669e+00 
 1.85517000e-06  2.00008670e+00 
 1.85717000e-06  2.00008672e+00 
 1.85917000e-06  2.00008674e+00 
 1.86117000e-06  2.00008675e+00 
 1.86317000e-06  2.00008677e+00 
 1.86517000e-06  2.00008678e+00 
 1.86717000e-06  2.00008680e+00 
 1.86917000e-06  2.00008681e+00 
 1.87117000e-06  2.00008683e+00 
 1.87317000e-06  2.00008684e+00 
 1.87517000e-06  2.00008686e+00 
 1.87717000e-06  2.00008687e+00 
 1.87917000e-06  2.00008688e+00 
 1.88117000e-06  2.00008689e+00 
 1.88317000e-06  2.00008691e+00 
 1.88517000e-06  2.00008692e+00 
 1.88717000e-06  2.00008693e+00 
 1.88917000e-06  2.00008694e+00 
 1.89117000e-06  2.00008695e+00 
 1.89317000e-06  2.00008696e+00 
 1.89517000e-06  2.00008697e+00 
 1.89717000e-06  2.00008699e+00 
 1.89917000e-06  2.00008700e+00 
 1.90117000e-06  2.00008701e+00 
 1.90317000e-06  2.00008702e+00 
 1.90517000e-06  2.00008702e+00 
 1.90717000e-06  2.00008703e+00 
 1.90917000e-06  2.00008704e+00 
 1.91117000e-06  2.00008705e+00 
 1.91317000e-06  2.00008706e+00 
 1.91517000e-06  2.00008707e+00 
 1.91717000e-06  2.00008708e+00 
 1.91917000e-06  2.00008709e+00 
 1.92117000e-06  2.00008709e+00 
 1.92317000e-06  2.00008710e+00 
 1.92517000e-06  2.00008711e+00 
 1.92717000e-06  2.00008712e+00 
 1.92917000e-06  2.00008712e+00 
 1.93117000e-06  2.00008713e+00 
 1.93317000e-06  2.00008714e+00 
 1.93517000e-06  2.00008714e+00 
 1.93717000e-06  2.00008715e+00 
 1.93917000e-06  2.00008716e+00 
 1.94117000e-06  2.00008716e+00 
 1.94317000e-06  2.00008717e+00 
 1.94517000e-06  2.00008718e+00 
 1.94717000e-06  2.00008718e+00 
 1.94917000e-06  2.00008719e+00 
 1.95117000e-06  2.00008719e+00 
 1.95317000e-06  2.00008720e+00 
 1.95517000e-06  2.00008720e+00 
 1.95717000e-06  2.00008721e+00 
 1.95917000e-06  2.00008721e+00 
 1.96117000e-06  2.00008722e+00 
 1.96317000e-06  2.00008722e+00 
 1.96517000e-06  2.00008723e+00 
 1.96717000e-06  2.00008723e+00 
 1.96917000e-06  2.00008724e+00 
 1.97117000e-06  2.00008724e+00 
 1.97317000e-06  2.00008725e+00 
 1.97517000e-06  2.00008725e+00 
 1.97717000e-06  2.00008725e+00 
 1.97917000e-06  2.00008726e+00 
 1.98117000e-06  2.00008726e+00 
 1.98317000e-06  2.00008727e+00 
 1.98517000e-06  2.00008727e+00 
 1.98717000e-06  2.00008727e+00 
 1.98917000e-06  2.00008728e+00 
 1.99117000e-06  2.00008728e+00 
 1.99317000e-06  2.00008728e+00 
 1.99517000e-06  2.00008729e+00 
 1.99717000e-06  2.00008729e+00 
 1.99917000e-06  2.00008729e+00 
 2.00117000e-06  2.00008730e+00 
 2.00317000e-06  2.00008730e+00 
 2.00517000e-06  2.00008730e+00 
 2.00717000e-06  2.00008730e+00 
 2.00917000e-06  2.00008731e+00 
 2.01117000e-06  2.00008731e+00 
 2.01317000e-06  2.00008731e+00 
 2.01517000e-06  2.00008732e+00 
 2.01717000e-06  2.00008732e+00 
 2.01917000e-06  2.00008732e+00 
 2.02117000e-06  2.00008732e+00 
 2.02317000e-06  2.00008733e+00 
 2.02517000e-06  2.00008733e+00 
 2.02717000e-06  2.00008733e+00 
 2.02917000e-06  2.00008733e+00 
 2.03117000e-06  2.00008733e+00 
 2.03317000e-06  2.00008734e+00 
 2.03517000e-06  2.00008734e+00 
 2.03717000e-06  2.00008734e+00 
 2.03917000e-06  2.00008734e+00 
 2.04117000e-06  2.00008734e+00 
 2.04317000e-06  2.00008735e+00 
 2.04517000e-06  2.00008735e+00 
 2.04717000e-06  2.00008735e+00 
 2.04917000e-06  2.00008735e+00 
 2.05117000e-06  2.00008735e+00 
 2.05317000e-06  2.00008735e+00 
 2.05517000e-06  2.00008736e+00 
 2.05717000e-06  2.00008736e+00 
 2.05917000e-06  2.00008736e+00 
 2.06117000e-06  2.00008736e+00 
 2.06317000e-06  2.00008736e+00 
 2.06517000e-06  2.00008736e+00 
 2.06717000e-06  2.00008737e+00 
 2.06917000e-06  2.00008737e+00 
 2.07117000e-06  2.00008737e+00 
 2.07317000e-06  2.00008737e+00 
 2.07517000e-06  2.00008737e+00 
 2.07717000e-06  2.00008737e+00 
 2.07917000e-06  2.00008737e+00 
 2.08117000e-06  2.00008737e+00 
 2.08317000e-06  2.00008738e+00 
 2.08517000e-06  2.00008738e+00 
 2.08717000e-06  2.00008738e+00 
 2.08917000e-06  2.00008738e+00 
 2.09117000e-06  2.00008738e+00 
 2.09317000e-06  2.00008738e+00 
 2.09517000e-06  2.00008738e+00 
 2.09717000e-06  2.00008738e+00 
 2.09917000e-06  2.00008738e+00 
 2.10117000e-06  2.00008739e+00 
 2.10317000e-06  2.00008739e+00 
 2.10517000e-06  2.00008739e+00 
 2.10717000e-06  2.00008739e+00 
 2.10917000e-06  2.00008739e+00 
 2.11117000e-06  2.00008739e+00 
 2.11317000e-06  2.00008739e+00 
 2.11517000e-06  2.00008739e+00 
 2.11717000e-06  2.00008739e+00 
 2.11917000e-06  2.00008739e+00 
 2.12117000e-06  2.00008739e+00 
 2.12317000e-06  2.00008739e+00 
 2.12517000e-06  2.00008739e+00 
 2.12717000e-06  2.00008740e+00 
 2.12917000e-06  2.00008740e+00 
 2.13117000e-06  2.00008740e+00 
 2.13317000e-06  2.00008740e+00 
 2.13517000e-06  2.00008740e+00 
 2.13717000e-06  2.00008740e+00 
 2.13917000e-06  2.00008740e+00 
 2.14117000e-06  2.00008740e+00 
 2.14317000e-06  2.00008740e+00 
 2.14517000e-06  2.00008740e+00 
 2.14717000e-06  2.00008740e+00 
 2.14917000e-06  2.00008740e+00 
 2.15117000e-06  2.00008740e+00 
 2.15317000e-06  2.00008740e+00 
 2.15517000e-06  2.00008740e+00 
 2.15717000e-06  2.00008740e+00 
 2.15917000e-06  2.00008740e+00 
 2.16117000e-06  2.00008741e+00 
 2.16317000e-06  2.00008741e+00 
 2.16517000e-06  2.00008741e+00 
 2.16717000e-06  2.00008741e+00 
 2.16917000e-06  2.00008741e+00 
 2.17117000e-06  2.00008741e+00 
 2.17317000e-06  2.00008741e+00 
 2.17517000e-06  2.00008741e+00 
 2.17717000e-06  2.00008741e+00 
 2.17917000e-06  2.00008741e+00 
 2.18117000e-06  2.00008741e+00 
 2.18317000e-06  2.00008741e+00 
 2.18517000e-06  2.00008741e+00 
 2.18717000e-06  2.00008741e+00 
 2.18917000e-06  2.00008741e+00 
 2.19117000e-06  2.00008741e+00 
 2.19317000e-06  2.00008741e+00 
 2.19517000e-06  2.00008741e+00 
 2.19717000e-06  2.00008741e+00 
 2.19917000e-06  2.00008741e+00 
 2.20117000e-06  2.00008741e+00 
 2.20317000e-06  2.00008741e+00 
 2.20517000e-06  2.00008741e+00 
 2.20717000e-06  2.00008741e+00 
 2.20917000e-06  2.00008741e+00 
 2.21117000e-06  2.00008741e+00 
 2.21317000e-06  2.00008741e+00 
 2.21517000e-06  2.00008741e+00 
 2.21717000e-06  2.00008741e+00 
 2.21917000e-06  2.00008742e+00 
 2.22117000e-06  2.00008742e+00 
 2.22317000e-06  2.00008742e+00 
 2.22517000e-06  2.00008742e+00 
 2.22717000e-06  2.00008742e+00 
 2.22917000e-06  2.00008742e+00 
 2.23117000e-06  2.00008742e+00 
 2.23317000e-06  2.00008742e+00 
 2.23517000e-06  2.00008742e+00 
 2.23717000e-06  2.00008742e+00 
 2.23917000e-06  2.00008742e+00 
 2.24117000e-06  2.00008742e+00 
 2.24317000e-06  2.00008742e+00 
 2.24517000e-06  2.00008742e+00 
 2.24717000e-06  2.00008742e+00 
 2.24917000e-06  2.00008742e+00 
 2.25117000e-06  2.00008742e+00 
 2.25317000e-06  2.00008742e+00 
 2.25517000e-06  2.00008742e+00 
 2.25717000e-06  2.00008742e+00 
 2.25917000e-06  2.00008742e+00 
 2.26117000e-06  2.00008742e+00 
 2.26317000e-06  2.00008742e+00 
 2.26517000e-06  2.00008742e+00 
 2.26717000e-06  2.00008742e+00 
 2.26917000e-06  2.00008742e+00 
 2.27117000e-06  2.00008742e+00 
 2.27317000e-06  2.00008742e+00 
 2.27517000e-06  2.00008742e+00 
 2.27717000e-06  2.00008742e+00 
 2.27917000e-06  2.00008742e+00 
 2.28117000e-06  2.00008742e+00 
 2.28317000e-06  2.00008742e+00 
 2.28517000e-06  2.00008742e+00 
 2.28717000e-06  2.00008742e+00 
 2.28917000e-06  2.00008742e+00 
 2.29117000e-06  2.00008742e+00 
 2.29317000e-06  2.00008742e+00 
 2.29517000e-06  2.00008742e+00 
 2.29717000e-06  2.00008742e+00 
 2.29917000e-06  2.00008742e+00 
 2.30117000e-06  2.00008742e+00 
 2.30317000e-06  2.00008742e+00 
 2.30517000e-06  2.00008742e+00 
 2.30717000e-06  2.00008742e+00 
 2.30917000e-06  2.00008742e+00 
 2.31117000e-06  2.00008742e+00 
 2.31317000e-06  2.00008742e+00 
 2.31517000e-06  2.00008742e+00 
 2.31717000e-06  2.00008742e+00 
 2.31917000e-06  2.00008742e+00 
 2.32117000e-06  2.00008742e+00 
 2.32317000e-06  2.00008742e+00 
 2.32517000e-06  2.00008742e+00 
 2.32717000e-06  2.00008742e+00 
 2.32917000e-06  2.00008742e+00 
 2.33117000e-06  2.00008742e+00 
 2.33317000e-06  2.00008742e+00 
 2.33517000e-06  2.00008742e+00 
 2.33717000e-06  2.00008742e+00 
 2.33917000e-06  2.00008742e+00 
 2.34117000e-06  2.00008742e+00 
 2.34317000e-06  2.00008742e+00 
 2.34517000e-06  2.00008742e+00 
 2.34717000e-06  2.00008742e+00 
 2.34917000e-06  2.00008742e+00 
 2.35117000e-06  2.00008742e+00 
 2.35317000e-06  2.00008742e+00 
 2.35517000e-06  2.00008742e+00 
 2.35717000e-06  2.00008742e+00 
 2.35917000e-06  2.00008742e+00 
 2.36117000e-06  2.00008742e+00 
 2.36317000e-06  2.00008742e+00 
 2.36517000e-06  2.00008742e+00 
 2.36717000e-06  2.00008742e+00 
 2.36917000e-06  2.00008742e+00 
 2.37117000e-06  2.00008742e+00 
 2.37317000e-06  2.00008742e+00 
 2.37517000e-06  2.00008742e+00 
 2.37717000e-06  2.00008742e+00 
 2.37917000e-06  2.00008742e+00 
 2.38117000e-06  2.00008742e+00 
 2.38317000e-06  2.00008742e+00 
 2.38517000e-06  2.00008742e+00 
 2.38717000e-06  2.00008742e+00 
 2.38917000e-06  2.00008742e+00 
 2.39117000e-06  2.00008742e+00 
 2.39317000e-06  2.00008742e+00 
 2.39517000e-06  2.00008742e+00 
 2.39717000e-06  2.00008742e+00 
 2.39917000e-06  2.00008742e+00 
 2.40117000e-06  2.00008742e+00 
 2.40317000e-06  2.00008742e+00 
 2.40517000e-06  2.00008742e+00 
 2.40717000e-06  2.00008742e+00 
 2.40917000e-06  2.00008742e+00 
 2.41117000e-06  2.00008742e+00 
 2.41317000e-06  2.00008742e+00 
 2.41517000e-06  2.00008742e+00 
 2.41717000e-06  2.00008742e+00 
 2.41917000e-06  2.00008742e+00 
 2.42117000e-06  2.00008742e+00 
 2.42317000e-06  2.00008742e+00 
 2.42517000e-06  2.00008742e+00 
 2.42717000e-06  2.00008742e+00 
 2.42917000e-06  2.00008742e+00 
 2.43117000e-06  2.00008742e+00 
 2.43317000e-06  2.00008742e+00 
 2.43517000e-06  2.00008742e+00 
 2.43717000e-06  2.00008742e+00 
 2.43917000e-06  2.00008742e+00 
 2.44117000e-06  2.00008742e+00 
 2.44317000e-06  2.00008742e+00 
 2.44517000e-06  2.00008742e+00 
 2.44717000e-06  2.00008742e+00 
 2.44917000e-06  2.00008742e+00 
 2.45117000e-06  2.00008742e+00 
 2.45317000e-06  2.00008742e+00 
 2.45517000e-06  2.00008742e+00 
 2.45717000e-06  2.00008742e+00 
 2.45917000e-06  2.00008742e+00 
 2.46117000e-06  2.00008742e+00 
 2.46317000e-06  2.00008742e+00 
 2.46517000e-06  2.00008742e+00 
 2.46717000e-06  2.00008742e+00 
 2.46917000e-06  2.00008742e+00 
 2.47117000e-06  2.00008742e+00 
 2.47317000e-06  2.00008742e+00 
 2.47517000e-06  2.00008742e+00 
 2.47717000e-06  2.00008742e+00 
 2.47917000e-06  2.00008742e+00 
 2.48117000e-06  2.00008742e+00 
 2.48317000e-06  2.00008742e+00 
 2.48517000e-06  2.00008742e+00 
 2.48717000e-06  2.00008742e+00 
 2.48917000e-06  2.00008742e+00 
 2.49117000e-06  2.00008742e+00 
 2.49317000e-06  2.00008742e+00 
 2.49517000e-06  2.00008742e+00 
 2.49717000e-06  2.00008742e+00 
 2.49917000e-06  2.00008742e+00 
 2.50117000e-06  2.00008742e+00 
 2.50317000e-06  2.00008742e+00 
 2.50517000e-06  2.00008742e+00 
 2.50717000e-06  2.00008742e+00 
 2.50917000e-06  2.00008742e+00 
 2.51117000e-06  2.00008742e+00 
 2.51317000e-06  2.00008742e+00 
 2.51517000e-06  2.00008742e+00 
 2.51717000e-06  2.00008742e+00 
 2.51917000e-06  2.00008742e+00 
 2.52117000e-06  2.00008742e+00 
 2.52317000e-06  2.00008742e+00 
 2.52517000e-06  2.00008742e+00 
 2.52717000e-06  2.00008742e+00 
 2.52917000e-06  2.00008742e+00 
 2.53117000e-06  2.00008742e+00 
 2.53317000e-06  2.00008742e+00 
 2.53517000e-06  2.00008742e+00 
 2.53717000e-06  2.00008742e+00 
 2.53917000e-06  2.00008742e+00 
 2.54117000e-06  2.00008742e+00 
 2.54317000e-06  2.00008742e+00 
 2.54517000e-06  2.00008742e+00 
 2.54717000e-06  2.00008742e+00 
 2.54917000e-06  2.00008742e+00 
 2.55117000e-06  2.00008742e+00 
 2.55317000e-06  2.00008742e+00 
 2.55517000e-06  2.00008742e+00 
 2.55717000e-06  2.00008742e+00 
 2.55917000e-06  2.00008742e+00 
 2.56117000e-06  2.00008742e+00 
 2.56317000e-06  2.00008742e+00 
 2.56517000e-06  2.00008742e+00 
 2.56717000e-06  2.00008742e+00 
 2.56917000e-06  2.00008742e+00 
 2.57117000e-06  2.00008742e+00 
 2.57317000e-06  2.00008742e+00 
 2.57517000e-06  2.00008742e+00 
 2.57717000e-06  2.00008742e+00 
 2.57917000e-06  2.00008742e+00 
 2.58117000e-06  2.00008742e+00 
 2.58317000e-06  2.00008742e+00 
 2.58517000e-06  2.00008742e+00 
 2.58717000e-06  2.00008742e+00 
 2.58917000e-06  2.00008742e+00 
 2.59117000e-06  2.00008742e+00 
 2.59317000e-06  2.00008742e+00 
 2.59517000e-06  2.00008742e+00 
 2.59717000e-06  2.00008742e+00 
 2.59917000e-06  2.00008742e+00 
 2.60117000e-06  2.00008742e+00 
 2.60317000e-06  2.00008742e+00 
 2.60517000e-06  2.00008742e+00 
 2.60717000e-06  2.00008742e+00 
 2.60917000e-06  2.00008742e+00 
 2.61117000e-06  2.00008742e+00 
 2.61317000e-06  2.00008742e+00 
 2.61517000e-06  2.00008742e+00 
 2.61717000e-06  2.00008742e+00 
 2.61917000e-06  2.00008742e+00 
 2.62117000e-06  2.00008742e+00 
 2.62317000e-06  2.00008742e+00 
 2.62517000e-06  2.00008742e+00 
 2.62717000e-06  2.00008742e+00 
 2.62917000e-06  2.00008742e+00 
 2.63117000e-06  2.00008742e+00 
 2.63317000e-06  2.00008742e+00 
 2.63517000e-06  2.00008742e+00 
 2.63717000e-06  2.00008742e+00 
 2.63917000e-06  2.00008742e+00 
 2.64117000e-06  2.00008742e+00 
 2.64317000e-06  2.00008742e+00 
 2.64517000e-06  2.00008742e+00 
 2.64717000e-06  2.00008742e+00 
 2.64917000e-06  2.00008742e+00 
 2.65117000e-06  2.00008742e+00 
 2.65317000e-06  2.00008742e+00 
 2.65517000e-06  2.00008742e+00 
 2.65717000e-06  2.00008742e+00 
 2.65917000e-06  2.00008742e+00 
 2.66117000e-06  2.00008742e+00 
 2.66317000e-06  2.00008742e+00 
 2.66517000e-06  2.00008742e+00 
 2.66717000e-06  2.00008742e+00 
 2.66917000e-06  2.00008742e+00 
 2.67117000e-06  2.00008742e+00 
 2.67317000e-06  2.00008742e+00 
 2.67517000e-06  2.00008742e+00 
 2.67717000e-06  2.00008742e+00 
 2.67917000e-06  2.00008742e+00 
 2.68117000e-06  2.00008742e+00 
 2.68317000e-06  2.00008742e+00 
 2.68517000e-06  2.00008742e+00 
 2.68717000e-06  2.00008742e+00 
 2.68917000e-06  2.00008742e+00 
 2.69117000e-06  2.00008742e+00 
 2.69317000e-06  2.00008742e+00 
 2.69517000e-06  2.00008742e+00 
 2.69717000e-06  2.00008742e+00 
 2.69917000e-06  2.00008742e+00 
 2.70117000e-06  2.00008742e+00 
 2.70317000e-06  2.00008742e+00 
 2.70517000e-06  2.00008742e+00 
 2.70717000e-06  2.00008742e+00 
 2.70917000e-06  2.00008742e+00 
 2.71117000e-06  2.00008742e+00 
 2.71317000e-06  2.00008742e+00 
 2.71517000e-06  2.00008742e+00 
 2.71717000e-06  2.00008742e+00 
 2.71917000e-06  2.00008742e+00 
 2.72117000e-06  2.00008742e+00 
 2.72317000e-06  2.00008742e+00 
 2.72517000e-06  2.00008742e+00 
 2.72717000e-06  2.00008742e+00 
 2.72917000e-06  2.00008742e+00 
 2.73117000e-06  2.00008742e+00 
 2.73317000e-06  2.00008742e+00 
 2.73517000e-06  2.00008742e+00 
 2.73717000e-06  2.00008742e+00 
 2.73917000e-06  2.00008742e+00 
 2.74117000e-06  2.00008742e+00 
 2.74317000e-06  2.00008742e+00 
 2.74517000e-06  2.00008742e+00 
 2.74717000e-06  2.00008742e+00 
 2.74917000e-06  2.00008742e+00 
 2.75117000e-06  2.00008742e+00 
 2.75317000e-06  2.00008742e+00 
 2.75517000e-06  2.00008742e+00 
 2.75717000e-06  2.00008742e+00 
 2.75917000e-06  2.00008742e+00 
 2.76117000e-06  2.00008742e+00 
 2.76317000e-06  2.00008742e+00 
 2.76517000e-06  2.00008742e+00 
 2.76717000e-06  2.00008742e+00 
 2.76917000e-06  2.00008742e+00 
 2.77117000e-06  2.00008742e+00 
 2.77317000e-06  2.00008742e+00 
 2.77517000e-06  2.00008742e+00 
 2.77717000e-06  2.00008742e+00 
 2.77917000e-06  2.00008742e+00 
 2.78117000e-06  2.00008742e+00 
 2.78317000e-06  2.00008742e+00 
 2.78517000e-06  2.00008742e+00 
 2.78717000e-06  2.00008742e+00 
 2.78917000e-06  2.00008742e+00 
 2.79117000e-06  2.00008742e+00 
 2.79317000e-06  2.00008742e+00 
 2.79517000e-06  2.00008742e+00 
 2.79717000e-06  2.00008742e+00 
 2.79917000e-06  2.00008742e+00 
 2.80117000e-06  2.00008742e+00 
 2.80317000e-06  2.00008742e+00 
 2.80517000e-06  2.00008742e+00 
 2.80717000e-06  2.00008742e+00 
 2.80917000e-06  2.00008742e+00 
 2.81117000e-06  2.00008742e+00 
 2.81317000e-06  2.00008742e+00 
 2.81517000e-06  2.00008742e+00 
 2.81717000e-06  2.00008742e+00 
 2.81917000e-06  2.00008742e+00 
 2.82117000e-06  2.00008742e+00 
 2.82317000e-06  2.00008742e+00 
 2.82517000e-06  2.00008742e+00 
 2.82717000e-06  2.00008742e+00 
 2.82917000e-06  2.00008742e+00 
 2.83117000e-06  2.00008742e+00 
 2.83317000e-06  2.00008742e+00 
 2.83517000e-06  2.00008742e+00 
 2.83717000e-06  2.00008742e+00 
 2.83917000e-06  2.00008742e+00 
 2.84117000e-06  2.00008742e+00 
 2.84317000e-06  2.00008742e+00 
 2.84517000e-06  2.00008742e+00 
 2.84717000e-06  2.00008742e+00 
 2.84917000e-06  2.00008742e+00 
 2.85117000e-06  2.00008742e+00 
 2.85317000e-06  2.00008742e+00 
 2.85517000e-06  2.00008742e+00 
 2.85717000e-06  2.00008742e+00 
 2.85917000e-06  2.00008742e+00 
 2.86117000e-06  2.00008742e+00 
 2.86317000e-06  2.00008742e+00 
 2.86517000e-06  2.00008742e+00 
 2.86717000e-06  2.00008742e+00 
 2.86917000e-06  2.00008742e+00 
 2.87117000e-06  2.00008742e+00 
 2.87317000e-06  2.00008742e+00 
 2.87517000e-06  2.00008742e+00 
 2.87717000e-06  2.00008742e+00 
 2.87917000e-06  2.00008742e+00 
 2.88117000e-06  2.00008742e+00 
 2.88317000e-06  2.00008742e+00 
 2.88517000e-06  2.00008742e+00 
 2.88717000e-06  2.00008742e+00 
 2.88917000e-06  2.00008742e+00 
 2.89117000e-06  2.00008742e+00 
 2.89317000e-06  2.00008742e+00 
 2.89517000e-06  2.00008742e+00 
 2.89717000e-06  2.00008742e+00 
 2.89917000e-06  2.00008742e+00 
 2.90117000e-06  2.00008742e+00 
 2.90317000e-06  2.00008742e+00 
 2.90517000e-06  2.00008742e+00 
 2.90717000e-06  2.00008742e+00 
 2.90917000e-06  2.00008742e+00 
 2.91117000e-06  2.00008742e+00 
 2.91317000e-06  2.00008742e+00 
 2.91517000e-06  2.00008742e+00 
 2.91717000e-06  2.00008742e+00 
 2.91917000e-06  2.00008742e+00 
 2.92117000e-06  2.00008742e+00 
 2.92317000e-06  2.00008742e+00 
 2.92517000e-06  2.00008742e+00 
 2.92717000e-06  2.00008742e+00 
 2.92917000e-06  2.00008742e+00 
 2.93117000e-06  2.00008742e+00 
 2.93317000e-06  2.00008742e+00 
 2.93517000e-06  2.00008742e+00 
 2.93717000e-06  2.00008742e+00 
 2.93917000e-06  2.00008742e+00 
 2.94117000e-06  2.00008742e+00 
 2.94317000e-06  2.00008742e+00 
 2.94517000e-06  2.00008742e+00 
 2.94717000e-06  2.00008742e+00 
 2.94917000e-06  2.00008742e+00 
 2.95117000e-06  2.00008742e+00 
 2.95317000e-06  2.00008742e+00 
 2.95517000e-06  2.00008742e+00 
 2.95717000e-06  2.00008742e+00 
 2.95917000e-06  2.00008742e+00 
 2.96117000e-06  2.00008742e+00 
 2.96317000e-06  2.00008742e+00 
 2.96517000e-06  2.00008742e+00 
 2.96717000e-06  2.00008742e+00 
 2.96917000e-06  2.00008742e+00 
 2.97117000e-06  2.00008742e+00 
 2.97317000e-06  2.00008742e+00 
 2.97517000e-06  2.00008742e+00 
 2.97717000e-06  2.00008742e+00 
 2.97917000e-06  2.00008742e+00 
 2.98117000e-06  2.00008742e+00 
 2.98317000e-06  2.00008742e+00 
 2.98517000e-06  2.00008742e+00 
 2.98717000e-06  2.00008742e+00 
 2.98917000e-06  2.00008742e+00 
 2.99117000e-06  2.00008742e+00 
 2.99317000e-06  2.00008742e+00 
 2.99517000e-06  2.00008742e+00 
 2.99717000e-06  2.00008742e+00 
 2.99917000e-06  2.00008742e+00 
 3.00117000e-06  2.00008742e+00 
 3.00317000e-06  2.00008742e+00 
 3.00517000e-06  2.00008742e+00 
 3.00717000e-06  2.00008742e+00 
 3.00917000e-06  2.00008742e+00 
 3.01117000e-06  2.00008742e+00 
 3.01317000e-06  2.00008742e+00 
 3.01517000e-06  2.00008742e+00 
 3.01717000e-06  2.00008742e+00 
 3.01917000e-06  2.00008742e+00 
 3.02117000e-06  2.00008742e+00 
 3.02317000e-06  2.00008742e+00 
 3.02517000e-06  2.00008742e+00 
 3.02717000e-06  2.00008742e+00 
 3.02917000e-06  2.00008742e+00 
 3.03117000e-06  2.00008742e+00 
 3.03317000e-06  2.00008742e+00 
 3.03517000e-06  2.00008742e+00 
 3.03717000e-06  2.00008742e+00 
 3.03917000e-06  2.00008742e+00 
 3.04117000e-06  2.00008742e+00 
 3.04317000e-06  2.00008742e+00 
 3.04517000e-06  2.00008742e+00 
 3.04717000e-06  2.00008742e+00 
 3.04917000e-06  2.00008742e+00 
 3.05117000e-06  2.00008742e+00 
 3.05317000e-06  2.00008742e+00 
 3.05517000e-06  2.00008742e+00 
 3.05717000e-06  2.00008742e+00 
 3.05917000e-06  2.00008742e+00 
 3.06117000e-06  2.00008742e+00 
 3.06317000e-06  2.00008742e+00 
 3.06517000e-06  2.00008742e+00 
 3.06717000e-06  2.00008742e+00 
 3.06917000e-06  2.00008742e+00 
 3.07117000e-06  2.00008742e+00 
 3.07317000e-06  2.00008742e+00 
 3.07517000e-06  2.00008742e+00 
 3.07717000e-06  2.00008742e+00 
 3.07917000e-06  2.00008742e+00 
 3.08117000e-06  2.00008742e+00 
 3.08317000e-06  2.00008742e+00 
 3.08517000e-06  2.00008742e+00 
 3.08717000e-06  2.00008742e+00 
 3.08917000e-06  2.00008742e+00 
 3.09117000e-06  2.00008742e+00 
 3.09317000e-06  2.00008742e+00 
 3.09517000e-06  2.00008742e+00 
 3.09717000e-06  2.00008742e+00 
 3.09917000e-06  2.00008742e+00 
 3.10117000e-06  2.00008742e+00 
 3.10317000e-06  2.00008742e+00 
 3.10517000e-06  2.00008742e+00 
 3.10717000e-06  2.00008742e+00 
 3.10917000e-06  2.00008742e+00 
 3.11117000e-06  2.00008742e+00 
 3.11317000e-06  2.00008742e+00 
 3.11517000e-06  2.00008742e+00 
 3.11717000e-06  2.00008742e+00 
 3.11917000e-06  2.00008742e+00 
 3.12117000e-06  2.00008742e+00 
 3.12317000e-06  2.00008742e+00 
 3.12517000e-06  2.00008742e+00 
 3.12717000e-06  2.00008742e+00 
 3.12917000e-06  2.00008742e+00 
 3.13117000e-06  2.00008742e+00 
 3.13317000e-06  2.00008742e+00 
 3.13517000e-06  2.00008742e+00 
 3.13717000e-06  2.00008742e+00 
 3.13917000e-06  2.00008742e+00 
 3.14117000e-06  2.00008742e+00 
 3.14317000e-06  2.00008742e+00 
 3.14517000e-06  2.00008742e+00 
 3.14717000e-06  2.00008742e+00 
 3.14917000e-06  2.00008742e+00 
 3.15117000e-06  2.00008742e+00 
 3.15317000e-06  2.00008742e+00 
 3.15517000e-06  2.00008742e+00 
 3.15717000e-06  2.00008742e+00 
 3.15917000e-06  2.00008742e+00 
 3.16117000e-06  2.00008742e+00 
 3.16317000e-06  2.00008742e+00 
 3.16517000e-06  2.00008742e+00 
 3.16717000e-06  2.00008742e+00 
 3.16917000e-06  2.00008742e+00 
 3.17117000e-06  2.00008742e+00 
 3.17317000e-06  2.00008742e+00 
 3.17517000e-06  2.00008742e+00 
 3.17717000e-06  2.00008742e+00 
 3.17917000e-06  2.00008742e+00 
 3.18117000e-06  2.00008742e+00 
 3.18317000e-06  2.00008742e+00 
 3.18517000e-06  2.00008742e+00 
 3.18717000e-06  2.00008742e+00 
 3.18917000e-06  2.00008742e+00 
 3.19117000e-06  2.00008742e+00 
 3.19317000e-06  2.00008742e+00 
 3.19517000e-06  2.00008742e+00 
 3.19717000e-06  2.00008742e+00 
 3.19917000e-06  2.00008742e+00 
 3.20117000e-06  2.00008742e+00 
 3.20317000e-06  2.00008742e+00 
 3.20517000e-06  2.00008742e+00 
 3.20717000e-06  2.00008742e+00 
 3.20917000e-06  2.00008742e+00 
 3.21117000e-06  2.00008742e+00 
 3.21317000e-06  2.00008742e+00 
 3.21517000e-06  2.00008742e+00 
 3.21717000e-06  2.00008742e+00 
 3.21917000e-06  2.00008742e+00 
 3.22117000e-06  2.00008742e+00 
 3.22317000e-06  2.00008742e+00 
 3.22517000e-06  2.00008742e+00 
 3.22717000e-06  2.00008742e+00 
 3.22917000e-06  2.00008742e+00 
 3.23117000e-06  2.00008742e+00 
 3.23317000e-06  2.00008742e+00 
 3.23517000e-06  2.00008742e+00 
 3.23717000e-06  2.00008742e+00 
 3.23917000e-06  2.00008742e+00 
 3.24117000e-06  2.00008742e+00 
 3.24317000e-06  2.00008742e+00 
 3.24517000e-06  2.00008742e+00 
 3.24717000e-06  2.00008742e+00 
 3.24917000e-06  2.00008742e+00 
 3.25117000e-06  2.00008742e+00 
 3.25317000e-06  2.00008742e+00 
 3.25517000e-06  2.00008742e+00 
 3.25717000e-06  2.00008742e+00 
 3.25917000e-06  2.00008742e+00 
 3.26117000e-06  2.00008742e+00 
 3.26317000e-06  2.00008742e+00 
 3.26517000e-06  2.00008742e+00 
 3.26717000e-06  2.00008742e+00 
 3.26917000e-06  2.00008742e+00 
 3.27117000e-06  2.00008742e+00 
 3.27317000e-06  2.00008742e+00 
 3.27517000e-06  2.00008742e+00 
 3.27717000e-06  2.00008742e+00 
 3.27917000e-06  2.00008742e+00 
 3.28117000e-06  2.00008742e+00 
 3.28317000e-06  2.00008742e+00 
 3.28517000e-06  2.00008742e+00 
 3.28717000e-06  2.00008742e+00 
 3.28917000e-06  2.00008742e+00 
 3.29117000e-06  2.00008742e+00 
 3.29317000e-06  2.00008742e+00 
 3.29517000e-06  2.00008742e+00 
 3.29717000e-06  2.00008742e+00 
 3.29917000e-06  2.00008742e+00 
 3.30117000e-06  2.00008742e+00 
 3.30317000e-06  2.00008742e+00 
 3.30517000e-06  2.00008742e+00 
 3.30717000e-06  2.00008742e+00 
 3.30917000e-06  2.00008742e+00 
 3.31117000e-06  2.00008742e+00 
 3.31317000e-06  2.00008742e+00 
 3.31517000e-06  2.00008742e+00 
 3.31717000e-06  2.00008742e+00 
 3.31917000e-06  2.00008742e+00 
 3.32117000e-06  2.00008742e+00 
 3.32317000e-06  2.00008742e+00 
 3.32517000e-06  2.00008742e+00 
 3.32717000e-06  2.00008742e+00 
 3.32917000e-06  2.00008742e+00 
 3.33117000e-06  2.00008742e+00 
 3.33317000e-06  2.00008742e+00 
 3.33517000e-06  2.00008742e+00 
 3.33717000e-06  2.00008742e+00 
 3.33917000e-06  2.00008742e+00 
 3.34117000e-06  2.00008742e+00 
 3.34317000e-06  2.00008742e+00 
 3.34517000e-06  2.00008742e+00 
 3.34717000e-06  2.00008742e+00 
 3.34917000e-06  2.00008742e+00 
 3.35117000e-06  2.00008742e+00 
 3.35317000e-06  2.00008742e+00 
 3.35517000e-06  2.00008742e+00 
 3.35717000e-06  2.00008742e+00 
 3.35917000e-06  2.00008742e+00 
 3.36117000e-06  2.00008742e+00 
 3.36317000e-06  2.00008742e+00 
 3.36517000e-06  2.00008742e+00 
 3.36717000e-06  2.00008742e+00 
 3.36917000e-06  2.00008742e+00 
 3.37117000e-06  2.00008742e+00 
 3.37317000e-06  2.00008742e+00 
 3.37517000e-06  2.00008742e+00 
 3.37717000e-06  2.00008742e+00 
 3.37917000e-06  2.00008742e+00 
 3.38117000e-06  2.00008742e+00 
 3.38317000e-06  2.00008742e+00 
 3.38517000e-06  2.00008742e+00 
 3.38717000e-06  2.00008742e+00 
 3.38917000e-06  2.00008742e+00 
 3.39117000e-06  2.00008742e+00 
 3.39317000e-06  2.00008742e+00 
 3.39517000e-06  2.00008742e+00 
 3.39717000e-06  2.00008742e+00 
 3.39917000e-06  2.00008742e+00 
 3.40117000e-06  2.00008742e+00 
 3.40317000e-06  2.00008742e+00 
 3.40517000e-06  2.00008742e+00 
 3.40717000e-06  2.00008742e+00 
 3.40917000e-06  2.00008742e+00 
 3.41117000e-06  2.00008742e+00 
 3.41317000e-06  2.00008742e+00 
 3.41517000e-06  2.00008742e+00 
 3.41717000e-06  2.00008742e+00 
 3.41917000e-06  2.00008742e+00 
 3.42117000e-06  2.00008742e+00 
 3.42317000e-06  2.00008742e+00 
 3.42517000e-06  2.00008742e+00 
 3.42717000e-06  2.00008742e+00 
 3.42917000e-06  2.00008742e+00 
 3.43117000e-06  2.00008742e+00 
 3.43317000e-06  2.00008742e+00 
 3.43517000e-06  2.00008742e+00 
 3.43717000e-06  2.00008742e+00 
 3.43917000e-06  2.00008742e+00 
 3.44117000e-06  2.00008742e+00 
 3.44317000e-06  2.00008742e+00 
 3.44517000e-06  2.00008742e+00 
 3.44717000e-06  2.00008742e+00 
 3.44917000e-06  2.00008742e+00 
 3.45117000e-06  2.00008742e+00 
 3.45317000e-06  2.00008742e+00 
 3.45517000e-06  2.00008742e+00 
 3.45717000e-06  2.00008742e+00 
 3.45917000e-06  2.00008742e+00 
 3.46117000e-06  2.00008742e+00 
 3.46317000e-06  2.00008742e+00 
 3.46517000e-06  2.00008742e+00 
 3.46717000e-06  2.00008742e+00 
 3.46917000e-06  2.00008742e+00 
 3.47117000e-06  2.00008742e+00 
 3.47317000e-06  2.00008742e+00 
 3.47517000e-06  2.00008742e+00 
 3.47717000e-06  2.00008742e+00 
 3.47917000e-06  2.00008742e+00 
 3.48117000e-06  2.00008742e+00 
 3.48317000e-06  2.00008742e+00 
 3.48517000e-06  2.00008742e+00 
 3.48717000e-06  2.00008742e+00 
 3.48917000e-06  2.00008742e+00 
 3.49117000e-06  2.00008742e+00 
 3.49317000e-06  2.00008742e+00 
 3.49517000e-06  2.00008742e+00 
 3.49717000e-06  2.00008742e+00 
 3.49917000e-06  2.00008742e+00 
 3.50117000e-06  2.00008742e+00 
 3.50317000e-06  2.00008742e+00 
 3.50517000e-06  2.00008742e+00 
 3.50717000e-06  2.00008742e+00 
 3.50917000e-06  2.00008742e+00 
 3.51117000e-06  2.00008742e+00 
 3.51317000e-06  2.00008742e+00 
 3.51517000e-06  2.00008742e+00 
 3.51717000e-06  2.00008742e+00 
 3.51917000e-06  2.00008742e+00 
 3.52117000e-06  2.00008742e+00 
 3.52317000e-06  2.00008742e+00 
 3.52517000e-06  2.00008742e+00 
 3.52717000e-06  2.00008742e+00 
 3.52917000e-06  2.00008742e+00 
 3.53117000e-06  2.00008742e+00 
 3.53317000e-06  2.00008742e+00 
 3.53517000e-06  2.00008742e+00 
 3.53717000e-06  2.00008742e+00 
 3.53917000e-06  2.00008742e+00 
 3.54117000e-06  2.00008742e+00 
 3.54317000e-06  2.00008742e+00 
 3.54517000e-06  2.00008742e+00 
 3.54717000e-06  2.00008742e+00 
 3.54917000e-06  2.00008742e+00 
 3.55117000e-06  2.00008742e+00 
 3.55317000e-06  2.00008742e+00 
 3.55517000e-06  2.00008742e+00 
 3.55717000e-06  2.00008742e+00 
 3.55917000e-06  2.00008742e+00 
 3.56117000e-06  2.00008742e+00 
 3.56317000e-06  2.00008742e+00 
 3.56517000e-06  2.00008742e+00 
 3.56717000e-06  2.00008742e+00 
 3.56917000e-06  2.00008742e+00 
 3.57117000e-06  2.00008742e+00 
 3.57317000e-06  2.00008742e+00 
 3.57517000e-06  2.00008742e+00 
 3.57717000e-06  2.00008742e+00 
 3.57917000e-06  2.00008742e+00 
 3.58117000e-06  2.00008742e+00 
 3.58317000e-06  2.00008742e+00 
 3.58517000e-06  2.00008742e+00 
 3.58717000e-06  2.00008742e+00 
 3.58917000e-06  2.00008742e+00 
 3.59117000e-06  2.00008742e+00 
 3.59317000e-06  2.00008742e+00 
 3.59517000e-06  2.00008742e+00 
 3.59717000e-06  2.00008742e+00 
 3.59917000e-06  2.00008742e+00 
 3.60117000e-06  2.00008742e+00 
 3.60317000e-06  2.00008742e+00 
 3.60517000e-06  2.00008742e+00 
 3.60717000e-06  2.00008742e+00 
 3.60917000e-06  2.00008742e+00 
 3.61117000e-06  2.00008742e+00 
 3.61317000e-06  2.00008742e+00 
 3.61517000e-06  2.00008742e+00 
 3.61717000e-06  2.00008742e+00 
 3.61917000e-06  2.00008742e+00 
 3.62117000e-06  2.00008742e+00 
 3.62317000e-06  2.00008742e+00 
 3.62517000e-06  2.00008742e+00 
 3.62717000e-06  2.00008742e+00 
 3.62917000e-06  2.00008742e+00 
 3.63117000e-06  2.00008742e+00 
 3.63317000e-06  2.00008742e+00 
 3.63517000e-06  2.00008742e+00 
 3.63717000e-06  2.00008742e+00 
 3.63917000e-06  2.00008742e+00 
 3.64117000e-06  2.00008742e+00 
 3.64317000e-06  2.00008742e+00 
 3.64517000e-06  2.00008742e+00 
 3.64717000e-06  2.00008742e+00 
 3.64917000e-06  2.00008742e+00 
 3.65117000e-06  2.00008742e+00 
 3.65317000e-06  2.00008742e+00 
 3.65517000e-06  2.00008742e+00 
 3.65717000e-06  2.00008742e+00 
 3.65917000e-06  2.00008742e+00 
 3.66117000e-06  2.00008742e+00 
 3.66317000e-06  2.00008742e+00 
 3.66517000e-06  2.00008742e+00 
 3.66717000e-06  2.00008742e+00 
 3.66917000e-06  2.00008742e+00 
 3.67117000e-06  2.00008742e+00 
 3.67317000e-06  2.00008742e+00 
 3.67517000e-06  2.00008742e+00 
 3.67717000e-06  2.00008742e+00 
 3.67917000e-06  2.00008742e+00 
 3.68117000e-06  2.00008742e+00 
 3.68317000e-06  2.00008742e+00 
 3.68517000e-06  2.00008742e+00 
 3.68717000e-06  2.00008742e+00 
 3.68917000e-06  2.00008742e+00 
 3.69117000e-06  2.00008742e+00 
 3.69317000e-06  2.00008742e+00 
 3.69517000e-06  2.00008742e+00 
 3.69717000e-06  2.00008742e+00 
 3.69917000e-06  2.00008742e+00 
 3.70117000e-06  2.00008742e+00 
 3.70317000e-06  2.00008742e+00 
 3.70517000e-06  2.00008742e+00 
 3.70717000e-06  2.00008742e+00 
 3.70917000e-06  2.00008742e+00 
 3.71117000e-06  2.00008742e+00 
 3.71317000e-06  2.00008742e+00 
 3.71517000e-06  2.00008742e+00 
 3.71717000e-06  2.00008742e+00 
 3.71917000e-06  2.00008742e+00 
 3.72117000e-06  2.00008742e+00 
 3.72317000e-06  2.00008742e+00 
 3.72517000e-06  2.00008742e+00 
 3.72717000e-06  2.00008742e+00 
 3.72917000e-06  2.00008742e+00 
 3.73117000e-06  2.00008742e+00 
 3.73317000e-06  2.00008742e+00 
 3.73517000e-06  2.00008742e+00 
 3.73717000e-06  2.00008742e+00 
 3.73917000e-06  2.00008742e+00 
 3.74117000e-06  2.00008742e+00 
 3.74317000e-06  2.00008742e+00 
 3.74517000e-06  2.00008742e+00 
 3.74717000e-06  2.00008742e+00 
 3.74917000e-06  2.00008742e+00 
 3.75117000e-06  2.00008742e+00 
 3.75317000e-06  2.00008742e+00 
 3.75517000e-06  2.00008742e+00 
 3.75717000e-06  2.00008742e+00 
 3.75917000e-06  2.00008742e+00 
 3.76117000e-06  2.00008742e+00 
 3.76317000e-06  2.00008742e+00 
 3.76517000e-06  2.00008742e+00 
 3.76717000e-06  2.00008742e+00 
 3.76917000e-06  2.00008742e+00 
 3.77117000e-06  2.00008742e+00 
 3.77317000e-06  2.00008742e+00 
 3.77517000e-06  2.00008742e+00 
 3.77717000e-06  2.00008742e+00 
 3.77917000e-06  2.00008742e+00 
 3.78117000e-06  2.00008742e+00 
 3.78317000e-06  2.00008742e+00 
 3.78517000e-06  2.00008742e+00 
 3.78717000e-06  2.00008742e+00 
 3.78917000e-06  2.00008742e+00 
 3.79117000e-06  2.00008742e+00 
 3.79317000e-06  2.00008742e+00 
 3.79517000e-06  2.00008742e+00 
 3.79717000e-06  2.00008742e+00 
 3.79917000e-06  2.00008742e+00 
 3.80117000e-06  2.00008742e+00 
 3.80317000e-06  2.00008742e+00 
 3.80517000e-06  2.00008742e+00 
 3.80717000e-06  2.00008742e+00 
 3.80917000e-06  2.00008742e+00 
 3.81117000e-06  2.00008742e+00 
 3.81317000e-06  2.00008742e+00 
 3.81517000e-06  2.00008742e+00 
 3.81717000e-06  2.00008742e+00 
 3.81917000e-06  2.00008742e+00 
 3.82117000e-06  2.00008742e+00 
 3.82317000e-06  2.00008742e+00 
 3.82517000e-06  2.00008742e+00 
 3.82717000e-06  2.00008742e+00 
 3.82917000e-06  2.00008742e+00 
 3.83117000e-06  2.00008742e+00 
 3.83317000e-06  2.00008742e+00 
 3.83517000e-06  2.00008742e+00 
 3.83717000e-06  2.00008742e+00 
 3.83917000e-06  2.00008742e+00 
 3.84117000e-06  2.00008742e+00 
 3.84317000e-06  2.00008742e+00 
 3.84517000e-06  2.00008742e+00 
 3.84717000e-06  2.00008742e+00 
 3.84917000e-06  2.00008742e+00 
 3.85117000e-06  2.00008742e+00 
 3.85317000e-06  2.00008742e+00 
 3.85517000e-06  2.00008742e+00 
 3.85717000e-06  2.00008742e+00 
 3.85917000e-06  2.00008742e+00 
 3.86117000e-06  2.00008742e+00 
 3.86317000e-06  2.00008742e+00 
 3.86517000e-06  2.00008742e+00 
 3.86717000e-06  2.00008742e+00 
 3.86917000e-06  2.00008742e+00 
 3.87117000e-06  2.00008742e+00 
 3.87317000e-06  2.00008742e+00 
 3.87517000e-06  2.00008742e+00 
 3.87717000e-06  2.00008742e+00 
 3.87917000e-06  2.00008742e+00 
 3.88117000e-06  2.00008742e+00 
 3.88317000e-06  2.00008742e+00 
 3.88517000e-06  2.00008742e+00 
 3.88717000e-06  2.00008742e+00 
 3.88917000e-06  2.00008742e+00 
 3.89117000e-06  2.00008742e+00 
 3.89317000e-06  2.00008742e+00 
 3.89517000e-06  2.00008742e+00 
 3.89717000e-06  2.00008742e+00 
 3.89917000e-06  2.00008742e+00 
 3.90117000e-06  2.00008742e+00 
 3.90317000e-06  2.00008742e+00 
 3.90517000e-06  2.00008742e+00 
 3.90717000e-06  2.00008742e+00 
 3.90917000e-06  2.00008742e+00 
 3.91117000e-06  2.00008742e+00 
 3.91317000e-06  2.00008742e+00 
 3.91517000e-06  2.00008742e+00 
 3.91717000e-06  2.00008742e+00 
 3.91917000e-06  2.00008742e+00 
 3.92117000e-06  2.00008742e+00 
 3.92317000e-06  2.00008742e+00 
 3.92517000e-06  2.00008742e+00 
 3.92717000e-06  2.00008742e+00 
 3.92917000e-06  2.00008742e+00 
 3.93117000e-06  2.00008742e+00 
 3.93317000e-06  2.00008742e+00 
 3.93517000e-06  2.00008742e+00 
 3.93717000e-06  2.00008742e+00 
 3.93917000e-06  2.00008742e+00 
 3.94117000e-06  2.00008742e+00 
 3.94317000e-06  2.00008742e+00 
 3.94517000e-06  2.00008742e+00 
 3.94717000e-06  2.00008742e+00 
 3.94917000e-06  2.00008742e+00 
 3.95117000e-06  2.00008742e+00 
 3.95317000e-06  2.00008742e+00 
 3.95517000e-06  2.00008742e+00 
 3.95717000e-06  2.00008742e+00 
 3.95917000e-06  2.00008742e+00 
 3.96117000e-06  2.00008742e+00 
 3.96317000e-06  2.00008742e+00 
 3.96517000e-06  2.00008742e+00 
 3.96717000e-06  2.00008742e+00 
 3.96917000e-06  2.00008742e+00 
 3.97117000e-06  2.00008742e+00 
 3.97317000e-06  2.00008742e+00 
 3.97517000e-06  2.00008742e+00 
 3.97717000e-06  2.00008742e+00 
 3.97917000e-06  2.00008742e+00 
 3.98117000e-06  2.00008742e+00 
 3.98317000e-06  2.00008742e+00 
 3.98517000e-06  2.00008742e+00 
 3.98717000e-06  2.00008742e+00 
 3.98917000e-06  2.00008742e+00 
 3.99117000e-06  2.00008742e+00 
 3.99317000e-06  2.00008742e+00 
 3.99517000e-06  2.00008742e+00 
 3.99717000e-06  2.00008742e+00 
 3.99858500e-06  2.00008742e+00 
 4.00000000e-06  2.00008742e+00 
