 frequency                ac_re                    ac_im                   
 1.00000000000000000e+00 -1.51225978963318318e-04  7.92422034531678787e-07 
 1.02329299228075410e+00 -1.51225978958048092e-04  8.10879914865152383e-07 
 1.04712854805089939e+00 -1.51225978938517464e-04  8.29767734462693055e-07 
 1.07151930523760619e+00 -1.51225978897517139e-04  8.49095507896308937e-07 
 1.09647819614318465e+00 -1.51225978878468168e-04  8.68873483007365275e-07 
 1.12201845430196312e+00 -1.51225978853821569e-04  8.89112146339998285e-07 
 1.14815362149688238e+00 -1.51225978837749600e-04  9.09822228701411373e-07 
 1.17489755493952908e+00 -1.51225978832353363e-04  9.31014710851284056e-07 
 1.20226443461741250e+00 -1.51225978829353484e-04  9.52700829324437697e-07 
 1.23026877081238117e+00 -1.51225978793305442e-04  9.74892082387697619e-07 
 1.25892541179416684e+00 -1.51225978781958969e-04  9.97600236137378151e-07 
 1.28824955169313360e+00 -1.51225978755956195e-04  1.02083733073694781e-06 
 1.31825673855640679e+00 -1.51225978720848455e-04  1.04461568680172522e-06 
 1.34896288259165331e+00 -1.51225978726931615e-04  1.06894791193080842e-06 
 1.38038426460288455e+00 -1.51225978672732132e-04  1.09384690739188024e-06 
 1.41253754462275394e+00 -1.51225978646848079e-04  1.11932587496208212e-06 
 1.44543977074592700e+00 -1.51225978638598710e-04  1.14539832392726860e-06 
 1.47910838816820678e+00 -1.51225978562671381e-04  1.17207807824481101e-06 
 1.51356124843620754e+00 -1.51225978518450244e-04  1.19937928387376322e-06 
 1.54881661891248057e+00 -1.51225978503476220e-04  1.22731641627474501e-06 
 1.58489319246111271e+00 -1.51225978479490930e-04  1.25590428808510395e-06 
 1.62181009735892911e+00 -1.51225978437645822e-04  1.28515805697281744e-06 
 1.65958690743755977e+00 -1.51225978353551225e-04  1.31509323367337831e-06 
 1.69824365246174347e+00 -1.51225978343362462e-04  1.34572569021383125e-06 
 1.73780082874937447e+00 -1.51225978315261839e-04  1.37707166832798582e-06 
 1.77827941003892165e+00 -1.51225978247876696e-04  1.40914778806833111e-06 
 1.81970085860998210e+00 -1.51225978209220823e-04  1.44197105661821119e-06 
 1.86208713666286596e+00 -1.51225978146443348e-04  1.47555887730908731e-06 
 1.90546071796324568e+00 -1.51225978103780074e-04  1.50992905884804991e-06 
 1.94984459975804381e+00 -1.51225978052187094e-04  1.54509982476022375e-06 
 1.99526231496887796e+00 -1.51225977952705094e-04  1.58108982305131879e-06 
 2.04173794466952740e+00 -1.51225977927106511e-04  1.61791813609483522e-06 
 2.08929613085403743e+00 -1.51225977832658543e-04  1.65560429074966691e-06 
 2.13796208950222999e+00 -1.51225977748350033e-04  1.69416826871406391e-06 
 2.18776162394955032e+00 -1.51225977715457643e-04  1.73363051711961806e-06 
 2.23872113856833721e+00 -1.51225977620944975e-04  1.77401195937241577e-06 
 2.29086765276777049e+00 -1.51225977577621693e-04  1.81533400624809798e-06 
 2.34422881531991933e+00 -1.51225977462848078e-04  1.85761856724250122e-06 
 2.39883291901948770e+00 -1.51225977378625437e-04  1.90088806218984357e-06 
 2.45470891568502747e+00 -1.51225977310440125e-04  1.94516543314900696e-06 
 2.51188643150957702e+00 -1.51225977207773037e-04  1.99047415656807969e-06 
 2.57039578276886038e+00 -1.51225977131122600e-04  2.03683825573204747e-06 
 2.63026799189537819e+00 -1.51225977023021707e-04  2.08428231349985849e-06 
 2.69153480392691202e+00 -1.51225976905522842e-04  2.13283148533901806e-06 
 2.75422870333816272e+00 -1.51225976804592510e-04  2.18251151266311383e-06 
 2.81838293126444972e+00 -1.51225976696471533e-04  2.23334873648023596e-06 
 2.88403150312660150e+00 -1.51225976569870275e-04  2.28537011135925617e-06 
 2.95120922666638119e+00 -1.51225976444565859e-04  2.33860321972170497e-06 
 3.01995172040201165e+00 -1.51225976284165980e-04  2.39307628646627953e-06 
 3.09029543251358563e+00 -1.51225976147575318e-04  2.44881819393408463e-06 
 3.16227766016837419e+00 -1.51225975999034606e-04  2.50585849722235348e-06 
 3.23593656929627738e+00 -1.51225975839648944e-04  2.56422743985464656e-06 
 3.31131121482590540e+00 -1.51225975701511830e-04  2.62395596981722420e-06 
 3.38844156139201980e+00 -1.51225975523523645e-04  2.68507575596704710e-06 
 3.46736850452531042e+00 -1.51225975319232146e-04  2.74761920482393008e-06 
 3.54813389233574838e+00 -1.51225975128202201e-04  2.81161947775199006e-06 
 3.63078054770100689e+00 -1.51225974939226955e-04  2.87711050854363586e-06 
 3.71535229097171849e+00 -1.51225974764113315e-04  2.94412702141003465e-06 
 3.80189396320560480e+00 -1.51225974566440003e-04  3.01270454939304431e-06 
 3.89045144994279868e+00 -1.51225974296577610e-04  3.08287945320600440e-06 
 3.98107170553496470e+00 -1.51225974084975091e-04  3.15468894051192613e-06 
 4.07380277804111923e+00 -1.51225973786070093e-04  3.22817108565097012e-06 
 4.16869383470334576e+00 -1.51225973545109440e-04  3.30336484982983719e-06 
 4.26579518801591817e+00 -1.51225973310739381e-04  3.38031010177732231e-06 
 4.36515832240165125e+00 -1.51225973040231806e-04  3.45904763888444729e-06 
 4.46683592150962205e+00 -1.51225972724846393e-04  3.53961920883535381e-06 
 4.57088189614874096e+00 -1.51225972449581529e-04  3.62206753174342523e-06 
 4.67735141287197198e+00 -1.51225972103403230e-04  3.70643632280023865e-06 
 4.78630092322637335e+00 -1.51225971754294413e-04  3.79277031545600138e-06 
 4.89778819368445184e+00 -1.51225971413016300e-04  3.88111528513678085e-06 
 5.01187233627271223e+00 -1.51225971050591827e-04  3.97151807351369396e-06 
 5.12861383991363784e+00 -1.51225970646565487e-04  4.06402661334241841e-06 
 5.24807460249771474e+00 -1.51225970244185860e-04  4.15868995387539581e-06 
 5.37031796370251602e+00 -1.51225969821819860e-04  4.25555828686871620e-06 
 5.49540873857623335e+00 -1.51225969375636541e-04  4.35468297319447957e-06 
 5.62341325190347785e+00 -1.51225968927293057e-04  4.45611657007379368e-06 
 5.75439937337155616e+00 -1.51225968402861891e-04  4.55991285894194046e-06 
 5.88843655355587625e+00 -1.51225967888407391e-04  4.66612687396550624e-06 
 6.02559586074356357e+00 -1.51225967361332561e-04  4.77481493122118366e-06 
 6.16595001861480707e+00 -1.51225966776534455e-04  4.88603465855522209e-06 
 6.30957344480191740e+00 -1.51225966204954725e-04  4.99984502613982019e-06 
 6.45654229034653948e+00 -1.51225965608290730e-04  5.11630637773793445e-06 
 6.60693448007594419e+00 -1.51225964961627289e-04  5.23548046269969046e-06 
 6.76082975391980145e+00 -1.51225964261088921e-04  5.35743046870217055e-06 
 6.91830970918934796e+00 -1.51225963558903893e-04  5.48222105525341747e-06 
 7.07945784384136179e+00 -1.51225962852450199e-04  5.60991838797381447e-06 
 7.24435960074988294e+00 -1.51225962080043131e-04  5.74059017367948768e-06 
 7.41310241300915695e+00 -1.51225961251255517e-04  5.87430569628057388e-06 
 7.58577575029181883e+00 -1.51225960365070295e-04  6.01113585351720792e-06 
 7.76247116628689771e+00 -1.51225959510547462e-04  6.15115319455046544e-06 
 7.94328234724279447e+00 -1.51225958546569026e-04  6.29443195842694561e-06 
 8.12830516164097183e+00 -1.51225957584533833e-04  6.44104811344509906e-06 
 8.31763771102668947e+00 -1.51225956546819214e-04  6.59107939742933474e-06 
 8.51138038202374325e+00 -1.51225955504652047e-04  6.74460535895389201e-06 
 8.70963589956078366e+00 -1.51225954399344335e-04  6.90170739951482300e-06 
 8.91250938133743098e+00 -1.51225953223615631e-04  7.06246881669380733e-06 
 9.12010839355907166e+00 -1.51225951947406918e-04  7.22697484832130992e-06 
 9.33254300796988367e+00 -1.51225950687157771e-04  7.39531271767415820e-06 
 9.54992586021433176e+00 -1.51225949323481184e-04  7.56757167971783718e-06 
 9.77237220955807828e+00 -1.51225947924925189e-04  7.74384306843476616e-06 
 9.99999999999996980e+00 -1.51225946451426159e-04  7.92422034524803315e-06 
 1.02329299228075108e+01 -1.51225944887568175e-04  8.10879914857708192e-06 
 1.04712854805089641e+01 -1.51225943290145840e-04  8.29767734454820752e-06 
 1.07151930523760317e+01 -1.51225941559384445e-04  8.49095507887843626e-06 
 1.09647819614318163e+01 -1.51225939826242603e-04  8.68873482998348694e-06 
 1.12201845430195988e+01 -1.51225937913637736e-04  8.89112146330287264e-06 
 1.14815362149687914e+01 -1.51225936010980424e-04  9.09822228691048518e-06 
 1.17489755493952579e+01 -1.51225933948588473e-04  9.31014710840312015e-06 
 1.20226443461740899e+01 -1.51225931822185876e-04  9.52700829312639587e-06 
 1.23026877081237753e+01 -1.51225929576478350e-04  9.74892082375116131e-06 
 1.25892541179416302e+01 -1.51225927216064348e-04  9.97600236123807582e-06 
 1.28824955169312965e+01 -1.51225924778427314e-04  1.02083733072244318e-05 
 1.31825673855640257e+01 -1.51225922225216986e-04  1.04461568678617005e-05 
 1.34896288259164887e+01 -1.51225919519182642e-04  1.06894791191405177e-05 
 1.38038426460287997e+01 -1.51225916694931690e-04  1.09384690737396583e-05 
 1.41253754462274923e+01 -1.51225913754242576e-04  1.11932587494288327e-05 
 1.44543977074592220e+01 -1.51225910667562711e-04  1.14539832390646928e-05 
 1.47910838816820203e+01 -1.51225907438130988e-04  1.17207807822254383e-05 
 1.51356124843620261e+01 -1.51225904053704893e-04  1.19937928384916178e-05 
 1.54881661891247564e+01 -1.51225900545869975e-04  1.22731641624844341e-05 
 1.58489319246110760e+01 -1.51225896803428695e-04  1.25590428805686904e-05 
 1.62181009735892374e+01 -1.51225892911080717e-04  1.28515805694263837e-05 
 1.65958690743755426e+01 -1.51225888810994398e-04  1.31509323364101233e-05 
 1.69824365246173770e+01 -1.51225884586929940e-04  1.34572569017926637e-05 
 1.73780082874936852e+01 -1.51225880111954347e-04  1.37707166829096264e-05 
 1.77827941003891574e+01 -1.51225875457926858e-04  1.40914778802883748e-05 
 1.81970085860997628e+01 -1.51225870573329168e-04  1.44197105657578686e-05 
 1.86208713666286023e+01 -1.51225865423166347e-04  1.47555887726354536e-05 
 1.90546071796323986e+01 -1.51225860051786980e-04  1.50992905879919902e-05 
 1.94984459975803794e+01 -1.51225854452043546e-04  1.54509982470803403e-05 
 1.99526231496887192e+01 -1.51225848593500024e-04  1.58108982299554853e-05 
 2.04173794466952145e+01 -1.51225842373028973e-04  1.61791813603473794e-05 
 2.08929613085403147e+01 -1.51225837124056899e-04  1.65560429068691947e-05 
 2.13796208950222386e+01 -1.51225830359513628e-04  1.69416826864676384e-05 
 2.18776162394954419e+01 -1.51225823254637831e-04  1.73363051704725151e-05 
 2.23872113856833082e+01 -1.51225815865898335e-04  1.77401195929507899e-05 
 2.29086765276776383e+01 -1.51225808104140112e-04  1.81533400616512293e-05 
 2.34422881531991258e+01 -1.51225799963316648e-04  1.85761856715353836e-05 
 2.39883291901948077e+01 -1.51225791487589366e-04  1.90088806209449718e-05 
 2.45470891568502019e+01 -1.51225783735661957e-04  1.94516543304927942e-05 
 2.51188643150956956e+01 -1.51225774408962496e-04  1.99047415646114220e-05 
 2.57039578276885301e+01 -1.51225764669949596e-04  2.03683825561721606e-05 
 2.63026799189537073e+01 -1.51225754408656858e-04  2.08428231337533288e-05 
 2.69153480392690412e+01 -1.51225743681653670e-04  2.13283148520570473e-05 
 2.75422870333815446e+01 -1.51225732504652884e-04  2.18251151251982897e-05 
 2.81838293126444164e+01 -1.51225720764563081e-04  2.23334873632656445e-05 
 2.88403150312659342e+01 -1.51225708490908441e-04  2.28537011119472595e-05 
 2.95120922666637284e+01 -1.51225695612156529e-04  2.33860321954573658e-05 
 3.01995172040200295e+01 -1.51225682130566417e-04  2.39307628627955772e-05 
 3.09029543251357701e+01 -1.51225667991973641e-04  2.44881819373367850e-05 
 3.16227766016836540e+01 -1.51225653229468811e-04  2.50585849700759623e-05 
 3.23593656929626832e+01 -1.51225637696156002e-04  2.56422743962404362e-05 
 3.31131121482589634e+01 -1.51225621537197526e-04  2.62395596956882849e-05 
 3.38844156139201047e+01 -1.51225604570167505e-04  2.68507575569955469e-05 
 3.46736850452530092e+01 -1.51225586798489658e-04  2.74761920453727439e-05 
 3.54813389233573844e+01 -1.51225569363746176e-04  2.81161947744774675e-05 
 3.63078054770099712e+01 -1.51225549877195538e-04  2.87711050821716725e-05 
 3.71535229097170827e+01 -1.51225529467023992e-04  2.94412702105920250e-05 
 3.80189396320559467e+01 -1.51225508115744280e-04  3.01270454901867701e-05 
 3.89045144994278829e+01 -1.51225485745108256e-04  3.08287945280402467e-05 
 3.98107170553495422e+01 -1.51225462312568602e-04  3.15468894008017378e-05 
 4.07380277804110875e+01 -1.51225437764662956e-04  3.22817108518776440e-05 
 4.16869383470333474e+01 -1.51225412073357400e-04  3.30336484933905182e-05 
 4.26579518801590680e+01 -1.51225386368973900e-04  3.38031010125282994e-05 
 4.36515832240163917e+01 -1.51225358191144175e-04  3.45904763832154266e-05 
 4.46683592150961033e+01 -1.51225328712373649e-04  3.53961920823179854e-05 
 4.57088189614872888e+01 -1.51225297804241150e-04  3.62206753109461899e-05 
 4.67735141287195972e+01 -1.51225266645477863e-04  3.70643632210713802e-05 
 4.78630092322636074e+01 -1.51225232771413231e-04  3.79277031471229425e-05 
 4.89778819368443834e+01 -1.51225197311492425e-04  3.88111528433781160e-05 
 5.01187233627269819e+01 -1.51225160221388921e-04  3.97151807265656523e-05 
 5.12861383991362345e+01 -1.51225121322124903e-04  4.06402661242298550e-05 
 5.24807460249770017e+01 -1.51225080594727509e-04  4.15868995288863597e-05 
 5.37031796370250092e+01 -1.51225037966756451e-04  4.25555828581111086e-05 
 5.49540873857621861e+01 -1.51224995662440503e-04  4.35468297206700181e-05 
 5.62341325190346311e+01 -1.51224948950056217e-04  4.45611656886929250e-05 
 5.75439937337154106e+01 -1.51224899977963180e-04  4.55991285764894636e-05 
 5.88843655355586080e+01 -1.51224848754477847e-04  4.66612687257763717e-05 
 6.02559586074354741e+01 -1.51224795056430808e-04  4.77481492973448973e-05 
 6.16595001861479091e+01 -1.51224740002938363e-04  4.88603465695974524e-05 
 6.30957344480190088e+01 -1.51224681176237013e-04  4.99984502442934591e-05 
 6.45654229034652190e+01 -1.51224620709555411e-04  5.11630637590744001e-05 
 6.60693448007592536e+01 -1.51224556204219225e-04  5.23548046073376053e-05 
 6.76082975391978209e+01 -1.51224488648301632e-04  5.35743046659343662e-05 
 6.91830970918932877e+01 -1.51224419069811392e-04  5.48222105299513938e-05 
 7.07945784384134242e+01 -1.51224345001629059e-04  5.60991838555470920e-05 
 7.24435960074986269e+01 -1.51224267400542668e-04  5.74059017108330188e-05 
 7.41310241300913617e+01 -1.51224188570860249e-04  5.87430569351173363e-05 
 7.58577575029179769e+01 -1.51224103520609200e-04  6.01113585054529185e-05 
 7.76247116628687621e+01 -1.51224014449804974e-04  6.15115319135675550e-05 
 7.94328234724277280e+01 -1.51223922277425138e-04  6.29443195500604431e-05 
 8.12830516164094945e+01 -1.51223826456477770e-04  6.44104810979263776e-05 
 8.31763771102666567e+01 -1.51223724196063115e-04  6.59107939350987731e-05 
 8.51138038202371945e+01 -1.51223617663160499e-04  6.74460535474551707e-05 
 8.70963589956076021e+01 -1.51223506130707737e-04  6.90170739500062545e-05 
 8.91250938133740789e+01 -1.51223389312307352e-04  7.06246881187183579e-05 
 9.12010839355904892e+01 -1.51223267533081679e-04  7.22697484315392731e-05 
 9.33254300796986058e+01 -1.51223138813648780e-04  7.39531271213024184e-05 
 9.54992586021430867e+01 -1.51223006337323948e-04  7.56757167378293210e-05 
 9.77237220955805412e+01 -1.51222865171101058e-04  7.74384306206568081e-05 
 9.99999999999994600e+01 -1.51222719752723848e-04  7.92422033843495887e-05 
 1.02329299228074859e+02 -1.51222566094046568e-04  8.10879914127889324e-05 
 1.04712854805089378e+02 -1.51222404030146562e-04  8.29767733672009402e-05 
 1.07151930523760043e+02 -1.51222236627467603e-04  8.49095507048700621e-05 
 1.09647819614317882e+02 -1.51222058933217366e-04  8.68873482097787974e-05 
 1.12201845430195704e+02 -1.51221875164598825e-04  8.89112145367982823e-05 
 1.14815362149687616e+02 -1.51221681439542266e-04  9.09822227659094556e-05 
 1.17489755493952273e+02 -1.51221478499445437e-04  9.31014709734119512e-05 
 1.20226443461740587e+02 -1.51221265465498645e-04  9.52700828126505097e-05 
 1.23026877081237430e+02 -1.51221044078961694e-04  9.74892081105923453e-05 
 1.25892541179415971e+02 -1.51220812165051959e-04  9.97600234764989095e-05 
 1.28824955169312631e+02 -1.51220568037699051e-04  1.02083732926386593e-04 
 1.31825673855639934e+02 -1.51220313471719047e-04  1.04461568522501905e-04 
 1.34896288259164550e+02 -1.51220046888028893e-04  1.06894791024189534e-04 
 1.38038426460287639e+02 -1.51219766397605714e-04  1.09384690558037763e-04 
 1.41253754462274571e+02 -1.51219473829442876e-04  1.11932587302230067e-04 
 1.44543977074591879e+02 -1.51219167340284279e-04  1.14539832184804691e-04 
 1.47910838816819847e+02 -1.51218846308535622e-04  1.17207807601685292e-04 
 1.51356124843619909e+02 -1.51218510039210547e-04  1.19937928148945898e-04 
 1.54881661891247205e+02 -1.51218158384121222e-04  1.22731641372033230e-04 
 1.58489319246110398e+02 -1.51217789416495916e-04  1.25590428534674321e-04 
 1.62181009735892019e+02 -1.51217402945003738e-04  1.28515805403708622e-04 
 1.65958690743755056e+02 -1.51216999948524316e-04  1.31509323052833322e-04 
 1.69824365246173386e+02 -1.51216576010111648e-04  1.34572568684155388e-04 
 1.73780082874936454e+02 -1.51216133141409353e-04  1.37707166471525111e-04 
 1.77827941003891169e+02 -1.51215669259360911e-04  1.40914778419741737e-04 
 1.81970085860997187e+02 -1.51215183336663052e-04  1.44197105247204739e-04 
 1.86208713666285547e+02 -1.51214674324854818e-04  1.47555887286617937e-04 
 1.90546071796323474e+02 -1.51214141133970795e-04  1.50992905408534164e-04 
 1.94984459975803247e+02 -1.51213583263987107e-04  1.54509981965403543e-04 
 1.99526231496886652e+02 -1.51213000155020315e-04  1.58108981758208622e-04 
 2.04173794466951591e+02 -1.51212388005729530e-04  1.61791813023571721e-04 
 2.08929613085402565e+02 -1.51211746290376311e-04  1.65560428446901743e-04 
 2.13796208950221796e+02 -1.51211076444803476e-04  1.69416826198189974e-04 
 2.18776162394953815e+02 -1.51210373819588061e-04  1.73363050991102942e-04 
 2.23872113856832470e+02 -1.51209638823486184e-04  1.77401195164501440e-04 
 2.29086765276775765e+02 -1.51208868986913223e-04  1.81533399796897924e-04 
 2.34422881531990640e+02 -1.51208062647651342e-04  1.85761855837022778e-04 
 2.39883291901947445e+02 -1.51207217947720382e-04  1.90088805268215513e-04 
 2.45470891568501401e+02 -1.51206333745435478e-04  1.94516542296118783e-04 
 2.51188643150956324e+02 -1.51205407516429550e-04  1.99047414565399337e-04 
 2.57039578276884640e+02 -1.51204438554699362e-04  2.03683824403551929e-04 
 2.63026799189536405e+02 -1.51203422896739988e-04  2.08428230096737105e-04 
 2.69153480392689744e+02 -1.51202360198948352e-04  2.13283147191277895e-04 
 2.75422870333814785e+02 -1.51201247244727788e-04  2.18251149827012594e-04 
 2.81838293126443489e+02 -1.51200081490327523e-04  2.23334872106126247e-04 
 2.88403150312658624e+02 -1.51198860261338630e-04  2.28537009483969095e-04 
 2.95120922666636545e+02 -1.51197582744223559e-04  2.33860320202049243e-04 
 3.01995172040199520e+02 -1.51196244671577304e-04  2.39307626750071104e-04 
 3.09029543251356870e+02 -1.51194842334252130e-04  2.44881817361411751e-04 
 3.16227766016835687e+02 -1.51193376012957140e-04  2.50585847544831518e-04 
 3.23593656929625979e+02 -1.51191838554926678e-04  2.56422741651770886e-04 
 3.31131121482588753e+02 -1.51190230113494443e-04  2.62395594481468946e-04 
 3.38844156139200152e+02 -1.51188544672255232e-04  2.68507572917518571e-04 
 3.46736850452529154e+02 -1.51186781060739454e-04  2.74761917611613153e-04 
 3.54813389233572877e+02 -1.51184932411102573e-04  2.81161944699241130e-04 
 3.63078054770098674e+02 -1.51182999181022782e-04  2.87711047558414086e-04 
 3.71535229097169804e+02 -1.51180973379663654e-04  2.94412698609530061e-04 
 3.80189396320558387e+02 -1.51178852770901849e-04  3.01270451154945509e-04 
 3.89045144994277734e+02 -1.51176631341298323e-04  3.08287941265361414e-04 
 3.98107170553494313e+02 -1.51174305056283253e-04  3.15468889706085887e-04 
 4.07380277804109710e+02 -1.51171869971966855e-04  3.22817103908997220e-04 
 4.16869383470332309e+02 -1.51169320171536651e-04  3.30336479994615916e-04 
 4.26579518801589472e+02 -1.51166649717110403e-04  3.38031004831996921e-04 
 4.36515832240162695e+02 -1.51163854397633537e-04  3.45904758160953520e-04 
 4.46683592150959782e+02 -1.51160926285110012e-04  3.53961914745358909e-04 
 4.57088189614871624e+02 -1.51157860505127809e-04  3.62206746597067922e-04 
 4.67735141287194722e+02 -1.51154645565435659e-04  3.70643625230614171e-04 
 4.78630092322634766e+02 -1.51151283207239808e-04  3.79277023992499903e-04 
 4.89778819368442498e+02 -1.51147764542264345e-04  3.88111520420219951e-04 
 5.01187233627268483e+02 -1.51144076733966107e-04  3.97151798679295273e-04 
 5.12861383991360981e+02 -1.51140217084929615e-04  4.06402652042755716e-04 
 5.24807460249768610e+02 -1.51136176342133073e-04  4.15868985432225522e-04 
 5.37031796370248685e+02 -1.51131944992564140e-04  4.25555818018996332e-04 
 5.49540873857620340e+02 -1.51127513316941719e-04  4.35468285889335370e-04 
 5.62341325190344719e+02 -1.51122872834569223e-04  4.45611644758902464e-04 
 5.75439937337152401e+02 -1.51118013777357861e-04  4.55991272768811978e-04 
 5.88843655355584360e+02 -1.51112924684453559e-04  4.66612673332476239e-04 
 6.02559586074352978e+02 -1.51107597040984917e-04  4.77481478052125857e-04 
 6.16595001861477272e+02 -1.51102017245391033e-04  4.88603449708454826e-04 
 6.30957344480188226e+02 -1.51096176628059514e-04  4.99984485312341613e-04 
 6.45654229034650371e+02 -1.51090058814706244e-04  5.11630619234831603e-04 
 6.60693448007590746e+02 -1.51083654051942478e-04  5.23548026406500016e-04 
 6.76082975391976333e+02 -1.51076944723154132e-04  5.35743025584952000e-04 
 6.91830970918930916e+02 -1.51069920197682822e-04  5.48222082715662238e-04 
 7.07945784384132139e+02 -1.51062566631419911e-04  5.60991814359507938e-04 
 7.24435960074984109e+02 -1.51054864833183983e-04  5.74058991180833385e-04 
 7.41310241300911343e+02 -1.51046801075522137e-04  5.87430541569109333e-04 
 7.58577575029177410e+02 -1.51038356829066904e-04  6.01113555284382294e-04 
 7.76247116628685148e+02 -1.51029514113982269e-04  6.15115287239600007e-04 
 7.94328234724274694e+02 -1.51020255781734742e-04  6.29443161322078564e-04 
 8.12830516164092273e+02 -1.51010556706820677e-04  6.44104774351882039e-04 
 8.31763771102663895e+02 -1.51000403884634434e-04  6.59107900106450017e-04 
 8.51138038202369216e+02 -1.50989773525025039e-04  6.74460493425223088e-04 
 8.70963589956073179e+02 -1.50978642814148499e-04  6.90170694444505956e-04 
 8.91250938133737918e+02 -1.50966985966186372e-04  7.06246832906840287e-04 
 9.12010839355901908e+02 -1.50954780421695955e-04  7.22697432582214633e-04 
 9.33254300796982989e+02 -1.50941998899324723e-04  7.39531215779616808e-04 
 9.54992586021427655e+02 -1.50928616314544202e-04  7.56757107980489613e-04 
 9.77237220955802172e+02 -1.50914601115922161e-04  7.74384242563330130e-04 
 9.99999999999991246e+02 -1.50899927190904640e-04  7.92421965645398246e-04 
 1.02329299228074512e+03 -1.50884559402859078e-04  8.10879841052481701e-04 
 1.04712854805089023e+03 -1.50868464775908101e-04  8.29767655365590707e-04 
 1.07151930523759688e+03 -1.50851616397063568e-04  8.49095423144791898e-04 
 1.09647819614317518e+03 -1.50833973718855584e-04  8.68873392193237996e-04 
 1.12201845430195340e+03 -1.50815500463799117e-04  8.89112049034107023e-04 
 1.14815362149687235e+03 -1.50796155438534112e-04  9.09822124436821108e-04 
 1.17489755493951884e+03 -1.50775898031952721e-04  9.31014599129721719e-04 
 1.20226443461740200e+03 -1.50754687590338792e-04  9.52700709614073783e-04 
 1.23026877081237035e+03 -1.50732473072594844e-04  9.74891954110829488e-04 
 1.25892541179415571e+03 -1.50709216856024521e-04  9.97600098690316081e-04 
 1.28824955169312216e+03 -1.50684862439196443e-04  1.02083718345921887e-03 
 1.31825673855639502e+03 -1.50659361530631856e-04  1.04461552899019262e-03 
 1.34896288259164112e+03 -1.50632659537669423e-04  1.06894774283460524e-03 
 1.38038426460287201e+03 -1.50604697339984920e-04  1.09384672620420798e-03 
 1.41253754462274105e+03 -1.50575414701762284e-04  1.11932568081360212e-03 
 1.44543977074591385e+03 -1.50544756512129024e-04  1.14539811589135549e-03 
 1.47910838816819341e+03 -1.50512652093589058e-04  1.17207785533434512e-03 
 1.51356124843619386e+03 -1.50479034985490708e-04  1.19937904502167539e-03 
 1.54881661891246677e+03 -1.50443833342186702e-04  1.22731616033937329e-03 
 1.58489319246109858e+03 -1.50406974195923377e-04  1.25590401385142041e-03 
 1.62181009735891462e+03 -1.50368375964911229e-04  1.28515776312424076e-03 
 1.65958690743754482e+03 -1.50327956840835174e-04  1.31509291880683391e-03 
 1.69824365246172806e+03 -1.50285636722818678e-04  1.34572535283192284e-03 
 1.73780082874935874e+03 -1.50241320374699006e-04  1.37707130681921576e-03 
 1.77827941003890555e+03 -1.50194908680704987e-04  1.40914740069635861e-03 
 1.81970085860996574e+03 -1.50146310195253417e-04  1.44197064153066550e-03 
 1.86208713666284916e+03 -1.50095430508913043e-04  1.47555843254528374e-03 
 1.90546071796322849e+03 -1.50042149470037934e-04  1.50992858227439993e-03 
 1.94984459975802611e+03 -1.49986359936841762e-04  1.54509931410108116e-03 
 1.99526231496885998e+03 -1.49927940597682319e-04  1.58108927587717412e-03 
 2.04173794466950926e+03 -1.49866762592070429e-04  1.61791754977919414e-03 
 2.08929613085401888e+03 -1.49802706969775785e-04  1.65560366250681835e-03 
 2.13796208950221080e+03 -1.49735626091253320e-04  1.69416759553204220e-03 
 2.18776162394953053e+03 -1.49665390720067138e-04  1.73362979579515675e-03 
 2.23872113856831720e+03 -1.49591832576396414e-04  1.77401118644271959e-03 
 2.29086765276774986e+03 -1.49514815236654149e-04  1.81533317803837043e-03 
 2.34422881531989833e+03 -1.49434173476369465e-04  1.85761767980863386e-03 
 2.39883291901946586e+03 -1.49349729320950132e-04  1.90088711128675279e-03 
 2.45470891568500519e+03 -1.49261298902939271e-04  1.94516441422568423e-03 
 2.51188643150955431e+03 -1.49168704903496934e-04  1.99047306476684725e-03 
 2.57039578276883731e+03 -1.49071749951537960e-04  2.03683708584745165e-03 
 2.63026799189535450e+03 -1.48970225247398484e-04  2.08428105994905473e-03 
 2.69153480392688743e+03 -1.48863912687617324e-04  2.13283014213353503e-03 
 2.75422870333813762e+03 -1.48752596815968324e-04  2.18251007340032827e-03 
 2.81838293126442431e+03 -1.48636030791825285e-04  2.23334719428600146e-03 
 2.88403150312657544e+03 -1.48513974523637154e-04  2.28536845888071757e-03 
 2.95120922666635443e+03 -1.48386165288699989e-04  2.33860144906654875e-03 
 3.01995172040198395e+03 -1.48252331622753105e-04  2.39307438918279387e-03 
 3.09029543251355744e+03 -1.48112181276793700e-04  2.44881616093914909e-03 
 3.16227766016834539e+03 -1.47965433064692136e-04  2.50585631883214676e-03 
 3.23593656929624785e+03 -1.47811767439823440e-04  2.56422510566455203e-03 
 3.31131121482587514e+03 -1.47650856088912309e-04  2.62395346867690940e-03 
 3.38844156139198867e+03 -1.47482371274506956e-04  2.68507307596569647e-03 
 3.46736850452527869e+03 -1.47305939189789741e-04  2.74761633314298502e-03 
 3.54813389233571570e+03 -1.47121192739851561e-04  2.81161640067945475e-03 
 3.63078054770097333e+03 -1.46927744136677717e-04  2.87710721142714516e-03 
 3.71535229097168440e+03 -1.46725161361607455e-04  2.94412348844384211e-03 
 3.80189396320556989e+03 -1.46513042425649201e-04  3.01270076374212476e-03 
 3.89045144994276279e+03 -1.46290931502907290e-04  3.08287539681754638e-03 
 3.98107170553492824e+03 -1.46058341212746822e-04  3.15468459399401331e-03 
 4.07380277804108209e+03 -1.45814804674175352e-04  3.22816642828845004e-03 
 4.16869383470330740e+03 -1.45559789301514847e-04  3.30335985939078387e-03 
 4.26579518801587892e+03 -1.45292750810601561e-04  3.38030475443426700e-03 
 4.36515832240161035e+03 -1.45013128712362507e-04  3.45904190911159757e-03 
 4.46683592150958066e+03 -1.44720312311446761e-04  3.53961306922769567e-03 
 4.57088189614869862e+03 -1.44413714433745888e-04  3.62206095305337870e-03 
 4.67735141287192891e+03 -1.44092657513459873e-04  3.70642927359180526e-03 
 4.78630092322632936e+03 -1.43756474295920366e-04  3.79276276209223901e-03 
 4.89778819368440691e+03 -1.43404444164195872e-04  3.88110719154062837e-03 
 5.01187233627266596e+03 -1.43035825356116312e-04  3.97150940105625832e-03 
 5.12861383991358980e+03 -1.42649838781892070e-04  4.06401732066460734e-03 
 5.24807460249766609e+03 -1.42245665803353874e-04  4.15867999661211941e-03 
 5.37031796370246593e+03 -1.41822415629408059e-04  4.25554761739941733e-03 
 5.49540873857618226e+03 -1.41379233141816334e-04  4.35467154062529633e-03 
 5.62341325190342559e+03 -1.40915175507673148e-04  4.45610431986297184e-03 
 5.75439937337150241e+03 -1.40429245453126838e-04  4.55989973262880665e-03 
 5.88843655355582086e+03 -1.39920411209761122e-04  4.66611280885967285e-03 
 6.02559586074350682e+03 -1.39387589033602234e-04  4.77479986016594773e-03 
 6.16595001861474884e+03 -1.38829658085727468e-04  4.88601850960814540e-03 
 6.30957344480185748e+03 -1.38245429019795494e-04  4.99982772219135542e-03 
 6.45654229034647778e+03 -1.37633687917927282e-04  5.11628783629444230e-03 
 6.60693448007588086e+03 -1.36993095738786197e-04  5.23546059514536088e-03 
 6.76082975391973650e+03 -1.36322338100563632e-04  5.35740918032089411e-03 
 6.91830970918928142e+03 -1.35619954032555068e-04  5.48219824435274179e-03 
 7.07945784384129365e+03 -1.34884467732521217e-04  5.60989394567452775e-03 
 7.24435960074981267e+03 -1.34114299405318664e-04  5.74056398318544946e-03 
 7.41310241300908456e+03 -1.33307854484340045e-04  5.87427763267243681e-03 
 7.58577575029174477e+03 -1.32463400722442623e-04  6.01110578282152818e-03 
 7.76247116628682215e+03 -1.31579144334453293e-04  6.15112097321011530e-03 
 7.94328234724271715e+03 -1.30653199436441019e-04  6.29439743252390143e-03 
 8.12830516164089204e+03 -1.29683648104382592e-04  6.44101111835384665e-03 
 8.31763771102660758e+03 -1.28668361840160315e-04  6.59103975630381030e-03 
 8.51138038202365897e+03 -1.27605260269483166e-04  6.74456288276658721e-03 
 8.70963589956069882e+03 -1.26492045951552209e-04  6.90166188543917675e-03 
 8.91250938133734417e+03 -1.25326369929304406e-04  7.06242004746146859e-03 
 9.12010839355898315e+03 -1.24105753086527172e-04  7.22692259108273331e-03 
 9.33254300796979260e+03 -1.22827611866442897e-04  7.39525672298964841e-03 
 9.54992586021423813e+03 -1.21489228172214672e-04  7.56751168026285632e-03 
 9.77237220955798148e+03 -1.20087789838987905e-04  7.74377877795500835e-03 
 9.99999999999987085e+03 -1.18620276076585949e-04  7.92415145660793629e-03 
 1.02329299228074087e+04 -1.17083626007311761e-04  8.10872533314586051e-03 
 1.04712854805088591e+04 -1.15474543619521237e-04  8.29759824986759688e-03 
 1.07151930523759238e+04 -1.13789650846785867e-04  8.49087032751153804e-03 
 1.09647819614317068e+04 -1.12025313370361248e-04  8.68864401710313025e-03 
 1.12201845430194880e+04 -1.10177846324891975e-04  8.89102415556201377e-03 
 1.14815362149686771e+04 -1.08243319801069429e-04  9.09811801986558887e-03 
 1.17489755493951416e+04 -1.06217603392066824e-04  9.31003538416006436e-03 
 1.20226443461739709e+04 -1.04096262314080112e-04  9.52688857753878487e-03 
 1.23026877081236526e+04 -1.01875117128851265e-04  9.74879254620046251e-03 
 1.25892541179415057e+04 -9.95492735581402839e-05  9.97586490927370763e-03 
 1.28824955169311688e+04 -9.71138307256022570e-05  1.02082260247567773e-02 
 1.31825673855638961e+04 -9.45636131283559704e-05  1.04459990518514633e-02 
 1.34896288259163575e+04 -9.18931888872834279e-05  1.06893100160941144e-02 
 1.38038426460286646e+04 -8.90969212351378859e-05  1.09382878765104108e-02 
 1.41253754462273537e+04 -8.61688483147805286e-05  1.11930645927919709e-02 
 1.44543977074590803e+04 -8.31027945006885919e-05  1.14537751963469676e-02 
 1.47910838816818741e+04 -7.98922437280445556e-05  1.17205578602712791e-02 
 1.51356124843618763e+04 -7.65303884535137140e-05  1.19935539732187284e-02 
 1.54881661891246022e+04 -7.30101017306766380e-05  1.22729082136789694e-02 
 1.58489319246109189e+04 -6.93239142315235342e-05  1.25587686264974491e-02 
 1.62181009735890784e+04 -6.54639935667223651e-05  1.28512867007854019e-02 
 1.65958690743753796e+04 -6.14221257510735581e-05  1.31506174500065250e-02 
 1.69824365246172092e+04 -5.71897783506366262e-05  1.34569194944993784e-02 
 1.73780082874935142e+04 -5.27579858438873153e-05  1.37703551441923592e-02 
 1.77827941003889828e+04 -4.81172981845311848e-05  1.40910904838861036e-02 
 1.81970085860995823e+04 -4.32579058850410351e-05  1.44192954624043374e-02 
 1.86208713666284166e+04 -3.81695156183452683e-05  1.47551439809366601e-02 
 1.90546071796322067e+04 -3.28413213642462555e-05  1.50988139847567961e-02 
 1.94984459975801801e+04 -2.72620135367320694e-05  1.54504875570095519e-02 
 1.99526231496885157e+04 -2.14197332007742332e-05  1.58103510146978127e-02 
 2.04173794466950058e+04 -1.53021248948135704e-05  1.61785950077682310e-02 
 2.08929613085400997e+04 -8.89603471388999368e-06  1.65554146162183551e-02 
 2.13796208950220171e+04 -2.18817882347279051e-06  1.69410094595975474e-02 
 2.18776162394952153e+04  4.83578762798762649e-06  1.73355837937932966e-02 
 2.23872113856830765e+04  1.21907725086956114e-05  1.77393466229023473e-02 
 2.29086765276774022e+04  1.98924256102589048e-05  1.81525118076633941e-02 
 2.34422881531988860e+04  2.79570231485213385e-05  1.85752981799381690e-02 
 2.39883291901945595e+04  3.64017562397846061e-05  1.90079296539048502e-02 
 2.45470891568499501e+04  4.52444344569398073e-05  1.94506353488884363e-02 
 2.51188643150954376e+04  5.45038377081866351e-05  1.99036497042556389e-02 
 2.57039578276882639e+04  6.41996825083167489e-05  2.03672126035491091e-02 
 2.63026799189534358e+04  7.43524947103519978e-05  2.08415695033843350e-02 
 2.69153480392687634e+04  8.49839403808625582e-05  2.13269715574267368e-02 
 2.75422870333812607e+04  9.61162510294064082e-05  2.18236757556656072e-02 
 2.81838293126441240e+04  1.07773244696563630e-04  2.23319450465550157e-02 
 2.88403150312656362e+04  1.19979675436389258e-04  2.28520484840084200e-02 
 2.95120922666634215e+04  1.32761302382919551e-04  2.33842613680406951e-02 
 3.01995172040197140e+04  1.46145367799233158e-04  2.39288653808325640e-02 
 3.09029543251354444e+04  1.60160277953920715e-04  2.44861487404039666e-02 
 3.16227766016833193e+04  1.74835625037996921e-04  2.50564063529719987e-02 
 3.23593656929623394e+04  1.90202810540802166e-04  2.56399399545840026e-02 
 3.31131121482586095e+04  2.06294105840065160e-04  2.62370582857925604e-02 
 3.38844156139197439e+04  2.23143763157839279e-04  2.68480772367131020e-02 
 3.46736850452526414e+04  2.40787589821804825e-04  2.74733200167342137e-02 
 3.54813389233570124e+04  2.59262910390318537e-04  2.81131173264146036e-02 
 3.63078054770095841e+04  2.78609221971182566e-04  2.87678075167534693e-02 
 3.71535229097166884e+04  2.98867077070397072e-04  2.94377367883471158e-02 
 3.80189396320555388e+04  3.20079780185901367e-04  3.01232593383035686e-02 
 3.89045144994274669e+04  3.42292166347656307e-04  3.08247375712632603e-02 
 3.98107170553491160e+04  3.65551652110444186e-04  3.15425422640656095e-02 
 4.07380277804106518e+04  3.89907153814479592e-04  3.22770527828357551e-02 
 4.16869383470329049e+04  4.15410607770488947e-04  3.30286572490975164e-02 
 4.26579518801586164e+04  4.42116095002325553e-04  3.37977527595091781e-02 
 4.36515832240159289e+04  4.70080449482236911e-04  3.45847455790095903e-02 
 4.46683592150956247e+04  4.99362544339578126e-04  3.53900513683158349e-02 
 4.57088189614867952e+04  5.30024774450948283e-04  3.62140953640684507e-02 
 4.67735141287190927e+04  5.62132308662586502e-04  3.70573126182273740e-02 
 4.78630092322630881e+04  5.95752939318078246e-04  3.79201482241552507e-02 
 4.89778819368438562e+04  6.30958159714667963e-04  3.88030575239988948e-02 
 5.01187233627264432e+04  6.67822859663684413e-04  3.97065063481651659e-02 
 5.12861383991356779e+04  7.06424905220662085e-04  4.06309712663690120e-02 
 5.24807460249764335e+04  7.46846532864940118e-04  4.15769397988271019e-02 
 5.37031796370244265e+04  7.89173161707149733e-04  4.25449106960078607e-02 
 5.49540873857615879e+04  8.33494907717088288e-04  4.35353941557083957e-02 
 5.62341325190340212e+04  8.79905550774687088e-04  4.45489121083098225e-02 
 5.75439937337147858e+04  9.28503803272477191e-04  4.55859984551222966e-02 
 5.88843655355579685e+04  9.79392467872149813e-04  4.66471993577506211e-02 
 6.02559586074348263e+04  1.03267989403100645e-03  4.77330734794201156e-02 
 6.16595001861472410e+04  1.08847881133145074e-03  4.88441922981905363e-02 
 6.30957344480183237e+04  1.14690788312860363e-03  4.99811403563105924e-02 
 6.45654229034645250e+04  1.20809101123690063e-03  5.11445155702037746e-02 
 6.60693448007585539e+04  1.27215777348946768e-03  5.23349295247088550e-02 
 6.76082975391970976e+04  1.33924451130665919e-03  5.35530077419619222e-02 
 6.91830970918925450e+04  1.40949342753114324e-03  5.47993900259913305e-02 
 7.07945784384126600e+04  1.48305335585977504e-03  5.60747307599347294e-02 
 7.24435960074978502e+04  1.56008077530499743e-03  5.73796991955188573e-02 
 7.41310241300905618e+04  1.64073897220849132e-03  5.87149798150688462e-02 
 7.58577575029171567e+04  1.72519925655662096e-03  6.00812726254568927e-02 
 7.76247116628679214e+04  1.81364064054012663e-03  6.14792935291785941e-02 
 7.94328234724268696e+04  1.90625088803686167e-03  6.29097746207722963e-02 
 8.12830516164086148e+04  2.00322679485399240e-03  6.43734645433177433e-02 
 8.31763771102657629e+04  2.10477365197753044e-03  6.58711288760594760e-02 
 8.51138038202362804e+04  2.21110751279928299e-03  6.74035504183895934e-02 
 8.70963589956066571e+04  2.32245381735641772e-03  6.89715296235133418e-02 
 8.91250938133731106e+04  2.43904914994427314e-03  7.05758849056616899e-02 
 9.12010839355895005e+04  2.56114070687531474e-03  7.22174530663227399e-02 
 9.33254300796975876e+04  2.68898775339288573e-03  7.38970896267804461e-02 
 9.54992586021420429e+04  2.82286193692744001e-03  7.56156692188052343e-02 
 9.77237220955794764e+04  2.96304727258572429e-03  7.73740859933453040e-02 
 9.99999999999983702e+04  3.10984125590318137e-03  7.91732540175912880e-02 
 1.02329299228073738e+05  3.26355556087844050e-03  8.10141076232569479e-02 
 1.04712854805088238e+05  3.42451675330438486e-03  8.28976018401518522e-02 
 1.07151930523758885e+05  3.59306647024628051e-03  8.48247128114809207e-02 
 1.09647819614316701e+05  3.76956272637302874e-03  8.67964381762552500e-02 
 1.12201845430194502e+05  3.95438016170201762e-03  8.88137975137508751e-02 
 1.14815362149686393e+05  4.14791136658822831e-03  9.08778327245195888e-02 
 1.17489755493951030e+05  4.35056743672747413e-03  9.29896084620597252e-02 
 1.20226443461739313e+05  4.56277856905129217e-03  9.51502125876200200e-02 
 1.23026877081236133e+05  4.78499583670196488e-03  9.73607565164250344e-02 
 1.25892541179414649e+05  5.01769089397787436e-03  9.96223757347710209e-02 
 1.28824955169311273e+05  5.26135840877418534e-03  1.01936230134447914e-01 
 1.31825673855638539e+05  5.51651587986031183e-03  1.04303504501779123e-01 
 1.34896288259163121e+05  5.78370549370916566e-03  1.06725408928926832e-01 
 1.38038426460286195e+05  6.06349496537175476e-03  1.09203179211181320e-01 
 1.41253754462273093e+05  6.35647908655744519e-03  1.11738077272814415e-01 
 1.44543977074590366e+05  6.66328023007035138e-03  1.14331391627225373e-01 
 1.47910838816818286e+05  6.98455046701416168e-03  1.16984437754968099e-01 
 1.51356124843618309e+05  7.32097303992363963e-03  1.19698558465256261e-01 
 1.54881661891245574e+05  7.67326290941691951e-03  1.22475124397147500e-01 
 1.58489319246108731e+05  8.04216930894458525e-03  1.25315534313995919e-01 
 1.62181009735890315e+05  8.42847639455337333e-03  1.28221215581384634e-01 
 1.65958690743753308e+05  8.83300593574426474e-03  1.31193624433146805e-01 
 1.69824365246171597e+05  9.25661857870907490e-03  1.34234246367882948e-01 
 1.73780082874934626e+05  9.70021512614218338e-03  1.37344596589879853e-01 
 1.77827941003889282e+05  1.01647394151245830e-02  1.40526220179359201e-01 
 1.81970085860995285e+05  1.06511801317068066e-02  1.43780692445557579e-01 
 1.86208713666283613e+05  1.11605724357697368e-02  1.47109619288395221e-01 
 1.90546071796321514e+05  1.16940007672964950e-02  1.50514637335873003e-01 
 1.94984459975801234e+05  1.22526003891051984e-02  1.53997414317404796e-01 
 1.99526231496884575e+05  1.28375615283919595e-02  1.57559649035910770e-01 
 2.04173794466949475e+05  1.34501293514886298e-02  1.61203071833589062e-01 
 2.08929613085400400e+05  1.40916093731966296e-02  1.64929444397654446e-01 
 2.13796208950219559e+05  1.47633680909367328e-02  1.68740560106781873e-01 
 2.18776162394951505e+05  1.54668376246287886e-02  1.72638243830477683e-01 
 2.23872113856830110e+05  1.62035169677086921e-02  1.76624352185730971e-01 
 2.29086765276773367e+05  1.69749773982364252e-02  1.80700773107971446e-01 
 2.34422881531988183e+05  1.77828641436289618e-02  1.84869425987548991e-01 
 2.39883291901944904e+05  1.86289008009605933e-02  1.89132261326872608e-01 
 2.45470891568498802e+05  1.95148930749582984e-02  1.93491260394569237e-01 
 2.51188643150953663e+05  2.04427319384892503e-02  1.97948434995602635e-01 
 2.57039578276881919e+05  2.14143987698796855e-02  2.02505826809041778e-01 
 2.63026799189533631e+05  2.24319688348833673e-02  2.07165506960739265e-01 
 2.69153480392686906e+05  2.34976165056949640e-02  2.11929575130095416e-01 
 2.75422870333811850e+05  2.46136195722592675e-02  2.16800158861101350e-01 
 2.81838293126440491e+05  2.57823642113252267e-02  2.21779412538930493e-01 
 2.88403150312655605e+05  2.70063501194729473e-02  2.26869516278412897e-01 
 2.95120922666633443e+05  2.82881963244424293e-02  2.32072674562737613e-01 
 3.01995172040196368e+05  2.96306467688931957e-02  2.37391114823130800e-01 
 3.09029543251353665e+05  3.10365758754616791e-02  2.42827085741598586e-01 
 3.16227766016832436e+05  3.25089954814031384e-02  2.48382855265435631e-01 
 3.23593656929622637e+05  3.40510611889579956e-02  2.54060708532293456e-01 
 3.31131121482585324e+05  3.56660785735559843e-02  2.59862945502792375e-01 
 3.38844156139196653e+05  3.73575116477455060e-02  2.65791878030434858e-01 
 3.46736850452525599e+05  3.91289896443345747e-02  2.71849826968590169e-01 
 3.54813389233569265e+05  4.09843146781392539e-02  2.78039118861784118e-01 
 3.63078054770094983e+05  4.29274704264890616e-02  2.84362082039796904e-01 
 3.71535229097166040e+05  4.49626311620469482e-02  2.90821042391996409e-01 
 3.80189396320554544e+05  4.70941696875272764e-02  2.97418318900411149e-01 
 3.89045144994273782e+05  4.93266676469318252e-02  3.04156218320238425e-01 
 3.98107170553490287e+05  5.16649254122237625e-02  3.11037029503963558e-01 
 4.07380277804105601e+05  5.41139717090815750e-02  3.18063017165308493e-01 
 4.16869383470328117e+05  5.66790747143627940e-02  3.25236414938299800e-01 
 4.26579518801585189e+05  5.93657535067365974e-02  3.32559417553075110e-01 
 4.36515832240158285e+05  6.21797889614841559e-02  3.40034172603199458e-01 
 4.46683592150955228e+05  6.51272363862044901e-02  3.47662771116981018e-01 
 4.57088189614866918e+05  6.82144379382951804e-02  3.55447237366061208e-01 
 4.67735141287189908e+05  7.14480356925288052e-02  3.63389517527695771e-01 
 4.78630092322629876e+05  7.48349846770465371e-02  3.71491467637454720e-01 
 4.89778819368437515e+05  7.83825673487335423e-02  3.79754839731800631e-01 
 5.01187233627263398e+05  8.20984071224280937e-02  3.88181267371529692e-01 
 5.12861383991355775e+05  8.59904843835911925e-02  3.96772248981890063e-01 
 5.24807460249763331e+05  9.00671505775693937e-02  4.05529130436209528e-01 
 5.37031796370243188e+05  9.43371435278786002e-02  4.14453085665503040e-01 
 5.49540873857614817e+05  9.88096047089991603e-02  4.23545094940025846e-01 
 5.62341325190339121e+05  1.03494093934764830e-01  4.32805922255553477e-01 
 5.75439937337146723e+05  1.08400606011349473e-01  4.42236089802642063e-01 
 5.88843655355578521e+05  1.13539587443628603e-01  4.51835850383303983e-01 
 6.02559586074347026e+05  1.18921953171135616e-01  4.61605157217507611e-01 
 6.16595001861471217e+05  1.24559102530641050e-01  4.71543631426061205e-01 
 6.30957344480182044e+05  1.30462935105437244e-01  4.81650526657760480e-01 
 6.45654229034644086e+05  1.36645867711597396e-01  4.91924690004384102e-01 
 6.60693448007584317e+05  1.43120849224005281e-01  5.02364520226294409e-01 
 6.76082975391969783e+05  1.49901374982157359e-01  5.12967922367683959e-01 
 6.91830970918924198e+05  1.57001501050921255e-01  5.23732258226361713e-01 
 7.07945784384125262e+05  1.64435856585642082e-01  5.34654293038490436e-01 
 7.24435960074977134e+05  1.72219654799080135e-01  5.45730137893584932e-01 
 7.41310241300904308e+05  1.80368702686549004e-01  5.56955186845077943e-01 
 7.58577575029170257e+05  1.88899407042251860e-01  5.68324050170716744e-01 
 7.76247116628677933e+05  1.97828779367547641e-01  5.79830481654984853e-01 
 7.94328234724267386e+05  2.07174437290951197e-01  5.91467300059120071e-01 
 8.12830516164084780e+05  2.16954601150802728e-01  6.03226305573082655e-01 
 8.31763771102656145e+05  2.27188086591269323e-01  6.15098189940177842e-01 
 8.51138038202361204e+05  2.37894293096737874e-01  6.27072439366725964e-01 
 8.70963589956064941e+05  2.49093184675030971e-01  6.39137231582229570e-01 
 8.91250938133729389e+05  2.60805264743124710e-01  6.51279325589506852e-01 
 9.12010839355893200e+05  2.73051542079616072e-01  6.63483944434016371e-01 
 9.33254300796974101e+05  2.85853488738027739e-01  6.75734650055949237e-01 
 9.54992586021418567e+05  2.99232985625459247e-01  6.88013211407272784e-01 
 9.77237220955792814e+05  3.13212257141000650e-01  7.00299464822113804e-01 
 9.99999999999981723e+05  3.27813791636127450e-01  7.12571167034218966e-01 
 1.02329299228073540e+06  3.43060245720237023e-01  7.24803840993653359e-01 
 1.04712854805088032e+06  3.58974331129880808e-01  7.36970615650847649e-01 
 1.07151930523758661e+06  3.75578681727704478e-01  7.49042058433265545e-01 
 1.09647819614316477e+06  3.92895697026598212e-01  7.60986004402796956e-01 
 1.12201845430194261e+06  4.10947361008175693e-01  7.72767380200194642e-01 
 1.14815362149686133e+06  4.29755032943864079e-01  7.84348026353672956e-01 
 1.17489755493950751e+06  4.49339205416480147e-01  7.95686520216258630e-01 
 1.20226443461739039e+06  4.69719229563632490e-01  8.06738000258114818e-01 
 1.23026877081235847e+06  4.90912999673977390e-01  8.17453998926796599e-01 
 1.25892541179414350e+06  5.12936598642090069e-01  8.27782283128750240e-01 
 1.28824955169310956e+06  5.35803895719773937e-01  8.37666713253577333e-01 
 1.31825673855638201e+06  5.59526097656680377e-01  8.47047121984795370e-01 
 1.34896288259162800e+06  5.84111246705058984e-01  8.55859223603856134e-01 
 1.38038426460285857e+06  6.09563665649842878e-01  8.64034561393727363e-01 
 1.41253754462272744e+06  6.35883346299052743e-01  8.71500501995712717e-01 
 1.44543977074589999e+06  6.63065281567693399e-01  8.78180292529528783e-01 
 1.47910838816817920e+06  6.91098742954983192e-01  8.83993188066704239e-01 
 1.51356124843617924e+06  7.19966504556679987e-01  8.88854669088000593e-01 
 1.54881661891245167e+06  7.49644020530269017e-01  8.92676763877747970e-01 
 1.58489319246108318e+06  7.80098565160421420e-01  8.95368490095158509e-01 
 1.62181009735889896e+06  8.11288346013259831e-01  8.96836440252869238e-01 
 1.65958690743752895e+06  8.43161609638964471e-01  8.96985523549255204e-01 
 1.69824365246171178e+06  8.75655759841499681e-01  8.95719884323857962e-01 
 1.73780082874934212e+06  9.08696518487712934e-01  8.92944015083610432e-01 
 1.77827941003888869e+06  9.42197160993441196e-01  8.88564073454157222e-01 
 1.81970085860994854e+06  9.76057868569462639e-01  8.82489415011317502e-01 
 1.86208713666283176e+06  1.01016524256834161e+00  8.74634340642628905e-01 
 1.90546071796321054e+06  1.04439203303982064e+00  8.64920054269868177e-01 
 1.94984459975800780e+06  1.07859713792647360e+00  8.53276809738362729e-01 
 1.99526231496884115e+06  1.11262592962658813e+00  8.39646217162047126e-01 
 2.04173794466948998e+06  1.14631096638326535e+00  8.23983662260218575e-01 
 2.08929613085399917e+06  1.17947314063903352e+00  8.06260772613100141e-01 
 2.13796208950219071e+06  1.21192330524607539e+00  7.86467855181573361e-01 
 2.18776162394951005e+06  1.24346440720108742e+00  7.64616203047395193e-01 
 2.23872113856829610e+06  1.27389413555584996e+00  7.40740168055239789e-01 
 2.29086765276772855e+06  1.30300806657411794e+00  7.14898873265858104e-01 
 2.34422881531987665e+06  1.33060325891144959e+00  6.87177446667064928e-01 
 2.39883291901944391e+06  1.35648221973354821e+00  6.57687656030779277e-01 
 2.45470891568498267e+06  1.38045712951776345e+00  6.26567839608721533e-01 
 2.51188643150953110e+06  1.40235418280541091e+00  5.93982052043183884e-01 
 2.57039578276881343e+06  1.42201787506346200e+00  5.60118376176273802e-01 
 2.63026799189533014e+06  1.43931505324168829e+00  5.25186393209021496e-01 
 2.69153480392686278e+06  1.45413853762667089e+00  4.89413851536623368e-01 
 2.75422870333811222e+06  1.46641013253766239e+00  4.53042621038131976e-01 
 2.81838293126439815e+06  1.47608286739651362e+00  4.16324069842243016e-01 
 2.88403150312654907e+06  1.48314234173212567e+00  3.79514036185840120e-01 
 2.95120922666632757e+06  1.48760709568568861e+00  3.42867602774579561e-01 
 3.01995172040195670e+06  1.48952798238213080e+00  3.06633890004158915e-01 
 3.09029543251352943e+06  1.48898657174185711e+00  2.71051091083277296e-01 
 3.16227766016831668e+06  1.48609267113140575e+00  2.36341949893231151e-01 
 3.23593656929621845e+06  1.48098109427970237e+00  2.02709855716239340e-01 
 3.31131121482584532e+06  1.47380784542234133e+00  1.70335687529677926e-01 
 3.38844156139195804e+06  1.46474590615525657e+00  1.39375491221729625e-01 
 3.46736850452524750e+06  1.45398082207236445e+00  1.09959023231536474e-01 
 3.54813389233568404e+06  1.44170627879832858e+00  8.21891472718832283e-02 
 3.63078054770094110e+06  1.42811983840486456e+00  5.61420263908870981e-02 
 3.71535229097165121e+06  1.41341898091834084e+00  3.18680207299829807e-02 
 3.80189396320553590e+06  1.39779756292312984e+00  9.39317546757605093e-03 
 3.89045144994272804e+06  1.38144276894236762e+00 -1.12788258817224721e-02 
 3.98107170553489262e+06  1.36453259843072972e+00 -3.01643762458926532e-02 
 4.07380277804104565e+06  1.34723390010217758e+00 -4.72974520400870763e-02 
 4.16869383470327035e+06  1.32970093744763407e+00 -6.27270278357307254e-02 
 4.26579518801584095e+06  1.31207445081868634e+00 -7.65144986562965312e-02 
 4.36515832240157202e+06  1.29448116479369801e+00 -8.87311900488915173e-02 
 4.46683592150954157e+06  1.27703368202710199e+00 -9.94560194413352250e-02 
 4.57088189614865836e+06  1.25983069912187950e+00 -1.08773353105375975e-01 
 4.67735141287188791e+06  1.24295748148527196e+00 -1.16771087475969149e-01 
 4.78630092322628666e+06  1.22648653583545220e+00 -1.23538968037596147e-01 
 4.89778819368436281e+06  1.21047842496082358e+00 -1.29167149406230281e-01 
 5.01187233627262153e+06  1.19498267571546868e+00 -1.33744988585007246e-01 
 5.12861383991354518e+06  1.18003873826686490e+00 -1.37360059326885692e-01 
 5.24807460249761958e+06  1.16567696209574390e+00 -1.40097368853687620e-01 
 5.37031796370241791e+06  1.15191956112639815e+00 -1.42038756358157381e-01 
 5.49540873857613374e+06  1.13878154674099341e+00 -1.43262451712860478e-01 
 5.62341325190337654e+06  1.12627161322102087e+00 -1.43842772259448304e-01 
 5.75439937337145209e+06  1.11439296495898121e+00 -1.43849936582111371e-01 
 5.88843655355576985e+06  1.10314407894046052e+00 -1.43349974735957092e-01 
 6.02559586074345466e+06  1.09251939910395302e+00 -1.42404717972803102e-01 
 6.16595001861469541e+06  1.08250996207861827e+00 -1.41071850648727654e-01 
 6.30957344480180275e+06  1.07310395558495442e+00 -1.39405010435801197e-01 
 6.45654229034642223e+06  1.06428721224538503e+00 -1.37453924722598431e-01 
 6.60693448007582407e+06  1.05604364270452833e+00 -1.35264572434184022e-01 
 6.76082975391967874e+06  1.04835561247531550e+00 -1.32879362647176313e-01 
 6.91830970918922219e+06  1.04120426742933625e+00 -1.30337322732435063e-01 
 7.07945784384123329e+06  1.03456981279349036e+00 -1.27674290392416873e-01 
 7.24435960074975155e+06  1.02843175082743477e+00 -1.24923104680012512e-01 
 7.41310241300902236e+06  1.02276908189094606e+00 -1.22113792643243263e-01 
 7.58577575029168092e+06  1.01756047350784784e+00 -1.19273749058738401e-01 
 7.76247116628675628e+06  1.01278440190763930e+00 -1.16427906849247975e-01 
 7.94328234724264964e+06  1.00841926988847774e+00 -1.13598897556855705e-01 
 8.12830516164082289e+06  1.00444350479478350e+00 -1.10807200627580052e-01 
 8.31763771102653630e+06  1.00083563989374658e+00 -1.08071281457202420e-01 
 8.51138038202358596e+06  9.97574382198822440e-01 -1.05407718046966359e-01 
 8.70963589956062287e+06  9.94638669316290303e-01 -1.02831316912300186e-01 
 8.91250938133726642e+06  9.92007717720457705e-01 -1.00355218490436299e-01 
 9.12010839355890453e+06  9.89661064492931786e-01 -9.79909928878642117e-02 
 9.33254300796971284e+06  9.87578604211966526e-01 -9.57487269321386364e-02 
 9.54992586021415703e+06  9.85740622475994033e-01 -9.36371034339698038e-02 
 9.77237220955790021e+06  9.84127827338513783e-01 -9.16634734708322713e-02 
 9.99999999999978766e+06  9.82721379435494202e-01 -8.98339233020132022e-02 
 1.02329299228073228e+07  9.81502921719647148e-01 -8.81533363349969318e-02 
 1.04712854805087708e+07  9.80454609182230374e-01 -8.66254517124719348e-02 
 1.07151930523758344e+07  9.79559138913056904e-01 -8.52529202927344992e-02 
 1.09647819614316151e+07  9.78799780636400385e-01 -8.40373590169749551e-02 
 1.12201845430193935e+07  9.78160407589317438e-01 -8.29794048322496786e-02 
 1.14815362149685808e+07  9.77625527718487874e-01 -8.20787683988504213e-02 
 1.17489755493950434e+07  9.77180314619548684e-01 -8.13342890809444913e-02 
 1.20226443461738713e+07  9.76810638019720234e-01 -8.07439910368862729e-02 
 1.23026877081235517e+07  9.76503093071414141e-01 -8.03051414822347903e-02 
 1.25892541179414019e+07  9.76245027982293956e-01 -8.00143110220237763e-02 
 1.28824955169310626e+07  9.76024569211594861e-01 -7.98674365943061043e-02 
 1.31825673855637871e+07  9.75830643686218746e-01 -7.98598866682372899e-02 
 1.34896288259162456e+07  9.75652997163326319e-01 -7.99865291352797325e-02 
 1.38038426460285503e+07  9.75482208353837477e-01 -8.02418009033196711e-02 
 1.41253754462272376e+07  9.75309697923125496e-01 -8.06197795618117385e-02 
 1.44543977074589618e+07  9.75127731998690184e-01 -8.11142561522813776e-02 
 1.47910838816817533e+07  9.74929419663875030e-01 -8.17188086025229798e-02 
 1.51356124843617529e+07  9.74708704147654981e-01 -8.24268749861144512e-02 
 1.54881661891244762e+07  9.74460347370371682e-01 -8.32318260837451446e-02 
 1.58489319246107899e+07  9.74179907854336169e-01 -8.41270361370125008e-02 
 1.62181009735889453e+07  9.73863711940381238e-01 -8.51059511386458578e-02 
 1.65958690743752439e+07  9.73508818542480725e-01 -8.61621536129370952e-02 
 1.69824365246170722e+07  9.73112977552128999e-01 -8.72894234393599144e-02 
 1.73780082874933742e+07  9.72674582576078195e-01 -8.84817932319019729e-02 
 1.77827941003888398e+07  9.72192618226554117e-01 -8.97335982005887794e-02 
 1.81970085860994384e+07  9.71666602766558030e-01 -9.10395193186956525e-02 
 1.86208713666282669e+07  9.71096526723027043e-01 -9.23946193446057440e-02 
 1.90546071796320528e+07  9.70482788251290862e-01 -9.37943710531013997e-02 
 1.94984459975800253e+07  9.69826126118602860e-01 -9.52346770925270453e-02 
 1.99526231496883593e+07  9.69127551139396526e-01 -9.67118811159747432e-02 
 2.04173794466948472e+07  9.68388277181021495e-01 -9.82227694446345667e-02 
 2.08929613085399382e+07  9.67609652704633727e-01 -9.97645631040623010e-02 
 2.13796208950218521e+07  9.66793094183829860e-01 -1.01334899598942665e-01 
 2.18776162394950464e+07  9.65940022875582116e-01 -1.02931804020452600e-01 
 2.23872113856829032e+07  9.65051806737278417e-01 -1.04553649132842319e-01 
 2.29086765276772268e+07  9.64129709660342282e-01 -1.06199104285596688e-01 
 2.34422881531987041e+07  9.63174850785677217e-01 -1.07867073184478177e-01 
 2.39883291901943758e+07  9.62188177234649666e-01 -1.09556621141384758e-01 
 2.45470891568497606e+07  9.61170454102241667e-01 -1.11266893489691543e-01 
 2.51188643150952458e+07  9.60122276150620735e-01 -1.12997027963036054e-01 
 2.57039578276880682e+07  9.59044105617454790e-01 -1.14746065936906672e-01 
 2.63026799189532362e+07  9.57936340039405754e-01 -1.16512869671022215e-01 
 2.69153480392685607e+07  9.56799412274037420e-01 -1.18296055459196858e-01 
 2.75422870333810523e+07  9.55633921713014090e-01 -1.20093955198216223e-01 
 2.81838293126439117e+07  9.54440790857356669e-01 -1.21904620453254092e-01 
 2.88403150312654190e+07  9.53221434811998725e-01 -1.23725882989311017e-01 
 2.95120922666632012e+07  9.51977923828121297e-01 -1.25555482403349655e-01 
 3.01995172040194906e+07  9.50713112489015244e-01 -1.27391263888683243e-01 
 3.09029543251352161e+07  9.49430705087352611e-01 -1.29231438110616714e-01 
 3.16227766016830876e+07  9.48135228778420935e-01 -1.31074880616779021e-01 
 3.23593656929621026e+07  9.46831894987421152e-01 -1.32921434514216175e-01 
 3.31131121482583694e+07  9.45526345969936011e-01 -1.34772170575403333e-01 
 3.38844156139194965e+07  9.44224304497777056e-01 -1.36629557887612690e-01 
 3.46736850452523902e+07  9.42931165200919130e-01 -1.38497507984288837e-01 
 3.54813389233567566e+07  9.41651580557154588e-01 -1.40381274651195959e-01 
 3.63078054770093262e+07  9.40389097990270706e-01 -1.42287216171160996e-01 
 3.71535229097164273e+07  9.39145896056359120e-01 -1.44222449981834561e-01 
 3.80189396320552751e+07  9.37922649786108065e-01 -1.46194445688182600e-01 
 3.89045144994271919e+07  9.36718533201690184e-01 -1.48210607967670160e-01 
 3.98107170553488359e+07  9.35531346964177057e-01 -1.50277896023416346e-01 
 4.07380277804103643e+07  9.34357744550958436e-01 -1.52402514756652396e-01 
 4.16869383470326066e+07  9.33193523619486265e-01 -1.54589698171208156e-01 
 4.26579518801583126e+07  9.32033948861909489e-01 -1.56843592044029895e-01 
 4.36515832240156233e+07  9.30874076484244473e-01 -1.59167232663080332e-01 
 4.46683592150953114e+07  9.29709056205431650e-01 -1.61562611771373876e-01 
 4.57088189614864811e+07  9.28534392275816245e-01 -1.64030814287359689e-01 
 4.67735141287187710e+07  9.27346149606628867e-01 -1.66572213570985894e-01 
 4.78630092322627604e+07  9.26141094855425950e-01 -1.69186707703542771e-01 
 4.89778819368435219e+07  9.24916765520643724e-01 -1.71873979000050248e-01 
 5.01187233627261072e+07  9.23671463949219507e-01 -1.74633757389060090e-01 
 5.12861383991353363e+07  9.22404177863410002e-01 -1.77466067250071885e-01 
 5.24807460249760821e+07  9.21114434893094192e-01 -1.80371437442091526e-01 
 5.37031796370240673e+07  9.19802104903935769e-01 -1.83351056623014180e-01 
 5.49540873857612163e+07  9.18467169691018492e-01 -1.86406860839003263e-01 
 5.62341325190336406e+07  9.17109483313532259e-01 -1.89541547659483195e-01 
 5.75439937337143943e+07  9.15728546986513514e-01 -1.92758519678942780e-01 
 5.88843655355575681e+07  9.14323319495268794e-01 -1.96061768519054852e-01 
 6.02559586074344143e+07  9.12892078276954955e-01 -1.99455716735727262e-01 
 6.16595001861468256e+07  9.11432338115690244e-01 -2.02945038477691436e-01 
 6.30957344480179027e+07  9.09940826730659125e-01 -2.06534479281408612e-01 
 6.45654229034640938e+07  9.08413509252680829e-01 -2.10228692350193813e-01 
 6.60693448007581085e+07  9.06845649545791166e-01 -2.14032103200480439e-01 
 6.76082975391966552e+07  9.05231894158088579e-01 -2.17948808812303635e-01 
 6.91830970918920934e+07  9.03566365523953641e-01 -2.21982511873661387e-01 
 7.07945784384122044e+07  9.01842753086547599e-01 -2.26136486628457478e-01 
 7.24435960074973851e+07  9.00054394233367860e-01 -2.30413570187701700e-01 
 7.41310241300900877e+07  8.98194340116997392e-01 -2.34816172079140795e-01 
 7.58577575029166788e+07  8.96255404323489047e-01 -2.39346294867618298e-01 
 7.76247116628674269e+07  8.94230194510353238e-01 -2.44005559535279970e-01 
 7.94328234724263549e+07  8.92111128728093283e-01 -2.48795230516961147e-01 
 8.12830516164080799e+07  8.89890438848835452e-01 -2.53716236656109317e-01 
 8.31763771102652103e+07  8.87560164074031377e-01 -2.58769185519438338e-01 
 8.51138038202357143e+07  8.85112137250348652e-01 -2.63954369594916138e-01 
 8.70963589956060797e+07  8.82537966703196841e-01 -2.69271763632671468e-01 
 8.91250938133725226e+07  8.79829015932638514e-01 -2.74721012968605127e-01 
 9.12010839355888963e+07  8.76976383094496215e-01 -2.80301413054842519e-01 
 9.33254300796969682e+07  8.73970881970231761e-01 -2.86011880626385162e-01 
 9.54992586021414101e+07  8.70803025828400634e-01 -2.91850917066272308e-01 
 9.77237220955788344e+07  8.67463015333404752e-01 -2.97816564589197030e-01 
 9.99999999999977052e+07  8.63940731583928145e-01 -3.03906355879985324e-01 
 1.02329299228073061e+08  8.60225735197392982e-01 -3.10117257839148508e-01 
 1.04712854805087537e+08  8.56307272285227516e-01 -3.16445610097851937e-01 
 1.07151930523758158e+08  8.52174288267207536e-01 -3.22887058994655529e-01 
 1.09647819614315957e+08  8.47815450172330287e-01 -3.29436487751930962e-01 
 1.12201845430193737e+08  8.43219178566934402e-01 -3.36087943681718682e-01 
 1.14815362149685606e+08  8.38373689583662984e-01 -3.42834563328636655e-01 
 1.17489755493950218e+08  8.33267048191572268e-01 -3.49668496622479841e-01 
 1.20226443461738482e+08  8.27887233320010574e-01 -3.56580831245032148e-01 
 1.23026877081235275e+08  8.22222215659174083e-01 -3.63561518616650592e-01 
 1.25892541179413766e+08  8.16260048786169867e-01 -3.70599303106878442e-01 
 1.28824955169310361e+08  8.09988974058410083e-01 -3.77681656270269950e-01 
 1.31825673855637595e+08  8.03397539743247568e-01 -3.84794718173663286e-01 
 1.34896288259162158e+08  7.96474734341519941e-01 -3.91923248042523653e-01 
 1.38038426460285217e+08  7.89210133978923256e-01 -3.99050586700071763e-01 
 1.41253754462272078e+08  7.81594063244970494e-01 -4.06158633414581471e-01 
 1.44543977074589312e+08  7.73617768536372208e-01 -4.13227839930027152e-01 
 1.47910838816817224e+08  7.65273602290720723e-01 -4.20237224452973679e-01 
 1.51356124843617201e+08  7.56555216194982338e-01 -4.27164408439421606e-01 
 1.54881661891244441e+08  7.47457760641013658e-01 -4.33985678825598631e-01 
 1.58489319246107578e+08  7.37978087194046006e-01 -4.40676078147155925e-01 
 1.62181009735889137e+08  7.28114950217355061e-01 -4.47209524624198329e-01 
 1.65958690743752122e+08  7.17869203135864331e-01 -4.53558963740268994e-01 
 1.69824365246170402e+08  7.07243984411565108e-01 -4.59696552249399037e-01 
 1.73780082874933422e+08  6.96244887636493393e-01 -4.65593874594190160e-01 
 1.77827941003888041e+08  6.84880110092141337e-01 -4.71222190912145622e-01 
 1.81970085860994011e+08  6.73160573845944743e-01 -4.76552714655739895e-01 
 1.86208713666282296e+08  6.61100013473309378e-01 -4.81556916629615417e-01 
 1.90546071796320170e+08  6.48715025033982373e-01 -4.86206851225401970e-01 
 1.94984459975799859e+08  6.36025071231893779e-01 -4.90475499213157140e-01 
 1.99526231496883184e+08  6.23052438814946541e-01 -4.94337120566690824e-01 
 2.04173794466948032e+08  6.09822145138598781e-01 -4.97767609585686610e-01 
 2.08929613085398912e+08  5.96361792448462658e-01 -5.00744844085289187e-01 
 2.13796208950218052e+08  5.82701369736751684e-01 -5.03249019656157315e-01 
 2.18776162394949973e+08  5.68873003947518607e-01 -5.05262960080188006e-01 
 2.23872113856828541e+08  5.54910663902307144e-01 -5.06772394999765896e-01 
 2.29086765276771754e+08  5.40849822174814365e-01 -5.07766196688370530e-01 
 2.34422881531986535e+08  5.26727081642940687e-01 -5.08236568579945147e-01 
 2.39883291901943237e+08  5.12579774974600499e-01 -5.08179179743230014e-01 
 2.45470891568497092e+08  4.98445546242617221e-01 -5.07593240820718217e-01 
 2.51188643150951922e+08  4.84361924767792884e-01 -5.06481519077490172e-01 
 2.57039578276880145e+08  4.70365901519395002e-01 -5.04850292011518542e-01 
 2.63026799189531803e+08  4.56493518294485201e-01 -5.02709240919229194e-01 
 2.69153480392684996e+08  4.42779479448173863e-01 -5.00071287928190777e-01 
 2.75422870333809912e+08  4.29256794943380593e-01 -4.96952381543591892e-01 
 2.81838293126438498e+08  4.15956462292656481e-01 -4.93371237401180163e-01 
 2.88403150312653542e+08  4.02907193403744979e-01 -4.89349041909397486e-01 
 2.95120922666631341e+08  3.90135190716365599e-01 -4.84909127506837789e-01 
 3.01995172040194213e+08  3.77663975184087786e-01 -4.80076628344293654e-01 
 3.09029543251351476e+08  3.65514266975856039e-01 -4.74878125556095598e-01 
 3.16227766016830146e+08  3.53703918073209611e-01 -4.69341290695812929e-01 
 3.23593656929620266e+08  3.42247894487765325e-01 -4.63494535461386636e-01 
 3.31131121482582927e+08  3.31158304551192773e-01 -4.57366674827707487e-01 
 3.38844156139194191e+08  3.20444468736989674e-01 -4.50986609770806457e-01 
 3.46736850452523053e+08  3.10113025741526327e-01 -4.44383034478448791e-01 
 3.54813389233566642e+08  3.00168069103284585e-01 -4.37584171810787848e-01 
 3.63078054770092309e+08  2.90611308432513704e-01 -4.30617539617706768e-01 
 3.71535229097163260e+08  2.81442249378701714e-01 -4.23509749185250139e-01 
 3.80189396320551693e+08  2.72658386666778496e-01 -4.16286336360973785e-01 
 3.89045144994270861e+08  2.64255404947960348e-01 -4.08971624722431981e-01 
 3.98107170553487301e+08  2.56227382696218697e-01 -4.01588619594144769e-01 
 4.07380277804102540e+08  2.48566994970468413e-01 -3.94158931040593741e-01 
 4.16869383470324934e+08  2.41265711486384121e-01 -3.86702723527036218e-01 
 4.26579518801581919e+08  2.34313987076012809e-01 -3.79238689637362958e-01 
 4.36515832240154982e+08  2.27701442218750050e-01 -3.71784045102839356e-01 
 4.46683592150951862e+08  2.21417031925248420e-01 -3.64354542271485393e-01 
 4.57088189614863515e+08  2.15449201779550098e-01 -3.56964499214337261e-01 
 4.67735141287186384e+08  2.09786030417711100e-01 -3.49626841763996998e-01 
 4.78630092322626233e+08  2.04415358122621849e-01 -3.42353155958759758e-01 
 4.89778819368433774e+08  1.99324901584184561e-01 -3.35153748498582593e-01 
 5.01187233627259552e+08  1.94502355107179142e-01 -3.28037713162633304e-01 
 5.12861383991351783e+08  1.89935478819766412e-01 -3.21013001247847818e-01 
 5.24807460249759197e+08  1.85612174560904369e-01 -3.14086494427180174e-01 
 5.37031796370239019e+08  1.81520550267645631e-01 -3.07264078601045376e-01 
 5.49540873857610464e+08  1.77648973732897647e-01 -3.00550717593320971e-01 
 5.62341325190334678e+08  1.73986116675611868e-01 -2.93950525687349085e-01 
 5.75439937337142229e+08  1.70520990041174075e-01 -2.87466838257908308e-01 
 5.88843655355573893e+08  1.67242971465282303e-01 -2.81102279870481198e-01 
 6.02559586074342251e+08  1.64141825786533579e-01 -2.74858829404186489e-01 
 6.16595001861466289e+08  1.61207719458833221e-01 -2.68737881868170714e-01 
 6.30957344480176926e+08  1.58431229656159661e-01 -2.62740306703027282e-01 
 6.45654229034638762e+08  1.55803348807911496e-01 -2.56866502445729394e-01 
 6.60693448007578850e+08  1.53315485237710714e-01 -2.51116447720032054e-01 
 6.76082975391964197e+08  1.50959460518883565e-01 -2.45489748572563615e-01 
 6.91830970918918490e+08  1.48727504095946123e-01 -2.39985682227850661e-01 
 7.07945784384119511e+08  1.46612245658119533e-01 -2.34603237379165053e-01 
 7.24435960074971199e+08  1.44606705708031580e-01 -2.29341151140190325e-01 
 7.41310241300898194e+08  1.42704284689549848e-01 -2.24197942841194847e-01 
 7.58577575029163957e+08  1.40898751022240615e-01 -2.19171944818954689e-01 
 7.76247116628671408e+08  1.39184228309908786e-01 -2.14261330407702982e-01 
 7.94328234724260688e+08  1.37555181982421448e-01 -2.09464139295034601e-01 
 8.12830516164077878e+08  1.36006405564438715e-01 -2.04778300446466277e-01 
 8.31763771102649093e+08  1.34533006754635531e-01 -2.00201652766945321e-01 
 8.51138038202354074e+08  1.33130393453922302e-01 -1.95731963684055182e-01 
 8.70963589956057668e+08  1.31794259863968727e-01 -1.91366945818614576e-01 
 8.91250938133721948e+08  1.30520572750432190e-01 -1.87104271905720210e-01 
 9.12010839355885625e+08  1.29305557951741146e-01 -1.82941588112723319e-01 
 9.33254300796966314e+08  1.28145687188555318e-01 -1.78876525902096767e-01 
 9.54992586021410584e+08  1.27037665222578339e-01 -1.74906712567456574e-01 
 9.77237220955784678e+08  1.25978417400994636e-01 -1.71029780561247041e-01 
 9.99999999999973416e+08  1.24965077602453650e-01 -1.67243375736098293e-01 
