 frequency                ac_re                    ac_im                   
 1.00000000000000000e+00  9.49543452942075031e-11  1.56483114528824126e-12 
 1.02329299228075410e+00  9.49543437687900353e-11  1.60128074507728889e-12 
 1.04712854805089939e+00  9.49543421714720641e-11  1.63857936511269248e-12 
 1.07151930523760619e+00  9.49543404988636483e-11  1.67674678161682397e-12 
 1.09647819614318465e+00  9.49543387474487532e-11  1.71580323145910268e-12 
 1.12201845430196312e+00  9.49543369134793719e-11  1.75576942288600784e-12 
 1.14815362149688238e+00  9.49543349930910198e-11  1.79666654650176220e-12 
 1.17489755493952908e+00  9.49543329821898251e-11  1.83851628650227680e-12 
 1.20226443461741250e+00  9.49543308765121369e-11  1.88134083217321678e-12 
 1.23026877081238117e+00  9.49543286715915419e-11  1.92516288965606878e-12 
 1.25892541179416684e+00  9.49543263627638271e-11  1.97000569398589041e-12 
 1.28824955169313360e+00  9.49543239451351851e-11  2.01589302141142710e-12 
 1.31825673855640679e+00  9.49543214135608111e-11  2.06284920200000860e-12 
 1.34896288259165331e+00  9.49543187626731301e-11  2.11089913254097198e-12 
 1.38038426460288455e+00  9.49543159868586359e-11  2.16006828974317319e-12 
 1.41253754462275394e+00  9.49543130802108971e-11  2.21038274374452991e-12 
 1.44543977074592700e+00  9.49543100365880975e-11  2.26186917193482354e-12 
 1.47910838816820678e+00  9.49543068495158430e-11  2.31455487310011765e-12 
 1.51356124843620754e+00  9.49543035122647089e-11  2.36846778189635081e-12 
 1.54881661891248057e+00  9.49543000177142730e-11  2.42363648366044000e-12 
 1.58489319246111271e+00  9.49542963584703159e-11  2.48009022956993894e-12 
 1.62181009735892911e+00  9.49542925267730563e-11  2.53785895214689563e-12 
 1.65958690743755977e+00  9.49542885145000460e-11  2.59697328113336598e-12 
 1.69824365246174347e+00  9.49542843131271370e-11  2.65746455972891594e-12 
 1.73780082874937447e+00  9.49542799137412515e-11  2.71936486120999671e-12 
 1.77827941003892165e+00  9.49542753070431215e-11  2.78270700593654061e-12 
 1.81970085860998210e+00  9.49542704832126657e-11  2.84752457875082644e-12 
 1.86208713666286596e+00  9.49542654320663084e-11  2.91385194678945200e-12 
 1.90546071796324568e+00  9.49542601428540103e-11  2.98172427769983996e-12 
 1.94984459975804381e+00  9.49542546043745570e-11  3.05117755829101680e-12 
 1.99526231496887796e+00  9.49542488048655952e-11  3.12224861361126379e-12 
 2.04173794466952740e+00  9.49542427320285519e-11  3.19497512647419680e-12 
 2.08929613085403743e+00  9.49542363730084716e-11  3.26939565744190537e-12 
 2.13796208950222999e+00  9.49542297142891198e-11  3.34554966526287637e-12 
 2.18776162394955032e+00  9.49542227417456637e-11  3.42347752780091075e-12 
 2.23872113856833721e+00  9.49542154405880105e-11  3.50322056343983713e-12 
 2.29086765276777049e+00  9.49542077953669080e-11  3.58482105299391062e-12 
 2.34422881531991933e+00  9.49541997898193132e-11  3.66832226212168357e-12 
 2.39883291901948770e+00  9.49541914069793382e-11  3.75376846426973393e-12 
 2.45470891568502747e+00  9.49541826290651847e-11  3.84120496414587643e-12 
 2.51188643150957702e+00  9.49541734374766627e-11  3.93067812173983816e-12 
 2.57039578276886038e+00  9.49541638126816081e-11  4.02223537690418733e-12 
 2.63026799189537819e+00  9.49541537343097677e-11  4.11592527450757420e-12 
 2.69153480392691202e+00  9.49541431809412479e-11  4.21179749017404879e-12 
 2.75422870333816272e+00  9.49541321302118767e-11  4.30990285662065959e-12 
 2.81838293126444972e+00  9.49541205586810614e-11  4.41029339061219690e-12 
 2.88403150312660150e+00  9.49541084417887242e-11  4.51302232053926842e-12 
 2.95120922666638119e+00  9.49540957538540088e-11  4.61814411463901344e-12 
 3.01995172040201165e+00  9.49540824679532203e-11  4.72571450987983296e-12 
 3.09029543251358563e+00  9.49540685559062799e-11  4.83579054150779008e-12 
 3.16227766016837419e+00  9.49540539882147377e-11  4.94843057329354829e-12 
 3.23593656929627738e+00  9.49540387339477258e-11  5.06369432847122697e-12 
 3.31131121482590540e+00  9.49540227607859534e-11  5.18164292141205501e-12 
 3.38844156139201980e+00  9.49540060348254070e-11  5.30233889001941642e-12 
 3.46736850452531042e+00  9.49539885206208284e-11  5.42584622889595262e-12 
 3.54813389233574838e+00  9.49539701809734404e-11  5.55223042326582262e-12 
 3.63078054770100689e+00  9.49539509769968102e-11  5.68155848370153837e-12 
 3.71535229097171849e+00  9.49539308679710077e-11  5.81389898165449668e-12 
 3.80189396320560480e+00  9.49539098112493921e-11  5.94932208580880130e-12 
 3.89045144994279868e+00  9.49538877621344836e-11  6.08789959928603096e-12 
 3.98107170553496470e+00  9.49538646738809617e-11  6.22970499771851799e-12 
 4.07380277804111923e+00  9.49538404975224223e-11  6.37481346820779417e-12 
 4.16869383470334576e+00  9.49538151817680841e-11  6.52330194918458914e-12 
 4.26579518801591817e+00  9.49537886729271527e-11  6.67524917120804068e-12 
 4.36515832240165125e+00  9.49537609147373879e-11  6.83073569870524785e-12 
 4.46683592150962205e+00  9.49537318483633971e-11  6.98984397269412853e-12 
 4.57088189614874096e+00  9.49537014121178761e-11  7.15265835448539393e-12 
 4.67735141287197198e+00  9.49536695414679674e-11  7.31926517042227931e-12 
 4.78630092322637335e+00  9.49536361687994108e-11  7.48975275764542930e-12 
 4.89778819368445184e+00  9.49536012233356346e-11  7.66421151092862036e-12 
 5.01187233627271223e+00  9.49535646309236708e-11  7.84273393061162830e-12 
 5.12861383991363784e+00  9.49535263139529883e-11  8.02541467164697220e-12 
 5.24807460249771474e+00  9.49534861911965189e-11  8.21235059378465190e-12 
 5.37031796370251602e+00  9.49534441774896078e-11  8.40364081292317154e-12 
 5.49540873857623335e+00  9.49534001837491424e-11  8.59938675367006903e-12 
 5.62341325190347785e+00  9.49533541166327537e-11  8.79969220311413598e-12 
 5.75439937337155616e+00  9.49533058784619919e-11  9.00466336586076177e-12 
 5.88843655355587625e+00  9.49532553668683963e-11  9.21440892032912868e-12 
 6.02559586074356357e+00  9.49532024747545668e-11  9.42904007639380178e-12 
 6.16595001861480707e+00  9.49531470898804177e-11  9.64867063433339983e-12 
 6.30957344480191740e+00  9.49530890948499949e-11  9.87341704518429711e-12 
 6.45654229034653948e+00  9.49530283665863712e-11  1.01033984724640911e-11 
 6.60693448007594419e+00  9.49529647762572003e-11  1.03387368553707151e-11 
 6.76082975391980145e+00  9.49528981890272343e-11  1.05795569734355923e-11 
 6.91830970918934796e+00  9.49528284636368238e-11  1.08259865126738251e-11 
 7.07945784384136179e+00  9.49527554521833351e-11  1.10781561332871315e-11 
 7.24435960074988294e+00  9.49526789998110614e-11  1.13361995389537282e-11 
 7.41310241300915695e+00  9.49525989443489171e-11  1.16002535477030713e-11 
 7.58577575029181883e+00  9.49525151159980739e-11  1.18704581644684758e-11 
 7.76247116628689771e+00  9.49524273369306235e-11  1.21469566553144713e-11 
 7.94328234724279447e+00  9.49523354209535349e-11  1.24298956234075510e-11 
 8.12830516164097183e+00  9.49522391731310985e-11  1.27194250867357098e-11 
 8.31763771102668947e+00  9.49521383892602351e-11  1.30156985576528140e-11 
 8.51138038202374325e+00  9.49520328556175852e-11  1.33188731242833194e-11 
 8.70963589956078366e+00  9.49519223483245446e-11  1.36291095337967148e-11 
 8.91250938133743098e+00  9.49518066329737925e-11  1.39465722776464033e-11 
 9.12010839355907166e+00  9.49516854641298292e-11  1.42714296787870058e-11 
 9.33254300796988367e+00  9.49515585847785913e-11  1.46038539809192520e-11 
 9.54992586021433176e+00  9.49514257257807363e-11  1.49440214398091950e-11 
 9.77237220955807828e+00  9.49512866053363023e-11  1.52921124167568675e-11 
 9.99999999999996980e+00  9.49511409283448835e-11  1.56483114742049446e-11 
 1.02329299228075108e+01  9.49509883858041664e-11  1.60128074736182764e-11 
 1.04712854805089641e+01  9.49508286541665387e-11  1.63857936756097972e-11 
 1.07151930523760317e+01  9.49506613945868715e-11  1.67674678423993680e-11 
 1.09647819614318163e+01  9.49504862523365141e-11  1.71580323427000070e-11 
 1.12201845430195988e+01  9.49503028558512602e-11  1.75576942589780379e-11 
 1.14815362149687914e+01  9.49501108161910960e-11  1.79666654972884709e-11 
 1.17489755493952579e+01  9.49499097259514753e-11  1.83851628996010373e-11 
 1.20226443461740899e+01  9.49496991586441230e-11  1.88134083587848994e-11 
 1.23026877081237753e+01  9.49494786676000385e-11  1.92516289362669114e-11 
 1.25892541179416302e+01  9.49492477851297009e-11  1.97000569824064575e-11 
 1.28824955169312965e+01  9.49490060214838197e-11  2.01589302596983431e-11 
 1.31825673855640257e+01  9.49487528639035762e-11  2.06284920688472176e-11 
 1.34896288259164887e+01  9.49484877753495058e-11  2.11089913777505586e-11 
 1.38038426460287997e+01  9.49482101935656980e-11  2.16006829535154305e-11 
 1.41253754462274923e+01  9.49479195297516026e-11  2.21038274975410854e-11 
 1.44543977074592220e+01  9.49476151673722862e-11  2.26186917837430279e-11 
 1.47910838816820203e+01  9.49472964608527784e-11  2.31455487999998657e-11 
 1.51356124843620261e+01  9.49469627341317988e-11  2.36846778928929983e-11 
 1.54881661891247564e+01  9.49466132793650480e-11  2.42363649158235551e-11 
 1.58489319246110760e+01  9.49462473553160823e-11  2.48009023805837301e-11 
 1.62181009735892374e+01  9.49458641857836890e-11  2.53785896124234068e-11 
 1.65958690743755426e+01  9.49454629580196959e-11  2.59697329087877854e-11 
 1.69824365246173770e+01  9.49450428209946327e-11  2.65746457017160847e-11 
 1.73780082874936852e+01  9.49446028835307322e-11  2.71936487240040978e-11 
 1.77827941003891574e+01  9.49441422124227316e-11  2.78270701792635298e-11 
 1.81970085860997628e+01  9.49436598305664272e-11  2.84752459159830814e-11 
 1.86208713666286023e+01  9.49431547147575476e-11  2.91385196055560178e-11 
 1.90546071796323986e+01  9.49426257935697250e-11  2.98172429245074632e-11 
 1.94984459975803794e+01  9.49420719450887955e-11  3.05117757409623917e-11 
 1.99526231496887192e+01  9.49414919945459773e-11  3.12224863054696547e-11 
 2.04173794466952145e+01  9.49408847117749103e-11  3.19497514462203538e-11 
 2.08929613085403147e+01  9.49402488086448117e-11  3.26939567688707915e-11 
 2.13796208950222386e+01  9.49395829363043614e-11  3.34554968609820472e-11 
 2.18776162394954419e+01  9.49388856824050124e-11  3.42347755012705897e-11 
 2.23872113856833082e+01  9.49381555679199637e-11  3.50322058736317224e-11 
 2.29086765276776383e+01  9.49373910442019827e-11  3.58482107862746685e-11 
 2.34422881531991258e+01  9.49365904895809010e-11  3.66832228958804521e-11 
 2.39883291901948077e+01  9.49357522059947662e-11  3.75376849370119365e-11 
 2.45470891568502019e+01  9.49348744153507127e-11  3.84120499568368179e-11 
 2.51188643150956956e+01  9.49339552556821387e-11  3.93067815553330688e-11 
 2.57039578276885301e+01  9.49329927773298723e-11  4.02223541311345642e-11 
 2.63026799189537073e+01  9.49319849387980996e-11  4.11592531330728281e-11 
 2.69153480392690412e+01  9.49309296022901746e-11  4.21179753174826011e-11 
 2.75422870333815446e+01  9.49298245292920432e-11  4.30990290116799068e-11 
 2.81838293126444164e+01  9.49286673758123359e-11  4.41029343834534109e-11 
 2.88403150312659342e+01  9.49274556873928145e-11  4.51302237168650237e-11 
 2.95120922666637284e+01  9.49261868938556197e-11  4.61814416944472183e-11 
 3.01995172040200295e+01  9.49248583039626832e-11  4.72571456860815137e-11 
 3.09029543251357701e+01  9.49234670994877894e-11  4.83579060443649739e-11 
 3.16227766016836540e+01  9.49220103295875081e-11  4.94843064072253172e-11 
 3.23593656929626832e+01  9.49204849042356032e-11  5.06369440072266497e-11 
 3.31131121482589634e+01  9.49188875877821396e-11  5.18164299882975681e-11 
 3.38844156139201047e+01  9.49172149921251582e-11  5.30233897297460774e-11 
 3.46736850452530092e+01  9.49154635694701066e-11  5.42584631778264350e-11 
 3.54813389233573844e+01  9.49136296048287055e-11  5.55223051851000267e-11 
 3.63078054770099712e+01  9.49117092080592494e-11  5.68155858575585053e-11 
 3.71535229097170827e+01  9.49096983058081089e-11  5.81389909100884771e-11 
 3.80189396320559467e+01  9.49075926326949840e-11  5.94932220298666274e-11 
 3.89045144994278829e+01  9.49053877222183637e-11  6.08789972484499623e-11 
 3.98107170553495422e+01  9.49030788974869673e-11  6.22970513225715049e-11 
 4.07380277804110875e+01  9.49006612612262129e-11  6.37481361236797055e-11 
 4.16869383470333474e+01  9.48981296854141622e-11  6.52330210366334476e-11 
 4.26579518801590680e+01  9.48954787999482665e-11  6.67524933673263662e-11 
 4.36515832240163917e+01  9.48927029821172190e-11  6.83073587606804429e-11 
 4.46683592150961033e+01  9.48897963440105937e-11  6.98984416273937057e-11 
 4.57088189614872888e+01  9.48867527202545490e-11  7.15265855812134398e-11 
 4.67735141287195972e+01  9.48835656549730305e-11  7.31926538862258839e-11 
 4.78630092322636074e+01  9.48802283879196756e-11  7.48975299144936456e-11 
 4.89778819368443834e+01  9.48767338403048999e-11  7.66421176145123806e-11 
 5.01187233627269819e+01  9.48730745997465358e-11  7.84273419905185307e-11 
 5.12861383991362345e+01  9.48692429044694413e-11  8.02541495928479366e-11 
 5.24807460249770017e+01  9.48652306269854338e-11  8.21235090199246608e-11 
 5.37031796370250092e+01  9.48610292566755032e-11  8.40364114317124158e-11 
 5.49540873857621861e+01  9.48566298819004794e-11  8.59938710753701096e-11 
 5.62341325190346311e+01  9.48520231711306654e-11  8.79969258230311728e-11 
 5.75439937337154106e+01  9.48471993526119274e-11  9.00466377216600309e-11 
 5.88843655355586080e+01  9.48421481945233905e-11  9.21440935569143485e-11 
 6.02559586074354741e+01  9.48368589827149060e-11  9.42904054289441091e-11 
 6.16595001861479091e+01  9.48313204980082332e-11  9.64867113419568424e-11 
 6.30957344480190088e+01  9.48255209925634038e-11  9.87341758079238649e-11 
 6.45654229034652190e+01  9.48194481648524237e-11  1.01033990463754986e-10 
 6.60693448007592536e+01  9.48130891335861272e-11  1.03387374703279750e-10 
 6.76082975391978209e+01  9.48064304104234202e-11  1.05795576323699004e-10 
 6.91830970918932877e+01  9.47994578713092651e-11  1.08259872187322934e-10 
 7.07945784384134242e+01  9.47921567265760311e-11  1.10781568898449542e-10 
 7.24435960074986269e+01  9.47845114894771297e-11  1.13362003496171840e-10 
 7.41310241300913617e+01  9.47765059435233072e-11  1.16002544163509963e-10 
 7.58577575029179769e+01  9.47681231077335103e-11  1.18704590952378212e-10 
 7.76247116628687621e+01  9.47593452010699979e-11  1.21469576526494162e-10 
 7.94328234724277280e+01  9.47501536044118136e-11  1.24298966920662217e-10 
 8.12830516164094945e+01  9.47405288212674296e-11  1.27194262318332698e-10 
 8.31763771102666567e+01  9.47304504359792227e-11  1.30156997846465124e-10 
 8.51138038202371945e+01  9.47198970710207926e-11  1.33188744390244768e-10 
 8.70963589956076021e+01  9.47088463412827214e-11  1.36291109425598580e-10 
 8.91250938133740789e+01  9.46972748069340325e-11  1.39465737871912316e-10 
 9.12010839355904892e+01  9.46851579227538109e-11  1.42714312962878428e-10 
 9.33254300796986058e+01  9.46724699874527416e-11  1.46038557140980225e-10 
 9.54992586021430867e+01  9.46591840881576075e-11  1.49440232969379507e-10 
 9.77237220955805412e+01  9.46452720437640472e-11  1.52921144066996164e-10 
 9.99999999999994600e+01  9.46307043449774901e-11  1.56483136064707560e-10 
 1.02329299228074859e+02  9.46154500917006505e-11  1.60128097583862050e-10 
 1.04712854805089378e+02  9.45994769276290798e-11  1.63857961237808270e-10 
 1.07151930523760043e+02  9.45827509714760624e-11  1.67674704656537520e-10 
 1.09647819614317882e+02  9.45652367453559895e-11  1.71580351535615673e-10 
 1.12201845430195704e+02  9.45468970993745429e-11  1.75576972709022062e-10 
 1.14815362149687616e+02  9.45276931323271990e-11  1.79666687246112772e-10 
 1.17489755493952273e+02  9.45075841117150002e-11  1.83851663580153592e-10 
 1.20226443461740587e+02  9.44865273806464102e-11  1.88134120645245857e-10 
 1.23026877081237430e+02  9.44644782765729199e-11  1.92516329070437549e-10 
 1.25892541179415971e+02  9.44413900301984773e-11  1.97000612371586239e-10 
 1.28824955169312631e+02  9.44172136682313267e-11  2.01589348187173017e-10 
 1.31825673855639934e+02  9.43918979096588169e-11  2.06284969539307597e-10 
 1.34896288259164550e+02  9.43653890560622697e-11  2.11089966121913638e-10 
 1.38038426460287639e+02  9.43376308786651055e-11  2.16006885622881933e-10 
 1.41253754462274571e+02  9.43085644989112788e-11  2.21038335074598064e-10 
 1.44543977074591879e+02  9.42781282627649996e-11  2.26186982234513664e-10 
 1.47910838816819847e+02  9.42462576111307190e-11  2.31455557002548113e-10 
 1.51356124843619909e+02  9.42128849422435694e-11  2.36846852866853210e-10 
 1.54881661891247205e+02  9.41779394678255509e-11  2.42363728384058676e-10 
 1.58489319246110398e+02  9.41413470639009750e-11  2.48009108697366332e-10 
 1.62181009735892019e+02  9.41030301132057878e-11  2.53785987086759769e-10 
 1.65958690743755056e+02  9.40629073404000609e-11  2.59697426555733222e-10 
 1.69824365246173386e+02  9.40208936396527906e-11  2.65746561455403833e-10 
 1.73780082874936454e+02  9.39768998944631425e-11  2.71936599147580603e-10 
 1.77827941003891169e+02  9.39308327879332911e-11  2.78270821703462712e-10 
 1.81970085860997187e+02  9.38825946058387399e-11  2.84752587646591782e-10 
 1.86208713666285547e+02  9.38320830283612003e-11  2.91385333731414270e-10 
 1.90546071796323474e+02  9.37791909136595757e-11  2.98172576766914460e-10 
 1.94984459975803247e+02  9.37238060704882480e-11  3.05117915481383955e-10 
 1.99526231496886652e+02  9.36658110205051774e-11  3.12225032431497673e-10 
 2.04173794466951591e+02  9.36050827497781092e-11  3.19497695957801067e-10 
 2.08929613085402565e+02  9.35414924423989159e-11  3.26939762164126659e-10 
 2.13796208950221796e+02  9.34749052162918287e-11  3.34555176992864669e-10 
 2.18776162394953815e+02  9.34051798316240518e-11  3.42347978299436869e-10 
 2.23872113856832470e+02  9.33321683907987276e-11  3.50322297991329603e-10 
 2.29086765276775765e+02  9.32557160272667989e-11  3.58482364228620036e-10 
 2.34422881531990640e+02  9.31756605751492107e-11  3.66832503658927183e-10 
 2.39883291901947445e+02  9.30918322263753029e-11  3.75377143716071346e-10 
 2.45470891568501401e+02  9.30040531696868185e-11  3.84120814965010596e-10 
 2.51188643150956324e+02  9.29121372141109241e-11  3.93068153506663460e-10 
 2.57039578276884640e+02  9.28158893934708900e-11  4.02223903434091066e-10 
 2.63026799189536405e+02  9.27151055550062693e-11  4.11592919358190565e-10 
 2.69153480392689744e+02  9.26095719197490977e-11  4.21180168953113310e-10 
 2.75422870333814785e+02  9.24990646379447135e-11  4.30990735629276042e-10 
 2.81838293126443489e+02  9.23833493095652966e-11  4.41029821209217391e-10 
 2.88403150312658624e+02  9.22621804867449623e-11  4.51302748684502340e-10 
 2.95120922666636545e+02  9.21353011540747447e-11  4.61814965042300539e-10 
 3.01995172040199520e+02  9.20024421837855668e-11  4.72572044156749815e-10 
 3.09029543251356870e+02  9.18633217659988490e-11  4.83579689749818152e-10 
 3.16227766016835687e+02  9.17176448044744317e-11  4.94843738384006340e-10 
 3.23593656929625979e+02  9.15651023010445290e-11  5.06370162610044417e-10 
 3.31131121482588753e+02  9.14053706923113989e-11  5.18165074094809392e-10 
 3.38844156139200152e+02  9.12381111665474799e-11  5.30234726879021406e-10 
 3.46736850452529154e+02  9.10629689453806905e-11  5.42585520696657079e-10 
 3.54813389233572877e+02  9.08795725265309482e-11  5.55224004343244264e-10 
 3.63078054770098674e+02  9.06875329027722763e-11  5.68156879186767295e-10 
 3.71535229097169804e+02  9.04864427331312790e-11  5.81391002703877340e-10 
 3.80189396320558387e+02  9.02758754783066434e-11  5.94933392111902261e-10 
 3.89045144994277734e+02  9.00553844991160461e-11  6.08791228111719773e-10 
 3.98107170553494313e+02  8.98245021021409672e-11  6.22971858652265512e-10 
 4.07380277804109710e+02  8.95827385565403830e-11  6.37482802883807440e-10 
 4.16869383470332309e+02  8.93295810516411705e-11  6.52331755125187604e-10 
 4.26579518801589472e+02  8.90644926039776427e-11  6.67526588908815160e-10 
 4.36515832240162695e+02  8.87869109273168205e-11  6.83075361218597197e-10 
 4.46683592150959782e+02  8.84962472345137846e-11  6.98986316727764102e-10 
 4.57088189614871624e+02  8.81918849910652123e-11  7.15267892189901592e-10 
 4.67735141287194722e+02  8.78731786021887156e-11  7.31928720875781258e-10 
 4.78630092322634766e+02  8.75394520525963916e-11  7.48977637222938236e-10 
 4.89778819368442498e+02  8.71899974611035636e-11  7.66423681434652729e-10 
 5.01187233627268483e+02  8.68240735921612646e-11  7.84276104378449068e-10 
 5.12861383991360981e+02  8.64409042704582487e-11  8.02544372389898321e-10 
 5.24807460249768610e+02  8.60396767453797279e-11  8.21238172381523982e-10 
 5.37031796370248685e+02  8.56195399600321096e-11  8.40367416927776499e-10 
 5.49540873857620340e+02  8.51796027516240999e-11  8.59942249570510169e-10 
 5.62341325190344719e+02  8.47189319535656702e-11  8.79973050135016506e-10 
 5.75439937337152401e+02  8.42365504250451003e-11  9.00470440318362988e-10 
 5.88843655355584360e+02  8.37314349704895166e-11  9.21445289254734531e-10 
 6.02559586074352978e+02  8.32025141766909727e-11  9.42908719351735338e-10 
 6.16595001861477272e+02  8.26486661331506549e-11  9.64872112129355929e-10 
 6.30957344480188226e+02  8.20687160550734940e-11  9.87347114282677635e-10 
 6.45654229034650371e+02  8.14614337964118613e-11  1.01034564391685317e-09 
 6.60693448007590746e+02  8.08255312320025572e-11  1.03387989678520238e-09 
 6.76082975391976333e+02  8.01596595305551454e-11  1.05796235281535291e-09 
 6.91830970918930916e+02  7.94624062917905547e-11  1.08260578271800306e-09 
 7.07945784384132139e+02  7.87322925555213169e-11  1.10782325482157769e-09 
 7.24435960074984109e+02  7.79677696552265537e-11  1.13362814190160172e-09 
 7.41310241300911343e+02  7.71672159409575529e-11  1.16003412837769757e-09 
 7.58577575029177410e+02  7.63289333361810459e-11  1.18705521753068062e-09 
 7.76247116628685148e+02  7.54511437382965168e-11  1.21470573897689203e-09 
 7.94328234724274694e+02  7.45319852436591830e-11  1.24300035622586179e-09 
 8.12830516164092273e+02  7.35695082018355701e-11  1.27195407452268328e-09 
 8.31763771102663895e+02  7.25616710797616090e-11  1.30158224880941978e-09 
 8.51138038202369216e+02  7.15063361261762163e-11  1.33190059181151713e-09 
 8.70963589956073179e+02  7.04012648446550000e-11  1.36292518248424920e-09 
 8.91250938133737918e+02  6.92441132433156950e-11  1.39467247452946706e-09 
 9.12010839355901908e+02  6.80324268580842495e-11  1.42715930506855215e-09 
 9.33254300796982989e+02  6.67636355547177058e-11  1.46040290370327906e-09 
 9.54992586021427655e+02  6.54350480691586259e-11  1.49442090156341869e-09 
 9.77237220955802172e+02  6.40438463075567407e-11  1.52923134079467766e-09 
 9.99999999999991246e+02  6.25870793579835688e-11  1.56485268398486565e-09 
 1.02329299228074512e+03  6.10616572449097880e-11  1.60130382420526164e-09 
 1.04712854805089023e+03  5.94643443621442161e-11  1.63860409483086747e-09 
 1.07151930523759688e+03  5.77917526183528100e-11  1.67677327997994575e-09 
 1.09647819614317518e+03  5.60403342460567058e-11  1.71583162494423475e-09 
 1.12201845430195340e+03  5.42063742801128238e-11  1.75579984703633018e-09 
 1.14815362149687235e+03  5.22859826756635633e-11  1.79669914655312220e-09 
 1.17489755493951884e+03  5.02750860573340856e-11  1.83855121807978094e-09 
 1.20226443461740200e+03  4.81694190777810410e-11  1.88137826198999728e-09 
 1.23026877081237035e+03  4.59645153772101445e-11  1.92520299640503258e-09 
 1.25892541179415571e+03  4.36556981001245448e-11  1.97004866910071561e-09 
 1.28824955169312216e+03  4.12380699847138463e-11  2.01593907004642692e-09 
 1.31825673855639502e+03  3.87065029688171703e-11  2.06289854397044387e-09 
 1.34896288259164112e+03  3.60556273155098647e-11  2.11095200336327444e-09 
 1.38038426460287201e+03  3.32798202262162552e-11  2.16012494181536724e-09 
 1.41253754462274105e+03  3.03731939097132261e-11  2.21044344750846368e-09 
 1.44543977074591385e+03  2.73295830942681611e-11  2.26193421710428474e-09 
 1.47910838816819341e+03  2.41425319594922106e-11  2.31462457020818927e-09 
 1.51356124843619386e+03  2.08052804301722980e-11  2.36854246361251773e-09 
 1.54881661891246677e+03  1.73107498474708382e-11  2.42371650645741658e-09 
 1.58489319246109858e+03  1.36515279517535043e-11  2.48017597540308260e-09 
 1.62181009735891462e+03  9.81985316468303648e-12  2.53795083037959451e-09 
 1.65958690743754482e+03  5.80759811815889901e-12  2.59707173033398333e-09 
 1.69824365246172806e+03  1.60625242367404133e-12  2.65757004980369429e-09 
 1.73780082874935874e+03 -2.79309537891963253e-12  2.71947789572275282e-09 
 1.77827941003890555e+03 -7.39977672465640453e-12  2.78282812440976136e-09 
 1.81970085860996574e+03 -1.22235628127788928e-11  2.84765435934742705e-09 
 1.86208713666284916e+03 -1.72746853347437788e-11  2.91399100901296750e-09 
 1.90546071796322849e+03 -2.25638581724397719e-11  2.98187328530104268e-09 
 1.94984459975802611e+03 -2.81023001222261152e-11  3.05133722252324824e-09 
 1.99526231496885998e+03 -3.39017586886428534e-11  3.12241969663478397e-09 
 2.04173794466950926e+03 -3.99745350023130096e-11  3.19515844494651032e-09 
 2.08929613085401888e+03 -4.63335099098834352e-11  3.26959208635278002e-09 
 2.13796208950221080e+03 -5.29921712924503604e-11  3.34576014215428565e-09 
 2.18776162394953053e+03 -5.99646426676536066e-11  3.42370305736245361e-09 
 2.23872113856831720e+03 -6.72657131518351708e-11  3.50346222216158153e-09 
 2.29086765276774986e+03 -7.49108688186595794e-11  3.58507999442461841e-09 
 2.34422881531989833e+03 -8.29163255541721599e-11  3.66859972217010247e-09 
 2.39883291901946586e+03 -9.12990634335367516e-11  3.75406576730697291e-09 
 2.45470891568500519e+03 -1.00076862745472942e-10  3.84152352922705472e-09 
 2.51188643150955431e+03 -1.09268341695716145e-10  3.93101946942344255e-09 
 2.57039578276883731e+03 -1.18892995893755979e-10  4.02260113645905348e-09 
 2.63026799189535450e+03 -1.28971239701830612e-10  4.11631719167281625e-09 
 2.69153480392688743e+03 -1.39524449520551457e-10  4.21221743567924268e-09 
 2.75422870333813762e+03 -1.50575009139534066e-10  4.31035283482466131e-09 
 2.81838293126442431e+03 -1.62146357191250608e-10  4.41077554926410639e-09 
 2.88403150312657544e+03 -1.74263036872176701e-10  4.51353896092666979e-09 
 2.95120922666635443e+03 -1.86950747980096073e-10  4.61869770265821549e-09 
 3.01995172040198395e+03 -2.00236401425043664e-10  4.72630768767419749e-09 
 3.09029543251355744e+03 -2.14148176292172870e-10  4.83642614029208304e-09 
 3.16227766016834539e+03 -2.28715579608829927e-10  4.94911162662466356e-09 
 3.23593656929624785e+03 -2.43969508908954847e-10  5.06442408681501508e-09 
 3.31131121482587514e+03 -2.59942317756573454e-10  5.18242486787085030e-09 
 3.38844156139198867e+03 -2.76667884360877892e-10  5.30317675640733821e-09 
 3.46736850452527869e+03 -2.94181683412821527e-10  5.42674401405593341e-09 
 3.54813389233571570e+03 -3.12520861305988813e-10  5.55319241200921852e-09 
 3.63078054770097333e+03 -3.31724314922532683e-10  5.68258926725694726e-09 
 3.71535229097168440e+03 -3.51832774090882825e-10  5.81500347929198889e-09 
 3.80189396320556989e+03 -3.72888887969180771e-10  5.95050556875669612e-09 
 3.89045144994276279e+03 -3.94937315464633104e-10  6.08916771562448355e-09 
 3.98107170553492824e+03 -4.18024819952105142e-10  6.23106379916855957e-09 
 4.07380277804108209e+03 -4.42200368395531391e-10  6.37626943955996590e-09 
 4.16869383470330740e+03 -4.67515235205850436e-10  6.52486203853828142e-09 
 4.26579518801587892e+03 -4.94023110936591704e-10  6.67692082345922142e-09 
 4.36515832240161035e+03 -5.21780216121255477e-10  6.83252689122757964e-09 
 4.46683592150958066e+03 -5.50845420486621548e-10  6.99176325302052162e-09 
 4.57088189614869862e+03 -5.81280367751446999e-10  7.15471488130115575e-09 
 4.67735141287192891e+03 -6.13149606327554154e-10  7.32146875722046904e-09 
 4.78630092322632936e+03 -6.46520726154066240e-10  7.49211391937297371e-09 
 4.89778819368440691e+03 -6.81464502005291907e-10  7.66674151431649835e-09 
 5.01187233627266596e+03 -7.18055043522029201e-10  7.84544484789794427e-09 
 5.12861383991358980e+03 -7.56369952307359034e-10  8.02831943787344710e-09 
 5.24807460249766609e+03 -7.96490486439349683e-10  8.21546306885836203e-09 
 5.37031796370246593e+03 -8.38501732748252167e-10  8.40697584730665048e-09 
 5.49540873857618226e+03 -8.82492787107142437e-10  8.60296025939259854e-09 
 5.62341325190342559e+03 -9.28556943353951925e-10  8.80352122983299359e-09 
 5.75439937337150241e+03 -9.76791891017658633e-10  9.00876618157339353e-09 
 5.88843655355582086e+03 -1.02729992233647381e-09  9.21880509903286748e-09 
 6.02559586074350682e+03 -1.08018814911439355e-09  9.43375059077681727e-09 
 6.16595001861474884e+03 -1.13556872968931444e-09  9.65371795619421980e-09 
 6.30957344480185748e+03 -1.19355910665466377e-09  9.87882525252528980e-09 
 6.45654229034647778e+03 -1.25428225572906639e-09  1.01091933639872430e-08 
 6.60693448007588086e+03 -1.31786694635452486e-09  1.03449460732382144e-08 
 6.76082975391973650e+03 -1.38444801456332769e-09  1.05862101354969427e-08 
 6.91830970918928142e+03 -1.45416664868873377e-09  1.08331153530706248e-08 
 7.07945784384129365e+03 -1.52717068852336368e-09  1.10857946536114034e-08 
 7.24435960074981267e+03 -1.60361493850905543e-09  1.13443841707101555e-08 
 7.41310241300908456e+03 -1.68366149576385714e-09  1.16090233251966865e-08 
 7.58577575029174477e+03 -1.76748009344397348e-09  1.18798549108753931e-08 
 7.76247116628682215e+03 -1.85524846028133213e-09  1.21570251820681362e-08 
 7.94328234724271715e+03 -1.94715269708462248e-09  1.24406839428625229e-08 
 8.12830516164089204e+03 -2.04338767094397859e-09  1.27309846413187188e-08 
 8.31763771102660758e+03 -2.14415742786717031e-09  1.30280844646469935e-08 
 8.51138038202365897e+03 -2.24967562499053693e-09  1.33321444377710681e-08 
 8.70963589956069882e+03 -2.36016598298995228e-09  1.36433295256759800e-08 
 8.91250938133734417e+03 -2.47586275979999978e-09  1.39618087386761330e-08 
 9.12010839355898315e+03 -2.59701124663462260e-09  1.42877552414420299e-08 
 9.33254300796979260e+03 -2.72386828734554521e-09  1.46213464638228079e-08 
 9.54992586021423813e+03 -2.85670282207076066e-09  1.49627642189156691e-08 
 9.77237220955798148e+03 -2.99579645655260846e-09  1.53121948205807443e-08 
 9.99999999999987085e+03 -3.14144405820020528e-09  1.56698292087840750e-08 
 1.02329299228074087e+04 -3.29395438018850563e-09  1.60358630779988749e-08 
 1.04712854805088591e+04 -3.45365071471881023e-09  1.64104970080432419e-08 
 1.07151930523759238e+04 -3.62087157710648224e-09  1.67939366024900661e-08 
 1.09647819614317068e+04 -3.79597142215712676e-09  1.71863926299780795e-08 
 1.12201845430194880e+04 -3.97932139370936123e-09  1.75880811726824640e-08 
 1.14815362149686771e+04 -4.17131010995050649e-09  1.79992237758601067e-08 
 1.17489755493951416e+04 -4.37234448517878128e-09  1.84200476092740156e-08 
 1.20226443461739709e+04 -4.58285058932318686e-09  1.88507856958787420e-08 
 1.23026877081236526e+04 -4.80327455273866339e-09  1.92916768135239013e-08 
 1.25892541179415057e+04 -5.03408350361206192e-09  1.97429660731414961e-08 
 1.28824955169311688e+04 -5.27576655909176174e-09  2.02049048345898186e-08 
 1.31825673855638961e+04 -5.52883585815684873e-09  2.06777509650162472e-08 
 1.34896288259163575e+04 -5.79382764383046442e-09  2.11617690346597911e-08 
 1.38038426460286646e+04 -6.07130339601404179e-09  2.16572305225634711e-08 
 1.41253754462273537e+04 -6.36185101762034810e-09  2.21644140314350127e-08 
 1.44543977074590803e+04 -6.66608607638129781e-09  2.26836055086701149e-08 
 1.47910838816818741e+04 -6.98465310448820634e-09  2.32150984802963590e-08 
 1.51356124843618763e+04 -7.31822695939339865e-09  2.37591942885003848e-08 
 1.54881661891246022e+04 -7.66751424822957979e-09  2.43162023467353282e-08 
 1.58489319246109189e+04 -8.03325481923468227e-09  2.48864404001539781e-08 
 1.62181009735890784e+04 -8.41622332259512410e-09  2.54702347992047861e-08 
 1.65958690743753796e+04 -8.81723084425341460e-09  2.60679207838961105e-08 
 1.69824365246172092e+04 -9.23712661693865642e-09  2.66798427847875737e-08 
 1.73780082874935142e+04 -9.67679981014076639e-09  2.73063547300989704e-08 
 1.77827941003889828e+04 -1.01371814049766742e-08  2.79478203747704839e-08 
 1.81970085860995823e+04 -1.06192461553516837e-08  2.86046136380807547e-08 
 1.86208713666284166e+04 -1.11240146422988506e-08  2.92771189599836088e-08 
 1.90546071796322067e+04 -1.16525554228352629e-08  2.99657316738448541e-08 
 1.94984459975801801e+04 -1.22059872803807626e-08  3.06708583949505636e-08 
 1.99526231496885157e+04 -1.27854815792315922e-08  3.13929174295612832e-08 
 2.04173794466950058e+04 -1.33922647302318881e-08  3.21323392048223853e-08 
 2.08929613085400997e+04 -1.40276207673354464e-08  3.28895668311517273e-08 
 2.13796208950220171e+04 -1.46928940579958584e-08  3.36650561055317773e-08 
 2.18776162394952153e+04 -1.53894921148341569e-08  3.44592767070131068e-08 
 2.23872113856830765e+04 -1.61188885636389678e-08  3.52727122482207173e-08 
 2.29086765276774022e+04 -1.68826262357111436e-08  3.61058609356569334e-08 
 2.34422881531988860e+04 -1.76823204084625295e-08  3.69592361437855263e-08 
 2.39883291901945595e+04 -1.85196621961944874e-08  3.78333670137924491e-08 
 2.45470891568499501e+04 -1.93964220983358129e-08  3.87287990870180118e-08 
 2.51188643150954376e+04 -2.03144537137243225e-08  3.96460949689202803e-08 
 2.57039578276882639e+04 -2.12756976263255335e-08  4.05858350323576121e-08 
 2.63026799189534358e+04 -2.22821854734336836e-08  4.15486181504169456e-08 
 2.69153480392687634e+04 -2.33360441974290785e-08  4.25350626266166738e-08 
 2.75422870333812607e+04 -2.44395005139388374e-08  4.35458064085927285e-08 
 2.81838293126441240e+04 -2.55948855501139335e-08  4.45815088449614327e-08 
 2.88403150312656362e+04 -2.68046397441131981e-08  4.56428510166088033e-08 
 2.95120922666634215e+04 -2.80713179317071969e-08  4.67305368141078313e-08 
 3.01995172040197140e+04 -2.93975946968209740e-08  4.78452939707762222e-08 
 3.09029543251354444e+04 -3.07862699557082520e-08  4.89878751196822464e-08 
 3.16227766016833193e+04 -3.22402748052654127e-08  5.01590589243310213e-08 
 3.23593656929623394e+04 -3.37626776365870579e-08  5.13596514485031607e-08 
 3.31131121482586095e+04 -3.53566905550619252e-08  5.25904866843974722e-08 
 3.38844156139197439e+04 -3.70256760521403169e-08  5.38524289712495238e-08 
 3.46736850452526414e+04 -3.87731540311697424e-08  5.51463736704944854e-08 
 3.54813389233570124e+04 -4.06028091362581519e-08  5.64732488345831033e-08 
 3.63078054770095841e+04 -4.25184984200723687e-08  5.78340169962662216e-08 
 3.71535229097166884e+04 -4.45242593971588088e-08  5.92296759348998776e-08 
 3.80189396320555388e+04 -4.66243184045830273e-08  6.06612617661989885e-08 
 3.89045144994274669e+04 -4.88230994174738282e-08  6.21298499198089288e-08 
 3.98107170553491160e+04 -5.11252332289960333e-08  6.36365575418591628e-08 
 4.07380277804106518e+04 -5.35355671003945483e-08  6.51825446907621669e-08 
 4.16869383470329049e+04 -5.60591747870359245e-08  6.67690178770482374e-08 
 4.26579518801586164e+04 -5.87013670947070700e-08  6.83972315111694194e-08 
 4.36515832240159289e+04 -6.14677028876972082e-08  7.00684908509049663e-08 
 4.46683592150956247e+04 -6.43640006468548881e-08  7.17841536417496439e-08 
 4.57088189614867952e+04 -6.73963504888494508e-08  7.35456343677579471e-08 
 4.67735141287190927e+04 -7.05711268074583215e-08  7.53544064933614784e-08 
 4.78630092322630881e+04 -7.38950015101842938e-08  7.72120047855691179e-08 
 4.89778819368438562e+04 -7.73749577745414250e-08  7.91200301969998385e-08 
 5.01187233627264432e+04 -8.10183045562332442e-08  8.10801526618559320e-08 
 5.12861383991356779e+04 -8.48326917165841626e-08  8.30941139360099226e-08 
 5.24807460249764335e+04 -8.88261257945206443e-08  8.51637335659407145e-08 
 5.37031796370244265e+04 -9.30069866602905670e-08  8.72909108199665934e-08 
 5.49540873857615879e+04 -9.73840447452099201e-08  8.94776315168831291e-08 
 5.62341325190340212e+04 -1.01966479278928815e-07  9.17259703989691749e-08 
 5.75439937337147858e+04 -1.06763897161524272e-07  9.40380986479179440e-08 
 5.88843655355579685e+04 -1.11786352926105378e-07  9.64162867790897212e-08 
 6.02559586074348263e+04 -1.17044369405668683e-07  9.88629129406095490e-08 
 6.16595001861472410e+04 -1.22548959589663632e-07  1.01380466386871838e-07 
 6.30957344480183237e+04 -1.28311649238705599e-07  1.03971556700134224e-07 
 6.45654229034645250e+04 -1.34344500857870935e-07  1.06638918218798563e-07 
 6.60693448007585539e+04 -1.40660138478746107e-07  1.09385418555977925e-07 
 6.76082975391970976e+04 -1.47271773720534341e-07  1.12214067501955913e-07 
 6.91830970918925450e+04 -1.54193233166489019e-07  1.15128023215437617e-07 
 7.07945784384126600e+04 -1.61438986840613466e-07  1.18130602212230060e-07 
 7.24435960074978502e+04 -1.69024178014823185e-07  1.21225290122320288e-07 
 7.41310241300905618e+04 -1.76964654565715530e-07  1.24415749487628698e-07 
 7.58577575029171567e+04 -1.85277001569752982e-07  1.27705832161513557e-07 
 7.76247116628679214e+04 -1.93978575575888211e-07  1.31099590556054787e-07 
 7.94328234724268696e+04 -2.03087540290954862e-07  1.34601289941422770e-07 
 8.12830516164086148e+04 -2.12622904027503113e-07  1.38215422215802230e-07 
 8.31763771102657629e+04 -2.22604558983965708e-07  1.41946717527788055e-07 
 8.51138038202362804e+04 -2.33053321858770034e-07  1.45800164234539408e-07 
 8.70963589956066571e+04 -2.43990977034363915e-07  1.49781020307539031e-07 
 8.91250938133731106e+04 -2.55440321049271287e-07  1.53894833372001431e-07 
 9.12010839355895005e+04 -2.67425209632113945e-07  1.58147456744694856e-07 
 9.33254300796975876e+04 -2.79970606401857113e-07  1.62545072126614962e-07 
 9.54992586021420429e+04 -2.93102634186597887e-07  1.67094209422112534e-07 
 9.77237220955794764e+04 -3.06848628470661663e-07  1.71801767368430368e-07 
 9.99999999999983702e+04 -3.21237193053299461e-07  1.76675041886980744e-07 
 1.02329299228073738e+05 -3.36298258672829605e-07  1.81721747362235016e-07 
 1.04712854805088238e+05 -3.52063143762530515e-07  1.86950048928803422e-07 
 1.07151930523758885e+05 -3.68564618217294215e-07  1.92368588105398038e-07 
 1.09647819614316701e+05 -3.85836969787485931e-07  1.97986516917057111e-07 
 1.12201845430194502e+05 -4.03916073652663319e-07  2.03813531128568716e-07 
 1.14815362149686393e+05 -4.22839464604581103e-07  2.09859906929104647e-07 
 1.17489755493951030e+05 -4.42646412787097231e-07  2.16136539706560282e-07 
 1.20226443461739313e+05 -4.63378002637300829e-07  2.22654985940135503e-07 
 1.23026877081236133e+05 -4.85077214848249027e-07  2.29427508113254152e-07 
 1.25892541179414649e+05 -5.07789012660342319e-07  2.36467120387643498e-07 
 1.28824955169311273e+05 -5.31560430583783526e-07  2.43787644111819749e-07 
 1.31825673855638539e+05 -5.56440668367455081e-07  2.51403757319730385e-07 
 1.34896288259163121e+05 -5.82481187345053141e-07  2.59331058568541438e-07 
 1.38038426460286195e+05 -6.09735812335636654e-07  2.67586125239130055e-07 
 1.41253754462273093e+05 -6.38260836280075376e-07  2.76186583918076704e-07 
 1.44543977074590366e+05 -6.68115130749159712e-07  2.85151178331563391e-07 
 1.47910838816818286e+05 -6.99360259131418509e-07  2.94499851111838298e-07 
 1.51356124843618309e+05 -7.32060596014552076e-07  3.04253823731469158e-07 
 1.54881661891245574e+05 -7.66283450727359022e-07  3.14435682336363727e-07 
 1.58489319246108731e+05 -8.02099195295435200e-07  3.25069474873940308e-07 
 1.62181009735890315e+05 -8.39581398335145785e-07  3.36180810281053906e-07 
 1.65958690743753308e+05 -8.78806963543913645e-07  3.47796966822877351e-07 
 1.69824365246171597e+05 -9.19856273488186763e-07  3.59947006309431071e-07 
 1.73780082874934626e+05 -9.62813339286296414e-07  3.72661899140180786e-07 
 1.77827941003889282e+05 -1.00776595585585476e-06  3.85974652109601982e-07 
 1.81970085860995285e+05 -1.05480586233093316e-06  3.99920452843417859e-07 
 1.86208713666283613e+05 -1.10402890889094523e-06  4.14536819526585620e-07 
 1.90546071796321514e+05 -1.15553522957687728e-06  4.29863759563050795e-07 
 1.94984459975801234e+05 -1.20942942144133012e-06  4.45943942913541750e-07 
 1.99526231496884575e+05 -1.26582072802466500e-06  4.62822890302106436e-07 
 2.04173794466949475e+05 -1.32482323288971621e-06  4.80549159730996651e-07 
 2.08929613085400400e+05 -1.38655605525384744e-06  4.99174567492908787e-07 
 2.13796208950219559e+05 -1.45114355581207747e-06  5.18754404645009657e-07 
 2.18776162394951505e+05 -1.51871554581368052e-06  5.39347682194312354e-07 
 2.23872113856830110e+05 -1.58940750506302433e-06  5.61017382824735609e-07 
 2.29086765276773367e+05 -1.66336080533873466e-06  5.83830739162565569e-07 
 2.34422881531988183e+05 -1.74072293966905799e-06  6.07859524237495610e-07 
 2.39883291901944904e+05 -1.82164775939435332e-06  6.33180366578707587e-07 
 2.45470891568498802e+05 -1.90629571586677483e-06  6.59875081410567193e-07 
 2.51188643150953663e+05 -1.99483411029974782e-06  6.88031027364943319e-07 
 2.57039578276881919e+05 -2.08743734686788125e-06  7.17741491044852911e-07 
 2.63026799189533631e+05 -2.18428719300250088e-06  7.49106093998190560e-07 
 2.69153480392686906e+05 -2.28557304528389128e-06  7.82231223482470152e-07 
 2.75422870333811850e+05 -2.39149219860899950e-06  8.17230502589348889e-07 
 2.81838293126440491e+05 -2.50225012117949980e-06  8.54225281971950324e-07 
 2.88403150312655605e+05 -2.61806073290364719e-06  8.93345168363266951e-07 
 2.95120922666633443e+05 -2.73914668661657848e-06  9.34728594013755697e-07 
 3.01995172040196368e+05 -2.86573965025306675e-06  9.78523419722266653e-07 
 3.09029543251353665e+05 -2.99808059528282023e-06  1.02488757075229712e-06 
 3.16227766016832436e+05 -3.13642007864404864e-06  1.07398973100118111e-06 
 3.23593656929622637e+05 -3.28101852891499748e-06  1.12601007724501013e-06 
 3.31131121482585324e+05 -3.43214652968987768e-06  1.18114104949775314e-06 
 3.38844156139196653e+05 -3.59008509698972103e-06  1.23958819669851453e-06 
 3.46736850452525599e+05 -3.75512595249827387e-06  1.30157105766506602e-06 
 3.54813389233569265e+05 -3.92757178954315515e-06  1.36732411018552142e-06 
 3.63078054770094983e+05 -4.10773653023732405e-06  1.43709777886832096e-06 
 3.71535229097166040e+05 -4.29594556639394924e-06  1.51115951844998449e-06 
 3.80189396320554544e+05 -4.49253599132692632e-06  1.58979494754769828e-06 
 3.89045144994273782e+05 -4.69785680828689723e-06  1.67330907652166560e-06 
 3.98107170553490287e+05 -4.91226911793482543e-06  1.76202761240109639e-06 
 4.07380277804105601e+05 -5.13614628273328893e-06  1.85629833077187275e-06 
 4.16869383470328117e+05 -5.36987405839068776e-06  1.95649255882528679e-06 
 4.26579518801585189e+05 -5.61385068953714245e-06  2.06300673997321669e-06 
 4.36515832240158285e+05 -5.86848696628176906e-06  2.17626409670604645e-06 
 4.46683592150955228e+05 -6.13420623293967402e-06  2.29671641021903636e-06 
 4.57088189614866918e+05 -6.41144434118923727e-06  2.42484590422093132e-06 
 4.67735141287189908e+05 -6.70064954187921584e-06  2.56116724153885081e-06 
 4.78630092322629876e+05 -7.00228231010730918e-06  2.70622966232237423e-06 
 4.89778819368437515e+05 -7.31681508276973722e-06  2.86061923421020761e-06 
 5.01187233627263398e+05 -7.64473191445474000e-06  3.02496125239769837e-06 
 5.12861383991355775e+05 -7.98652802097001715e-06  3.19992278892291411e-06 
 5.24807460249763331e+05 -8.34270921573850415e-06  3.38621538834422423e-06 
 5.37031796370243188e+05 -8.71379121432494980e-06  3.58459791553589753e-06 
 5.49540873857614817e+05 -9.10029878546808149e-06  3.79587960083959436e-06 
 5.62341325190339121e+05 -9.50276474349524280e-06  4.02092323584547569e-06 
 5.75439937337146723e+05 -9.92172876431178601e-06  4.26064855908988966e-06 
 5.88843655355578521e+05 -1.03577359741695093e-05  4.51603584249301620e-06 
 6.02559586074347026e+05 -1.08113353258689350e-05  4.78812967675716743e-06 
 6.16595001861471217e+05 -1.12830777066230595e-05  5.07804295162003317e-06 
 6.30957344480182044e+05 -1.17735137642996552e-05  5.38696105917525592e-06 
 6.45654229034644086e+05 -1.22831913985698168e-05  5.71614632418510392e-06 
 6.60693448007584317e+05 -1.28126529051304396e-05  6.06694264569591284e-06 
 6.76082975391969783e+05 -1.33624317170963186e-05  6.44078036388074766e-06 
 6.91830970918924198e+05 -1.39330486902601760e-05  6.83918137346435339e-06 
 7.07945784384125262e+05 -1.45250078967884163e-05  7.26376445263955480e-06 
 7.24435960074977134e+05 -1.51387918738570037e-05  7.71625083066826650e-06 
 7.41310241300904308e+05 -1.57748562427715452e-05  8.19846995969810033e-06 
 7.58577575029170257e+05 -1.64336236621603164e-05  8.71236549194427326e-06 
 7.76247116628677933e+05 -1.71154770130112556e-05  9.26000148902202293e-06 
 7.94328234724267386e+05 -1.78207517467826709e-05  9.84356875965578386e-06 
 8.12830516164084780e+05 -1.85497273175845141e-05  1.04653913544688738e-05 
 8.31763771102656145e+05 -1.93026175829872178e-05  1.11279331654658323e-05 
 8.51138038202361204e+05 -2.00795600668301276e-05  1.18338045983362162e-05 
 8.70963589956064941e+05 -2.08806039930911374e-05  1.25857691933046983e-05 
 8.91250938133729389e+05 -2.17056969450219236e-05  1.33867502136395531e-05 
 9.12010839355893200e+05 -2.25546700291619830e-05  1.42398370151844869e-05 
 9.33254300796974101e+05 -2.34272213782977069e-05  1.51482911535785395e-05 
 9.54992586021418567e+05 -2.43228979091107847e-05  1.61155520234939435e-05 
 9.77237220955792814e+05 -2.52410750925402329e-05  1.71452419211500126e-05 
 9.99999999999981723e+05 -2.61809346562761724e-05  1.82411703145290852e-05 
 1.02329299228073540e+06 -2.71414399945337001e-05  1.94073369976202652e-05 
 1.04712854805088032e+06 -2.81213091830861470e-05  2.06479340175711519e-05 
 1.07151930523758661e+06 -2.91189853959224907e-05  2.19673458621485876e-05 
 1.09647819614316477e+06 -3.01326046117228859e-05  2.33701476505409787e-05 
 1.12201845430194261e+06 -3.11599604739305706e-05  2.48611007839940159e-05 
 1.14815362149686133e+06 -3.21984662013704556e-05  2.64451456365069588e-05 
 1.17489755493950751e+06 -3.32451135426216254e-05  2.81273905831711596e-05 
 1.20226443461739039e+06 -3.42964286872235824e-05  2.99130967908158710e-05 
 1.23026877081235847e+06 -3.53484253435371734e-05  3.18076579481571000e-05 
 1.25892541179414350e+06 -3.63965549902572915e-05  3.38165741297360449e-05 
 1.28824955169310956e+06 -3.74356547694289937e-05  3.59454188191699601e-05 
 1.31825673855638201e+06 -3.84598933015466515e-05  3.81997981363781195e-05 
 1.34896288259162800e+06 -3.94627151956199740e-05  4.05853011036419166e-05 
 1.38038426460285857e+06 -4.04367849546841010e-05  4.31074398659531222e-05 
 1.41253754462272744e+06 -4.13739315106100735e-05  4.57715786022274359e-05 
 1.44543977074589999e+06 -4.22650947186070720e-05  4.85828500265824098e-05 
 1.47910838816817920e+06 -4.31002755766009851e-05  5.15460582827091278e-05 
 1.51356124843617924e+06 -4.38684923432549654e-05  5.46655671671202276e-05 
 1.54881661891245167e+06 -4.45577451274497730e-05  5.79451729479383751e-05 
 1.58489319246108318e+06 -4.51549918708832665e-05  6.13879611222459590e-05 
 1.62181009735889896e+06 -4.56461393784102581e-05  6.49961470585126645e-05 
 1.65958690743752895e+06 -4.60160531471830465e-05  6.87709008968746723e-05 
 1.69824365246171178e+06 -4.62485904672592360e-05  7.27121578552292452e-05 
 1.73780082874934212e+06 -4.63266613462401042e-05  7.68184160684066384e-05 
 1.77827941003888869e+06 -4.62323221421906091e-05  8.10865248829956310e-05 
 1.81970085860994854e+06 -4.59469066556608710e-05  8.55114681734434013e-05 
 1.86208713666283176e+06 -4.54511992173521170e-05  9.00861483391800688e-05 
 1.90546071796321054e+06 -4.47256536354354798e-05  9.48011782073419386e-05 
 1.94984459975800780e+06 -4.37506607498110392e-05  9.96446897391436450e-05 
 1.99526231496884115e+06 -4.25068659457795693e-05  1.04602169824252560e-04 
 2.04173794466948998e+06 -4.09755357962300151e-05  1.09656334513452062e-04 
 2.08929613085399917e+06 -3.91389704173140143e-05  1.14787054420615716e-04 
 2.13796208950219071e+06 -3.69809553384939024e-05  1.19971343782606610e-04 
 2.18776162394951005e+06 -3.44872427889736759e-05  1.25183425677377039e-04 
 2.23872113856829610e+06 -3.16460493117285099e-05  1.30394884493071733e-04 
 2.29086765276772855e+06 -2.84485524730256978e-05  1.35574914161432466e-04 
 2.34422881531987665e+06 -2.48893667851404323e-05  1.40690667501482239e-04 
 2.39883291901944391e+06 -2.09669762711614082e-05  1.45707707148702651e-04 
 2.45470891568498267e+06 -1.66840999224758601e-05  1.50590553218661019e-04 
 2.51188643150953110e+06 -1.20479665274169883e-05  1.55303316742008110e-04 
 2.57039578276881343e+06 -7.07047735919188349e-06  1.59810401500219278e-04 
 2.63026799189533014e+06 -1.76823872482920517e-06  1.64077251097834794e-04 
 2.69153480392686278e+06  3.83754769083539311e-06  1.68071113181302435e-04 
 2.75422870333811222e+06  9.72134190454595251e-06  1.71761788913625139e-04 
 2.81838293126439815e+06  1.58536673488918241e-05  1.75122335108831900e-04 
 2.88403150312654907e+06  2.22016458743006699e-05  1.78129686504599710e-04 
 2.95120922666632757e+06  2.87296465818945410e-05  1.80765169620701323e-04 
 3.01995172040195670e+06  3.54000226409232344e-05  1.83014884904584402e-04 
 3.09029543251352943e+06  4.21739043204270926e-05  1.84869941060519951e-04 
 3.16227766016831668e+06  4.90120144458463112e-05  1.86326534121334053e-04 
 3.23593656929621845e+06  5.58754717750769406e-05  1.87385872462150386e-04 
 3.31131121482584532e+06  6.27265496901020797e-05  1.88053957198322378e-04 
 3.38844156139195804e+06  6.95293622030726879e-05  1.88341234903077883e-04 
 3.46736850452524750e+06  7.62504550844681801e-05  1.88262145047250843e-04 
 3.54813389233568404e+06  8.28592861827066564e-05  1.87834587946868875e-04 
 3.63078054770094110e+06  8.93285870492942495e-05  1.87079340961806602e-04 
 3.71535229097165121e+06  9.56346039212685028e-05  1.86019449777615864e-04 
 3.80189396320553590e+06  1.01757223096225706e-04  1.84679619924951798e-04 
 3.89045144994272804e+06  1.07679989666407619e-04  1.83085630150090460e-04 
 3.98107170553489262e+06  1.13390033205393442e-04  1.81263785174397263e-04 
 4.07380277804104565e+06  1.18877915300395312e-04  1.79240420950769168e-04 
 4.16869383470327035e+06  1.24137415546516651e-04  1.77041471116365227e-04 
 4.26579518801584095e+06  1.29165271993378193e-04  1.74692099091758291e-04 
 4.36515832240157202e+06  1.33960891340906572e-04  1.72216396945402755e-04 
 4.46683592150954157e+06  1.38526042540659805e-04  1.69637149101722114e-04 
 4.57088189614865836e+06  1.42864545379142326e-04  1.66975656747496453e-04 
 4.67735141287188791e+06  1.46981963907226790e-04  1.64251617417672486e-04 
 4.78630092322628666e+06  1.50885311745999095e-04  1.61483053177846484e-04 
 4.89778819368436281e+06  1.54582775329442797e-04  1.58686280498728904e-04 
 5.01187233627262153e+06  1.58083458249009564e-04  1.55875914920828858e-04 
 5.12861383991354518e+06  1.61397149406345097e-04  1.53064903865675757e-04 
 5.24807460249761958e+06  1.64534115550006067e-04  1.50264581509707733e-04 
 5.37031796370241791e+06  1.67504918311358285e-04  1.47484740320047859e-04 
 5.49540873857613374e+06  1.70320254984893506e-04  1.44733714458951363e-04 
 5.62341325190337654e+06  1.72990821684363192e-04  1.42018471077809270e-04 
 5.75439937337145209e+06  1.75527197186601223e-04  1.39344706152807302e-04 
 5.88843655355576985e+06  1.77939745669844154e-04  1.36716942273941813e-04 
 6.02559586074345466e+06  1.80238536387588796e-04  1.34138626138169750e-04 
 6.16595001861469541e+06  1.82433278278654914e-04  1.31612224297759483e-04 
 6.30957344480180275e+06  1.84533267784823358e-04  1.29139315931038259e-04 
 6.45654229034642223e+06  1.86547348033600543e-04  1.26720681827312580e-04 
 6.60693448007582407e+06  1.88483877889665102e-04  1.24356389088978267e-04 
 6.76082975391967874e+06  1.90350709300792084e-04  1.22045871291587870e-04 
 6.91830970918922219e+06  1.92155171933935953e-04  1.19788003946930130e-04 
 7.07945784384123329e+06  1.93904063703701770e-04  1.17581175347553668e-04 
 7.24435960074975155e+06  1.95603646451216319e-04  1.15423352928402035e-04 
 7.41310241300902236e+06  1.97259645971107147e-04  1.13312145297450722e-04 
 7.58577575029168092e+06  1.98877255580758163e-04  1.11244860208026847e-04 
 7.76247116628675628e+06  2.00461142845034009e-04  1.09218558742777560e-04 
 7.94328234724264964e+06  2.02015458952374799e-04  1.07230105897193739e-04 
 8.12830516164082289e+06  2.03543850289032122e-04  1.05276217930687995e-04 
 8.31763771102653630e+06  2.05049472173611524e-04  1.03353506567242212e-04 
 8.51138038202358596e+06  2.06535004216463618e-04  1.01458520441201098e-04 
 8.70963589956062287e+06  2.08002667477793352e-04  9.95877837509542125e-05 
 8.91250938133726642e+06  2.09454243003468941e-04  9.77378324634461612e-05 
 9.12010839355890453e+06  2.10891091812119347e-04  9.59052480903016362e-05 
 9.33254300796971284e+06  2.12314176280902135e-04  9.40866890766613656e-05 
 9.54992586021415703e+06  2.13724082742250567e-04  9.22789199404587166e-05 
 9.77237220955790021e+06  2.15121045275852541e-04  9.04788382051852297e-05 
 9.99999999999978766e+06  2.16504970790270992e-04  8.86834989162769895e-05 
 1.02329299228073228e+07  2.17875465066375950e-04  8.68901370019610622e-05 
 1.04712854805087708e+07  2.19231859893241859e-04  8.50961872094917508e-05 
 1.07151930523758344e+07  2.20573241128183017e-04  8.32993016328275237e-05 
 1.09647819614316151e+07  2.21898477566037330e-04  8.14973647644453832e-05 
 1.12201845430193935e+07  2.23206250473127120e-04  7.96885059568957647e-05 
 1.14815362149685808e+07  2.24495083640662170e-04  7.78711093001860762e-05 
 1.17489755493950434e+07  2.25763373808766059e-04  7.60438206777089266e-05 
 1.20226443461738713e+07  2.27009421182408036e-04  7.42055521421704028e-05 
 1.23026877081235517e+07  2.28231459877272809e-04  7.23554834014106100e-05 
 1.25892541179414019e+07  2.29427687945962604e-04  7.04930605797670913e-05 
 1.28824955169310626e+07  2.30596296925826224e-04  6.86179919778381122e-05 
 1.31825673855637871e+07  2.31735500377630718e-04  6.67302412219080012e-05 
 1.34896288259162456e+07  2.32843561338190875e-04  6.48300175578797795e-05 
 1.38038426460285503e+07  2.33918818270883240e-04  6.29177636953182957e-05 
 1.41253754462272376e+07  2.34959709342638906e-04  6.09941410948843172e-05 
 1.44543977074589618e+07  2.35964794694245813e-04  5.90600130712038893e-05 
 1.47910838816817533e+07  2.36932776495494207e-04  5.71164258728799163e-05 
 1.51356124843617529e+07  2.37862516595966180e-04  5.51645880052149354e-05 
 1.54881661891244762e+07  2.38753051519396465e-04  5.32058481620454286e-05 
 1.58489319246107899e+07  2.39603604786829818e-04  5.12416719802759004e-05 
 1.62181009735889453e+07  2.40413596376130531e-04  4.92736180849228029e-05 
 1.65958690743752439e+07  2.41182649340967141e-04  4.73033137540556183e-05 
 1.69824365246170722e+07  2.41910593619510013e-04  4.53324304601568102e-05 
 1.73780082874933742e+07  2.42597467068498347e-04  4.33626598906080476e-05 
 1.77827941003888398e+07  2.43243513972698605e-04  4.13956904236028711e-05 
 1.81970085860994384e+07  2.43849181044900943e-04  3.94331848109357607e-05 
 1.86208713666282669e+07  2.44415111372113568e-04  3.74767589053480606e-05 
 1.90546071796320528e+07  2.44942136436173395e-04  3.55279619520047267e-05 
 1.94984459975800253e+07  2.45431266631557872e-04  3.35882584210787908e-05 
 1.99526231496883593e+07  2.45883680558389988e-04  3.16590115395429516e-05 
 2.04173794466948472e+07  2.46300713479846516e-04  2.97414685092873743e-05 
 2.08929613085399382e+07  2.46683845272356107e-04  2.78367472362343914e-05 
 2.13796208950218521e+07  2.47034688104428234e-04  2.59458246051543311e-05 
 2.18776162394950464e+07  2.47354974189091027e-04  2.40695257916883013e-05 
 2.23872113856829032e+07  2.47646543683401272e-04  2.22085144997492873e-05 
 2.29086765276772268e+07  2.47911332800710078e-04  2.03632837332818457e-05 
 2.34422881531987041e+07  2.48151362125901425e-04  1.85341465824858572e-05 
 2.39883291901943758e+07  2.48368724866714129e-04  1.67212268262353775e-05 
 2.45470891568497606e+07  2.48565574720500428e-04  1.49244488817802634e-05 
 2.51188643150952458e+07  2.48744112849059377e-04  1.31435269079789244e-05 
 2.57039578276880682e+07  2.48906573310528464e-04  1.13779529537824772e-05 
 2.63026799189532362e+07  2.49055206208595426e-04  9.62698422299255411e-06 
 2.69153480392685607e+07  2.49192257729984078e-04  7.88962981956958189e-06 
 2.75422870333810523e+07  2.49319946251956581e-04  6.16463759811288539e-06 
 2.81838293126439117e+07  2.49440433802727000e-04  4.45048208557348717e-06 
 2.88403150312654190e+07  2.49555792341469554e-04  2.74535474103560889e-06 
 2.95120922666632012e+07  2.49667964626853621e-04  1.04715817221675848e-06 
 3.01995172040194906e+07  2.49778719920300870e-04 -6.46493858710127892e-07 
 3.09029543251352161e+07  2.49889605266592101e-04 -2.33826878807520380e-06 
 3.16227766016830876e+07  2.50001893723776430e-04 -4.03109789868960852e-06 
 3.23593656929621026e+07  2.50116531580810825e-04 -5.72814775268538672e-06 
 3.31131121482583694e+07  2.50234087180097725e-04 -7.43277901484143037e-06 
 3.38844156139194965e+07  2.50354704542747923e-04 -9.14849207977540309e-06 
 3.46736850452523902e+07  2.50478065357826244e-04 -1.08788596199034389e-05 
 3.54813389233567566e+07  2.50603363134964982e-04 -1.26274471902669398e-05 
 3.63078054770093262e+07  2.50729293267257475e-04 -1.43977240388510483e-05 
 3.71535229097164273e+07  2.50854062439833530e-04 -1.61929674535315049e-05 
 3.80189396320552751e+07  2.50975420174669704e-04 -1.80161650547811711e-05 
 3.89045144994271919e+07  2.51090714285270454e-04 -1.98699205380659456e-05 
 3.98107170553488359e+07  2.51196970694667792e-04 -2.17563691378667781e-05 
 4.07380277804103643e+07  2.51290996341434203e-04 -2.36771096572316293e-05 
 4.16869383470326066e+07  2.51369501973294134e-04 -2.56331599267502418e-05 
 4.26579518801583126e+07  2.51429239502802798e-04 -2.76249421718828482e-05 
 4.36515832240156233e+07  2.51467146409062455e-04 -2.96523035388816111e-05 
 4.46683592150953114e+07  2.51480487662390393e-04 -3.17145753207386219e-05 
 4.57088189614864811e+07  2.51466984019834902e-04 -3.38106715323732571e-05 
 4.67735141287187710e+07  2.51424914657376948e-04 -3.59392242829250865e-05 
 4.78630092322627604e+07  2.51353182373967061e-04 -3.80987491075943422e-05 
 4.89778819368435219e+07  2.51251331362169715e-04 -4.02878292664599668e-05 
 5.01187233627261072e+07  2.51119511087042051e-04 -4.25053042582595786e-05 
 5.12861383991353363e+07  2.50958385016413518e-04 -4.47504450218843506e-05 
 5.24807460249760821e+07  2.50768989346050514e-04 -4.70230980037139836e-05 
 5.37031796370240673e+07  2.50552553456601860e-04 -4.93237823162676430e-05 
 5.49540873857612163e+07  2.50310299390335013e-04 -5.16537292546516625e-05 
 5.62341325190336406e+07  2.50043240827497624e-04 -5.40148604382766198e-05 
 5.75439937337143943e+07  2.49752002025011455e-04 -5.64097088865687029e-05 
 5.88843655355575681e+07  2.49436673790554345e-04 -5.88412946335720036e-05 
 6.02559586074344143e+07  2.49096717572343967e-04 -6.13129715374454489e-05 
 6.16595001861468256e+07  2.48730921279759036e-04 -6.38282640878999987e-05 
 6.30957344480179027e+07  2.48337403396409271e-04 -6.63907117369472849e-05 
 6.45654229034640938e+07  2.47913656265417765e-04 -6.90037345558110508e-05 
 6.60693448007581085e+07  2.47456616280198704e-04 -7.16705288099164388e-05 
 6.76082975391966552e+07  2.46962747886945934e-04 -7.43939955652152593e-05 
 6.91830970918920934e+07  2.46428129636054962e-04 -7.71767008133320974e-05 
 7.07945784384122044e+07  2.45848533074226100e-04 -8.00208622522494009e-05 
 7.24435960074973851e+07  2.45219488408147176e-04 -8.29283560772686392e-05 
 7.41310241300900877e+07  2.44536333865182358e-04 -8.59007366850633757e-05 
 7.58577575029166788e+07  2.43794248176621862e-04 -8.89392626983007720e-05 
 7.76247116628674269e+07  2.42988267398542299e-04 -9.20449238102520389e-05 
 7.94328234724263549e+07  2.42113288403134806e-04 -9.52184643166867112e-05 
 8.12830516164080799e+07  2.41164061876712342e-04 -9.84604004556404795e-05 
 8.31763771102652103e+07  2.40135177790160107e-04 -1.01771029850603541e-04 
 8.51138038202357143e+07  2.39021046074955822e-04 -1.05150432241442164e-04 
 8.70963589956060797e+07  2.37815874962215499e-04 -1.08598461302465268e-04 
 8.91250938133725226e+07  2.36513649036931720e-04 -1.12114727837772451e-04 
 9.12010839355888963e+07  2.35108108701775214e-04 -1.15698574837070430e-04 
 9.33254300796969682e+07  2.33592732429873745e-04 -1.19349045060843334e-04 
 9.54992586021414101e+07  2.31960722937676406e-04 -1.23064841850043357e-04 
 9.77237220955788344e+07  2.30204998221175553e-04 -1.26844283842031646e-04 
 9.99999999999977052e+07  2.28318188269262083e-04 -1.30685254313222296e-04 
 1.02329299228073061e+08  2.26292638205456969e-04 -1.34585145785262849e-04 
 1.04712854805087537e+08  2.24120418547397603e-04 -1.38540800577018021e-04 
 1.07151930523758158e+08  2.21793343300693831e-04 -1.42548447992978778e-04 
 1.09647819614315957e+08  2.19302996547523832e-04 -1.46603638856926893e-04 
 1.12201845430193737e+08  2.16640768303841052e-04 -1.50701178219871850e-04 
 1.14815362149685606e+08  2.13797900273890240e-04 -1.54835057137238982e-04 
 1.17489755493950218e+08  2.10765542292379912e-04 -1.58998384548724743e-04 
 1.20226443461738482e+08  2.07534820063198333e-04 -1.63183320491534529e-04 
 1.23026877081235275e+08  2.04096914857039129e-04 -1.67381011985949833e-04 
 1.25892541179413766e+08  2.00443155660619694e-04 -1.71581533210624304e-04 
 1.28824955169310361e+08  1.96565124149839768e-04 -1.75773831722700070e-04 
 1.31825673855637595e+08  1.92454772686478248e-04 -1.79945682749720000e-04 
 1.34896288259162158e+08  1.88104555239599171e-04 -1.84083653733220639e-04 
 1.38038426460285217e+08  1.83507570862286739e-04 -1.88173081516514949e-04 
 1.41253754462272078e+08  1.78657718953082622e-04 -1.92198064700949275e-04 
 1.44543977074589312e+08  1.73549865109634809e-04 -1.96141473809813288e-04 
 1.47910838816817224e+08  1.68180015856413410e-04 -1.99984981892325180e-04 
 1.51356124843617201e+08  1.62545500025347160e-04 -2.03709118189232324e-04 
 1.54881661891244441e+08  1.56645153941139392e-04 -2.07293347278297450e-04 
 1.58489319246107578e+08  1.50479506991301691e-04 -2.10716175850825065e-04 
 1.62181009735889137e+08  1.44050963548630266e-04 -2.13955288857408120e-04 
 1.65958690743752122e+08  1.37363976663664106e-04 -2.16987716173854217e-04 
 1.69824365246170402e+08  1.30425208455185661e-04 -2.19790030263321425e-04 
 1.73780082874933422e+08  1.23243671717015329e-04 -2.22338574392943837e-04 
 1.77827941003888041e+08  1.15830847072547001e-04 -2.24609720031717616e-04 
 1.81970085860994011e+08  1.08200769909678451e-04 -2.26580150938495930e-04 
 1.86208713666282296e+08  1.00370081520793618e-04 -2.28227170249253750e-04 
 1.90546071796320170e+08  9.23580393071776290e-05 -2.29529025754986377e-04 
 1.94984459975799859e+08  8.41864815517602018e-05 -2.30465247323454478e-04 
 1.99526231496883184e+08  7.58797432912995321e-05 -2.31016989428268197e-04 
 2.04173794466948032e+08  6.74645209526968234e-05 -2.31167370794295663e-04 
 2.08929613085398912e+08  5.89696849681629906e-05 -2.30901802570255199e-04 
 2.13796208950218052e+08  5.04260411204757121e-05 -2.30208296008016793e-04 
 2.18776162394949973e+08  4.18660431779546084e-05 -2.29077740666832691e-04 
 2.23872113856828541e+08  3.33234611172306681e-05 -2.27504144466167364e-04 
 2.29086765276771754e+08  2.48330109773425947e-05 -2.25484827699782138e-04 
 2.34422881531986535e+08  1.64299539171203209e-05 -2.23020564208303683e-04 
 2.39883291901943237e+08  8.14967340752927941e-06 -2.20115664423426084e-04 
 2.45470891568497092e+08  2.72404516516478764e-08 -2.16777996668641337e-04 
 2.51188643150951922e+08 -7.90302265721924760e-06 -2.13018945120382468e-04 
 2.57039578276880145e+08 -1.56079693628993727e-05 -2.08853304829059565e-04 
 2.63026799189531803e+08 -2.30560362229357574e-05 -2.04299116224617594e-04 
 2.69153480392684996e+08 -3.02176209430111127e-05 -1.99377443509926388e-04 
 2.75422870333809912e+08 -3.70654224197363750e-05 -1.94112103005983030e-04 
 2.81838293126438498e+08 -4.35747355746954668e-05 -1.88529348983554616e-04 
 2.88403150312653542e+08 -4.97236953919345039e-05 -1.82657525549135755e-04 
 2.95120922666631341e+08 -5.54934664032874500e-05 -1.76526693894770754e-04 
 3.01995172040194213e+08 -6.08683756566027017e-05 -1.70168244436424688e-04 
 3.09029543251351476e+08 -6.58359890664015024e-05 -1.63614503328770125e-04 
 3.16227766016830146e+08 -7.03871326803081081e-05 -1.56898342333655687e-04 
 3.23593656929620266e+08 -7.45158619021937953e-05 -1.50052800294949552e-04 
 3.31131121482582927e+08 -7.82193829352620227e-05 -1.43110723456162033e-04 
 3.38844156139194191e+08 -8.14979316894378486e-05 -1.36104430711972202e-04 
 3.46736850452523053e+08 -8.43546160525919953e-05 -1.29065408611524836e-04 
 3.54813389233566642e+08 -8.67952278236600006e-05 -1.22024039662645370e-04 
 3.63078054770092309e+08 -8.88280307580020318e-05 -1.15009366226539352e-04 
 3.71535229097163260e+08 -9.04635310130190017e-05 -1.08048891112696335e-04 
 3.80189396320551693e+08 -9.17142360609517069e-05 -1.01168414949690444e-04 
 3.89045144994270861e+08 -9.25944076169450003e-05 -9.43919094757808303e-05 
 3.98107170553487301e+08 -9.31198136150869249e-05 -8.77414251514153199e-05 
 4.07380277804102540e+08 -9.33074836078633834e-05 -8.12370309016364421e-05 
 4.16869383470324934e+08 -9.31754713095251004e-05 -7.48967833533560140e-05 
 4.26579518801581919e+08 -9.27426273221308202e-05 -6.87367226507027199e-05 
 4.36515832240154982e+08 -9.20283844522903769e-05 -6.27708917625480119e-05 
 4.46683592150951862e+08 -9.10525573974843783e-05 -5.70113761517755601e-05 
 4.57088189614863515e+08 -8.98351580386023155e-05 -5.14683607176222378e-05 
 4.67735141287186384e+08 -8.83962270777465247e-05 -4.61502010429124511e-05 
 4.78630092322626233e+08 -8.67556823435450345e-05 -4.10635061433114768e-05 
 4.89778819368433774e+08 -8.49331837084156077e-05 -3.62132301390175304e-05 
 5.01187233627259552e+08 -8.29480142957669824e-05 -3.16027704923438091e-05 
 5.12861383991351783e+08 -8.08189773945034373e-05 -2.72340707154258285e-05 
 5.24807460249759197e+08 -7.85643083399868188e-05 -2.31077256949163034e-05 
 5.37031796370239019e+08 -7.62016004786124422e-05 -1.92230880343392945e-05 
 5.49540873857610464e+08 -7.37477442575428129e-05 -1.55783740407932748e-05 
 5.62341325190334678e+08 -7.12188784162526815e-05 -1.21707682167408873e-05 
 5.75439937337142229e+08 -6.86303522490138915e-05 -8.99652530650684870e-06 
 5.88843655355573893e+08 -6.59966978996504879e-05 -6.05106914291633427e-06 
 6.02559586074342251e+08 -6.33316116772678989e-05 -3.32908769727007240e-06 
 6.16595001861466289e+08 -6.06479434153360498e-05 -8.24623886404440600e-07 
 6.30957344480176926e+08 -5.79576929447476105e-05  1.46883818826840934e-06 
 6.45654229034638762e+08 -5.52720128047010068e-05  3.55829177719199951e-06 
 6.60693448007578850e+08 -5.26012163758172202e-05  5.45113091815773270e-06 
 6.76082975391964197e+08 -4.99547906808635864e-05  7.15507880722658152e-06 
 6.91830970918918490e+08 -4.73414131619260173e-05  8.67812108291000223e-06 
 7.07945784384119511e+08 -4.47689718055173876e-05  1.00284439465721982e-05 
 7.24435960074971199e+08 -4.22445880470020404e-05  1.12143769960142282e-05 
 7.41310241300898194e+08 -3.97746419462444959e-05  1.22443406251706883e-05 
 7.58577575029163957e+08 -3.73647991802995711e-05  1.31267978065987415e-05 
 7.76247116628671408e+08 -3.50200394529764084e-05  1.38702100680952559e-05 
 7.94328234724260688e+08 -3.27446859691256695e-05  1.44829974518122312e-05 
 8.12830516164077878e+08 -3.05424356671430002e-05  1.49735022479446671e-05 
 8.31763771102649093e+08 -2.84163899448050162e-05  1.53499562848379288e-05 
 8.51138038202354074e+08 -2.63690856504793248e-05  1.56204515653676887e-05 
 8.70963589956057668e+08 -2.44025261463654705e-05  1.57929140399080327e-05 
 8.91250938133721948e+08 -2.25182122800491672e-05  1.58750803155493531e-05 
 9.12010839355885625e+08 -2.07171731275167800e-05  1.58744771081878446e-05 
 9.33254300796966314e+08 -1.89999963938485179e-05  1.57984032560414269e-05 
 9.54992586021410584e+08 -1.73668583776416332e-05  1.56539141229654477e-05 
 9.77237220955784678e+08 -1.58175534229376593e-05  1.54478082307802996e-05 
 9.99999999999973416e+08 -1.43515227949733688e-05  1.51866159742637730e-05 
